 [6.9230769230769216, 10.461538461538458, 10.923076923076918, 16.461538461538453]  
 [38.127, 44.264, 45.064, 54.688]  
 [38.662, 44.797, 55.222]  
 [4.615384615384615, 9.6923076923076881, 14.923076923076916, 16.153846153846146]  
 [61.91, 70.716, 79.791, 81.941]  
 [61.376, 62.444, 71.25, 80.326, 82.342]  
 [4.3076923076923075, 9.0769230769230731, 15.07692307692307, 19.846153846153832]  
 [89.165, 97.436, 107.863, 116.133]  
 [89.165, 90.098, 97.97, 108.397]  
 [6.9230769230769216, 10.615384615384611, 13.538461538461533, 19.230769230769219]  
 [121.486, 127.892, 132.963, 142.835]  
 [116.683, 122.42, 128.692, 133.498, 142.168, 143.503]  
 [4.0, 7.9999999999999973, 13.230769230769225, 19.846153846153832]  
 [144.181, 151.143, 160.232, 171.743]  
 [151.68, 160.899]  
 [7.3846153846153824, 10.307692307692303, 12.923076923076918, 13.84615384615384]  
 [177.928, 183.015, 187.551, 189.156]  
 [172.292, 178.596, 183.949, 188.221]  
 [7.3846153846153824, 12.923076923076918, 15.692307692307685, 16.153846153846146]  
 [205.764, 215.413, 220.278, 221.079]  
 [206.298, 220.813]  
 [4.7692307692307692, 5.3846153846153841, 15.538461538461531, 18.769230769230759]  
 [229.151, 230.219, 248.03, 253.7]  
 [228.349, 229.685, 248.699, 254.505]  
 [12.307692307692303, 13.076923076923071, 15.999999999999993, 16.923076923076913]  
 [270.414, 271.763, 276.887, 278.534]  
 [272.301, 277.438]  
 [5.8461538461538449, 6.4615384615384599, 10.923076923076918, 13.999999999999993]  
 [287.19, 288.261, 296.085, 301.488]  
 [287.995, 302.039]  
