 32.891    32.891  
 0.0    32.907  
 4.0    33.041  
 0.0    33.175  
 4.15384615385    33.308  
 0.0    33.441  
 4.30769230769    33.575  
 0.0    33.709  
 4.46153846154    33.842  
 0.0    33.975  
 4.61538461538    34.109  
 0.0    34.242  
 4.76923076923    34.375  
 0.0    34.509  
 4.92307692308    34.642  
 0.0    34.777  
 5.07692307692    34.91  
 0.0    35.043  
 5.23076923077    35.176  
 0.0    35.31  
 5.38461538462    35.443  
 0.0    35.577  
 5.53846153846    35.711  
 0.0    35.844  
 5.69230769231    35.978  
 0.0    36.111  
 5.84615384615    36.245  
 0.0    36.381  
 6.0    36.527  
 0.0    36.66  
 6.15384615385    36.794  
 0.0    36.928  
 6.30769230769    37.061  
 0.0    37.194  
 6.46153846154    37.327  
 0.0    37.462  
 6.61538461538    37.595  
 0.0    37.729  
 6.76923076923    37.861  
 0.0    37.995  
 6.92307692308    38.129  
 0.0    38.263  
 7.07692307692    38.396  
 0.0    38.53  
 7.23076923077    38.664  
 0.0    38.797  
 7.38461538462    38.932  
 0.0    39.065  
 7.53846153846    39.198  
 0.0    39.331  
 7.69230769231    39.464  
 0.0    39.597  
 7.84615384615    39.731  
 0.0    39.864  
 8.0    39.996  
 0.0    40.13  
 8.15384615385    40.263  
 0.0    40.397  
 8.30769230769    40.53  
 0.0    40.663  
 8.46153846154    40.797  
 0.0    40.93  
 8.61538461538    41.063  
 0.0    41.197  
 8.76923076923    41.33  
 0.0    41.464  
 8.92307692308    41.597  
 0.0    41.731  
 9.07692307692    41.864  
 0.0    41.998  
 9.23076923077    42.131  
 0.0    42.265  
 9.38461538462    42.398  
 0.0    42.531  
 9.53846153846    42.665  
 0.0    42.798  
 9.69230769231    42.931  
 0.0    43.065  
 9.84615384615    43.198  
 0.0    43.332  
 10.0    43.465  
 0.0    43.599  
 10.1538461538    43.732  
 0.0    43.866  
 10.3076923077    43.999  
 0.0    44.133  
 10.4615384615    44.266  
 0.0    44.399  
 10.6153846154    44.533  
 0.0    44.666  
 10.7692307692    44.799  
 0.0    44.933  
 10.9230769231    45.066  
 0.0    45.201  
 11.0769230769    45.334  
 0.0    45.467  
 11.2307692308    45.6  
 0.0    45.734  
 11.3846153846    45.867  
 0.0    46.001  
 11.5384615385    46.134  
 0.0    46.268  
 11.6923076923    46.402  
 0.0    46.535  
 11.8461538462    46.671  
 0.0    46.804  
 12.0    46.937  
 0.0    47.07  
 12.1538461538    47.203  
 0.0    47.336  
 12.3076923077    47.469  
 0.0    47.602  
 12.4615384615    47.735  
 0.0    47.869  
 12.6153846154    48.002  
 0.0    48.136  
 12.7692307692    48.27  
 0.0    48.403  
 12.9230769231    48.536  
 0.0    48.67  
 13.0769230769    48.804  
 0.0    48.937  
 13.2307692308    49.07  
 0.0    49.203  
 13.3846153846    49.337  
 0.0    49.47  
 13.5384615385    49.603  
 0.0    49.737  
 13.6923076923    49.875  
 0.0    50.02  
 13.8461538462    50.154  
 0.0    50.287  
 14.0    50.421  
 0.0    50.554  
 14.1538461538    50.687  
 0.0    50.821  
 14.3076923077    50.955  
 0.0    51.087  
 14.4615384615    51.221  
 0.0    51.354  
 14.6153846154    51.488  
 0.0    51.621  
 14.7692307692    51.755  
 0.0    51.888  
 14.9230769231    52.022  
 0.0    52.155  
 15.0769230769    52.289  
 0.0    52.422  
 15.2307692308    52.555  
 0.0    52.689  
 15.3846153846    52.822  
 0.0    52.956  
 15.5384615385    53.089  
 0.0    53.222  
 15.6923076923    53.356  
 0.0    53.489  
 15.8461538462    53.623  
 0.0    53.756  
 16.0    53.89  
 0.0    54.023  
 16.1538461538    54.157  
 0.0    54.29  
 16.3076923077    54.423  
 0.0    54.557  
 16.4615384615    54.69  
 0.0    54.824  
 16.6153846154    54.957  
 0.0    55.091  
 16.7692307692    55.224  
 0.0    55.357  
 16.9230769231    55.491  
 0.0    55.624  
 17.0769230769    55.758  
 0.0    55.891  
 17.2307692308    56.025  
 0.0    56.158  
 17.3846153846    56.292  
 0.0    56.425  
 17.5384615385    56.558  
 0.0    56.692  
 17.6923076923    56.825  
 0.0    56.959  
 17.8461538462    57.092  
 0.0    57.225  
 18.0    57.359  
 0.0    57.493  
 18.1538461538    57.626  
 0.0    57.759  
 18.3076923077    57.893  
 0.0    58.026  
 18.4615384615    58.16  
 0.0    58.293  
 18.6153846154    58.427  
 0.0    58.56  
 18.7692307692    58.693  
 0.0    58.827  
 18.9230769231    58.96  
 0.0    59.093  
 19.0769230769    59.227  
 0.0    59.361  
 19.2307692308    59.494  
 0.0    59.628  
 19.3846153846    59.762  
 0.0    59.895  
 19.5384615385    60.028  
 0.0    60.161  
 19.6923076923    60.294  
 0.0    60.428  
 19.8461538462    60.561  
 0.0    60.705  
 4.0    60.844  
 0.0    60.978  
 4.15384615385    61.112  
 0.0    61.245  
 4.30769230769    61.378  
 0.0    61.511  
 4.46153846154    61.645  
 0.0    61.779  
 4.61538461538    61.912  
 0.0    62.046  
 4.76923076923    62.179  
 0.0    62.313  
 4.92307692308    62.446  
 0.0    62.579  
 5.07692307692    62.713  
 0.0    62.846  
 5.23076923077    62.98  
 0.0    63.113  
 5.38461538462    63.246  
 0.0    63.38  
 5.53846153846    63.513  
 0.0    63.647  
 5.69230769231    63.78  
 0.0    63.914  
 5.84615384615    64.047  
 0.0    64.181  
 6.0    64.314  
 0.0    64.447  
 6.15384615385    64.581  
 0.0    64.714  
 6.30769230769    64.848  
 0.0    64.981  
 6.46153846154    65.114  
 0.0    65.248  
 6.61538461538    65.381  
 0.0    65.515  
 6.76923076923    65.648  
 0.0    65.782  
 6.92307692308    65.915  
 0.0    66.048  
 7.07692307692    66.182  
 0.0    66.315  
 7.23076923077    66.449  
 0.0    66.582  
 7.38461538462    66.716  
 0.0    66.849  
 7.53846153846    66.982  
 0.0    67.116  
 7.69230769231    67.249  
 0.0    67.383  
 7.84615384615    67.517  
 0.0    67.651  
 8.0    67.784  
 0.0    67.917  
 8.15384615385    68.05  
 0.0    68.183  
 8.30769230769    68.317  
 0.0    68.453  
 8.46153846154    68.586  
 0.0    68.719  
 8.61538461538    68.852  
 0.0    68.985  
 8.76923076923    69.117  
 0.0    69.251  
 8.92307692308    69.384  
 0.0    69.518  
 9.07692307692    69.651  
 0.0    69.785  
 9.23076923077    69.918  
 0.0    70.051  
 9.38461538462    70.185  
 0.0    70.318  
 9.53846153846    70.452  
 0.0    70.585  
 9.69230769231    70.719  
 0.0    70.853  
 9.84615384615    70.985  
 0.0    71.119  
 10.0    71.252  
 0.0    71.386  
 10.1538461538    71.519  
 0.0    71.652  
 10.3076923077    71.786  
 0.0    71.919  
 10.4615384615    72.053  
 0.0    72.186  
 10.6153846154    72.32  
 0.0    72.453  
 10.7692307692    72.587  
 0.0    72.72  
 10.9230769231    72.853  
 0.0    72.987  
 11.0769230769    73.12  
 0.0    73.254  
 11.2307692308    73.387  
 0.0    73.521  
 11.3846153846    73.654  
 0.0    73.787  
 11.5384615385    73.921  
 0.0    74.054  
 11.6923076923    74.188  
 0.0    74.321  
 11.8461538462    74.455  
 0.0    74.588  
 12.0    74.722  
 0.0    74.855  
 12.1538461538    74.989  
 0.0    75.122  
 12.3076923077    75.255  
 0.0    75.389  
 12.4615384615    75.522  
 0.0    75.655  
 12.6153846154    75.789  
 0.0    75.922  
 12.7692307692    76.056  
 0.0    76.189  
 12.9230769231    76.323  
 0.0    76.456  
 13.0769230769    76.589  
 0.0    76.722  
 13.2307692308    76.857  
 0.0    76.99  
 13.3846153846    77.123  
 0.0    77.256  
 13.5384615385    77.39  
 0.0    77.524  
 13.6923076923    77.657  
 0.0    77.792  
 13.8461538462    77.925  
 0.0    78.058  
 14.0    78.192  
 0.0    78.325  
 14.1538461538    78.458  
 0.0    78.591  
 14.3076923077    78.725  
 0.0    78.859  
 14.4615384615    78.992  
 0.0    79.125  
 14.6153846154    79.259  
 0.0    79.392  
 14.7692307692    79.526  
 0.0    79.659  
 14.9230769231    79.793  
 0.0    79.927  
 15.0769230769    80.061  
 0.0    80.195  
 15.2307692308    80.328  
 0.0    80.462  
 15.3846153846    80.596  
 0.0    80.729  
 15.5384615385    80.864  
 0.0    81.009  
 15.6923076923    81.143  
 0.0    81.277  
 15.8461538462    81.41  
 0.0    81.543  
 16.0    81.677  
 0.0    81.81  
 16.1538461538    81.944  
 0.0    82.077  
 16.3076923077    82.21  
 0.0    82.344  
 16.4615384615    82.477  
 0.0    82.611  
 16.6153846154    82.744  
 0.0    82.877  
 16.7692307692    83.011  
 0.0    83.144  
 16.9230769231    83.278  
 0.0    83.411  
 17.0769230769    83.545  
 0.0    83.678  
 17.2307692308    83.812  
 0.0    83.945  
 17.3846153846    84.079  
 0.0    84.213  
 17.5384615385    84.346  
 0.0    84.48  
 17.6923076923    84.613  
 0.0    84.746  
 17.8461538462    84.88  
 0.0    85.014  
 18.0    85.148  
 0.0    85.281  
 18.1538461538    85.415  
 0.0    85.548  
 18.3076923077    85.682  
 0.0    85.815  
 18.4615384615    85.949  
 0.0    86.082  
 18.6153846154    86.215  
 0.0    86.349  
 18.7692307692    86.482  
 0.0    86.615  
 18.9230769231    86.749  
 0.0    86.882  
 19.0769230769    87.016  
 0.0    87.149  
 19.2307692308    87.282  
 0.0    87.416  
 19.3846153846    87.55  
 0.0    87.684  
 19.5384615385    87.818  
 0.0    87.951  
 19.6923076923    88.084  
 0.0    88.218  
 19.8461538462    88.352  
 0.0    88.498  
 4.0    88.632  
 0.0    88.766  
 4.15384615385    88.899  
 0.0    89.032  
 4.30769230769    89.167  
 0.0    89.3  
 4.46153846154    89.434  
 0.0    89.567  
 4.61538461538    89.7  
 0.0    89.834  
 4.76923076923    89.967  
 0.0    90.1  
 4.92307692308    90.233  
 0.0    90.366  
 5.07692307692    90.5  
 0.0    90.633  
 5.23076923077    90.766  
 0.0    90.901  
 5.38461538462    91.034  
 0.0    91.167  
 5.53846153846    91.3  
 0.0    91.434  
 5.69230769231    91.567  
 0.0    91.701  
 5.84615384615    91.834  
 0.0    91.967  
 6.0    92.101  
 0.0    92.234  
 6.15384615385    92.368  
 0.0    92.501  
 6.30769230769    92.635  
 0.0    92.768  
 6.46153846154    92.901  
 0.0    93.035  
 6.61538461538    93.168  
 0.0    93.302  
 6.76923076923    93.435  
 0.0    93.569  
 6.92307692308    93.702  
 0.0    93.835  
 7.07692307692    93.969  
 0.0    94.102  
 7.23076923077    94.236  
 0.0    94.369  
 7.38461538462    94.502  
 0.0    94.636  
 7.53846153846    94.772  
 0.0    94.905  
 7.69230769231    95.038  
 0.0    95.171  
 7.84615384615    95.304  
 0.0    95.437  
 8.0    95.57  
 0.0    95.703  
 8.15384615385    95.837  
 0.0    95.97  
 8.30769230769    96.104  
 0.0    96.237  
 8.46153846154    96.37  
 0.0    96.504  
 8.61538461538    96.637  
 0.0    96.771  
 8.76923076923    96.904  
 0.0    97.038  
 8.92307692308    97.171  
 0.0    97.304  
 9.07692307692    97.438  
 0.0    97.572  
 9.23076923077    97.705  
 0.0    97.839  
 9.38461538462    97.972  
 0.0    98.105  
 9.53846153846    98.239  
 0.0    98.372  
 9.69230769231    98.506  
 0.0    98.639  
 9.84615384615    98.772  
 0.0    98.906  
 10.0    99.039  
 0.0    99.173  
 10.1538461538    99.306  
 0.0    99.441  
 10.3076923077    99.574  
 0.0    99.707  
 10.4615384615    99.84  
 0.0    99.973  
 10.6153846154    100.107  
 0.0    100.24  
 10.7692307692    100.373  
 0.0    100.507  
 10.9230769231    100.64  
 0.0    100.774  
 11.0769230769    100.908  
 0.0    101.041  
 11.2307692308    101.174  
 0.0    101.308  
 11.3846153846    101.441  
 0.0    101.574  
 11.5384615385    101.708  
 0.0    101.841  
 11.6923076923    101.975  
 0.0    102.108  
 11.8461538462    102.242  
 0.0    102.375  
 12.0    102.508  
 0.0    102.642  
 12.1538461538    102.775  
 0.0    102.909  
 12.3076923077    103.044  
 0.0    103.177  
 12.4615384615    103.31  
 0.0    103.444  
 12.6153846154    103.577  
 0.0    103.71  
 12.7692307692    103.844  
 0.0    103.977  
 12.9230769231    104.11  
 0.0    104.244  
 13.0769230769    104.377  
 0.0    104.51  
 13.2307692308    104.644  
 0.0    104.777  
 13.3846153846    104.911  
 0.0    105.045  
 13.5384615385    105.178  
 0.0    105.311  
 13.6923076923    105.445  
 0.0    105.578  
 13.8461538462    105.712  
 0.0    105.845  
 14.0    105.98  
 0.0    106.114  
 14.1538461538    106.248  
 0.0    106.384  
 14.3076923077    106.527  
 0.0    106.661  
 14.4615384615    106.795  
 0.0    106.928  
 14.6153846154    107.063  
 0.0    107.198  
 14.7692307692    107.332  
 0.0    107.465  
 14.9230769231    107.599  
 0.0    107.732  
 15.0769230769    107.865  
 0.0    107.998  
 15.2307692308    108.131  
 0.0    108.265  
 15.3846153846    108.399  
 0.0    108.533  
 15.5384615385    108.666  
 0.0    108.8  
 15.6923076923    108.933  
 0.0    109.066  
 15.8461538462    109.2  
 0.0    109.333  
 16.0    109.466  
 0.0    109.599  
 16.1538461538    109.733  
 0.0    109.866  
 16.3076923077    110.0  
 0.0    110.132  
 16.4615384615    110.266  
 0.0    110.399  
 16.6153846154    110.532  
 0.0    110.665  
 16.7692307692    110.798  
 0.0    110.932  
 16.9230769231    111.065  
 0.0    111.198  
 17.0769230769    111.331  
 0.0    111.465  
 17.2307692308    111.598  
 0.0    111.732  
 17.3846153846    111.866  
 0.0    111.999  
 17.5384615385    112.133  
 0.0    112.266  
 17.6923076923    112.399  
 0.0    112.532  
 17.8461538462    112.666  
 0.0    112.799  
 18.0    112.933  
 0.0    113.066  
 18.1538461538    113.2  
 0.0    113.333  
 18.3076923077    113.466  
 0.0    113.6  
 18.4615384615    113.733  
 0.0    113.866  
 18.6153846154    114.0  
 0.0    114.133  
 18.7692307692    114.268  
 0.0    114.401  
 18.9230769231    114.534  
 0.0    114.668  
 19.0769230769    114.801  
 0.0    114.934  
 19.2307692308    115.068  
 0.0    115.201  
 19.3846153846    115.335  
 0.0    115.468  
 19.5384615385    115.601  
 0.0    115.734  
 19.6923076923    115.868  
 0.0    116.001  
 19.8461538462    116.135  
 0.0    116.277  
 4.0    116.417  
 0.0    116.551  
 4.15384615385    116.685  
 0.0    116.818  
 4.30769230769    116.952  
 0.0    117.085  
 4.46153846154    117.219  
 0.0    117.352  
 4.61538461538    117.486  
 0.0    117.62  
 4.76923076923    117.753  
 0.0    117.886  
 4.92307692308    118.02  
 0.0    118.153  
 5.07692307692    118.286  
 0.0    118.419  
 5.23076923077    118.553  
 0.0    118.687  
 5.38461538462    118.82  
 0.0    118.953  
 5.53846153846    119.087  
 0.0    119.22  
 5.69230769231    119.354  
 0.0    119.487  
 5.84615384615    119.621  
 0.0    119.754  
 6.0    119.888  
 0.0    120.021  
 6.15384615385    120.154  
 0.0    120.287  
 6.30769230769    120.421  
 0.0    120.554  
 6.46153846154    120.688  
 0.0    120.821  
 6.61538461538    120.956  
 0.0    121.089  
 6.76923076923    121.222  
 0.0    121.355  
 6.92307692308    121.489  
 0.0    121.622  
 7.07692307692    121.756  
 0.0    121.889  
 7.23076923077    122.022  
 0.0    122.156  
 7.38461538462    122.289  
 0.0    122.423  
 7.53846153846    122.556  
 0.0    122.689  
 7.69230769231    122.823  
 0.0    122.956  
 7.84615384615    123.09  
 0.0    123.223  
 8.0    123.357  
 0.0    123.49  
 8.15384615385    123.624  
 0.0    123.757  
 8.30769230769    123.891  
 0.0    124.024  
 8.46153846154    124.158  
 0.0    124.292  
 8.61538461538    124.425  
 0.0    124.558  
 8.76923076923    124.691  
 0.0    124.824  
 8.92307692308    124.958  
 0.0    125.091  
 9.07692307692    125.225  
 0.0    125.358  
 9.23076923077    125.492  
 0.0    125.625  
 9.38461538462    125.758  
 0.0    125.892  
 9.53846153846    126.025  
 0.0    126.159  
 9.69230769231    126.293  
 0.0    126.426  
 9.84615384615    126.559  
 0.0    126.693  
 10.0    126.826  
 0.0    126.96  
 10.1538461538    127.093  
 0.0    127.227  
 10.3076923077    127.36  
 0.0    127.493  
 10.4615384615    127.627  
 0.0    127.761  
 10.6153846154    127.894  
 0.0    128.028  
 10.7692307692    128.162  
 0.0    128.294  
 10.9230769231    128.427  
 0.0    128.56  
 11.0769230769    128.694  
 0.0    128.827  
 11.2307692308    128.961  
 0.0    129.094  
 11.3846153846    129.228  
 0.0    129.362  
 11.5384615385    129.496  
 0.0    129.63  
 11.6923076923    129.763  
 0.0    129.897  
 11.8461538462    130.031  
 0.0    130.164  
 12.0    130.298  
 0.0    130.431  
 12.1538461538    130.565  
 0.0    130.698  
 12.3076923077    130.831  
 0.0    130.964  
 12.4615384615    131.098  
 0.0    131.231  
 12.6153846154    131.364  
 0.0    131.497  
 12.7692307692    131.63  
 0.0    131.764  
 12.9230769231    131.898  
 0.0    132.032  
 13.0769230769    132.165  
 0.0    132.298  
 13.2307692308    132.432  
 0.0    132.565  
 13.3846153846    132.698  
 0.0    132.832  
 13.5384615385    132.966  
 0.0    133.1  
 13.6923076923    133.233  
 0.0    133.367  
 13.8461538462    133.5  
 0.0    133.634  
 14.0    133.767  
 0.0    133.901  
 14.1538461538    134.034  
 0.0    134.167  
 14.3076923077    134.301  
 0.0    134.434  
 14.4615384615    134.568  
 0.0    134.701  
 14.6153846154    134.834  
 0.0    134.967  
 14.7692307692    135.1  
 0.0    135.233  
 14.9230769231    135.366  
 0.0    135.499  
 15.0769230769    135.632  
 0.0    135.766  
 15.2307692308    135.899  
 0.0    136.033  
 15.3846153846    136.166  
 0.0    136.3  
 15.5384615385    136.433  
 0.0    136.566  
 15.6923076923    136.7  
 0.0    136.833  
 15.8461538462    136.967  
 0.0    137.1  
 16.0    137.234  
 0.0    137.367  
 16.1538461538    137.5  
 0.0    137.635  
 16.3076923077    137.768  
 0.0    137.902  
 16.4615384615    138.035  
 0.0    138.168  
 16.6153846154    138.302  
 0.0    138.435  
 16.7692307692    138.568  
 0.0    138.701  
 16.9230769231    138.835  
 0.0    138.968  
 17.0769230769    139.102  
 0.0    139.235  
 17.2307692308    139.369  
 0.0    139.502  
 17.3846153846    139.635  
 0.0    139.769  
 17.5384615385    139.902  
 0.0    140.035  
 17.6923076923    140.169  
 0.0    140.302  
 17.8461538462    140.436  
 0.0    140.57  
 18.0    140.703  
 0.0    140.836  
 18.1538461538    140.97  
 0.0    141.104  
 18.3076923077    141.237  
 0.0    141.37  
 18.4615384615    141.503  
 0.0    141.637  
 18.6153846154    141.77  
 0.0    141.903  
 18.7692307692    142.037  
 0.0    142.17  
 18.9230769231    142.304  
 0.0    142.437  
 19.0769230769    142.571  
 0.0    142.704  
 19.2307692308    142.838  
 0.0    142.971  
 19.3846153846    143.105  
 0.0    143.238  
 19.5384615385    143.372  
 0.0    143.505  
 19.6923076923    143.638  
 0.0    143.771  
 19.8461538462    143.905  
 0.0    144.049  
 4.0    144.188  
 0.0    144.323  
 4.15384615385    144.456  
 0.0    144.589  
 4.30769230769    144.723  
 0.0    144.856  
 4.46153846154    144.99  
 0.0    145.123  
 4.61538461538    145.257  
 0.0    145.39  
 4.76923076923    145.524  
 0.0    145.659  
 4.92307692308    145.793  
 0.0    145.927  
 5.07692307692    146.06  
 0.0    146.195  
 5.23076923077    146.339  
 0.0    146.474  
 5.38461538462    146.607  
 0.0    146.74  
 5.53846153846    146.874  
 0.0    147.008  
 5.69230769231    147.141  
 0.0    147.275  
 5.84615384615    147.409  
 0.0    147.542  
 6.0    147.676  
 0.0    147.81  
 6.15384615385    147.944  
 0.0    148.077  
 6.30769230769    148.211  
 0.0    148.344  
 6.46153846154    148.477  
 0.0    148.61  
 6.61538461538    148.743  
 0.0    148.876  
 6.76923076923    149.009  
 0.0    149.142  
 6.92307692308    149.276  
 0.0    149.409  
 7.07692307692    149.542  
 0.0    149.676  
 7.23076923077    149.809  
 0.0    149.943  
 7.38461538462    150.076  
 0.0    150.21  
 7.53846153846    150.343  
 0.0    150.476  
 7.69230769231    150.61  
 0.0    150.743  
 7.84615384615    150.877  
 0.0    151.011  
 8.0    151.145  
 0.0    151.279  
 8.15384615385    151.412  
 0.0    151.545  
 8.30769230769    151.681  
 0.0    151.827  
 8.46153846154    151.961  
 0.0    152.094  
 8.61538461538    152.228  
 0.0    152.361  
 8.76923076923    152.495  
 0.0    152.628  
 8.92307692308    152.761  
 0.0    152.894  
 9.07692307692    153.028  
 0.0    153.161  
 9.23076923077    153.295  
 0.0    153.428  
 9.38461538462    153.562  
 0.0    153.695  
 9.53846153846    153.829  
 0.0    153.962  
 9.69230769231    154.096  
 0.0    154.229  
 9.84615384615    154.363  
 0.0    154.497  
 10.0    154.63  
 0.0    154.763  
 10.1538461538    154.896  
 0.0    155.03  
 10.3076923077    155.164  
 0.0    155.297  
 10.4615384615    155.43  
 0.0    155.563  
 10.6153846154    155.697  
 0.0    155.83  
 10.7692307692    155.964  
 0.0    156.097  
 10.9230769231    156.231  
 0.0    156.364  
 11.0769230769    156.497  
 0.0    156.631  
 11.2307692308    156.764  
 0.0    156.898  
 11.3846153846    157.031  
 0.0    157.165  
 11.5384615385    157.298  
 0.0    157.432  
 11.6923076923    157.565  
 0.0    157.699  
 11.8461538462    157.832  
 0.0    157.965  
 12.0    158.099  
 0.0    158.232  
 12.1538461538    158.366  
 0.0    158.499  
 12.3076923077    158.632  
 0.0    158.766  
 12.4615384615    158.899  
 0.0    159.033  
 12.6153846154    159.166  
 0.0    159.299  
 12.7692307692    159.433  
 0.0    159.566  
 12.9230769231    159.7  
 0.0    159.834  
 13.0769230769    159.967  
 0.0    160.1  
 13.2307692308    160.234  
 0.0    160.367  
 13.3846153846    160.5  
 0.0    160.634  
 13.5384615385    160.767  
 0.0    160.901  
 13.6923076923    161.035  
 0.0    161.169  
 13.8461538462    161.302  
 0.0    161.436  
 14.0    161.569  
 0.0    161.703  
 14.1538461538    161.836  
 0.0    161.969  
 14.3076923077    162.103  
 0.0    162.236  
 14.4615384615    162.37  
 0.0    162.503  
 14.6153846154    162.636  
 0.0    162.769  
 14.7692307692    162.903  
 0.0    163.036  
 14.9230769231    163.169  
 0.0    163.302  
 15.0769230769    163.436  
 0.0    163.569  
 15.2307692308    163.703  
 0.0    163.836  
 15.3846153846    163.97  
 0.0    164.103  
 15.5384615385    164.236  
 0.0    164.371  
 15.6923076923    164.504  
 0.0    164.637  
 15.8461538462    164.771  
 0.0    164.904  
 16.0    165.038  
 0.0    165.171  
 16.1538461538    165.304  
 0.0    165.438  
 16.3076923077    165.572  
 0.0    165.705  
 16.4615384615    165.838  
 0.0    165.971  
 16.6153846154    166.104  
 0.0    166.239  
 16.7692307692    166.374  
 0.0    166.507  
 16.9230769231    166.642  
 0.0    166.788  
 17.0769230769    166.922  
 0.0    167.055  
 17.2307692308    167.189  
 0.0    167.322  
 17.3846153846    167.456  
 0.0    167.589  
 17.5384615385    167.723  
 0.0    167.856  
 17.6923076923    167.99  
 0.0    168.124  
 17.8461538462    168.258  
 0.0    168.391  
 18.0    168.525  
 0.0    168.659  
 18.1538461538    168.792  
 0.0    168.926  
 18.3076923077    169.06  
 0.0    169.194  
 18.4615384615    169.327  
 0.0    169.461  
 18.6153846154    169.594  
 0.0    169.728  
 18.7692307692    169.861  
 0.0    170.007  
 18.9230769231    170.142  
 0.0    170.276  
 19.0769230769    170.41  
 0.0    170.543  
 19.2307692308    170.677  
 0.0    170.81  
 19.3846153846    170.944  
 0.0    171.077  
 19.5384615385    171.211  
 0.0    171.344  
 19.6923076923    171.478  
 0.0    171.611  
 19.8461538462    171.745  
 0.0    171.89  
 4.0    172.025  
 0.0    172.159  
 4.15384615385    172.294  
 0.0    172.427  
 4.30769230769    172.561  
 0.0    172.695  
 4.46153846154    172.828  
 0.0    172.963  
 4.61538461538    173.096  
 0.0    173.229  
 4.76923076923    173.363  
 0.0    173.496  
 4.92307692308    173.629  
 0.0    173.763  
 5.07692307692    173.896  
 0.0    174.03  
 5.23076923077    174.163  
 0.0    174.297  
 5.38461538462    174.431  
 0.0    174.564  
 5.53846153846    174.697  
 0.0    174.833  
 5.69230769231    174.977  
 0.0    175.111  
 5.84615384615    175.245  
 0.0    175.38  
 6.0    175.513  
 0.0    175.647  
 6.15384615385    175.78  
 0.0    175.914  
 6.30769230769    176.047  
 0.0    176.182  
 6.46153846154    176.315  
 0.0    176.449  
 6.61538461538    176.582  
 0.0    176.715  
 6.76923076923    176.849  
 0.0    176.982  
 6.92307692308    177.115  
 0.0    177.249  
 7.07692307692    177.382  
 0.0    177.517  
 7.23076923077    177.662  
 0.0    177.797  
 7.38461538462    177.93  
 0.0    178.063  
 7.53846153846    178.197  
 0.0    178.33  
 7.69230769231    178.464  
 0.0    178.598  
 7.84615384615    178.732  
 0.0    178.865  
 8.0    178.998  
 0.0    179.132  
 8.15384615385    179.266  
 0.0    179.399  
 8.30769230769    179.533  
 0.0    179.666  
 8.46153846154    179.8  
 0.0    179.933  
 8.61538461538    180.066  
 0.0    180.199  
 8.76923076923    180.333  
 0.0    180.466  
 8.92307692308    180.6  
 0.0    180.733  
 9.07692307692    180.866  
 0.0    181.001  
 9.23076923077    181.135  
 0.0    181.268  
 9.38461538462    181.401  
 0.0    181.535  
 9.53846153846    181.668  
 0.0    181.802  
 9.69230769231    181.935  
 0.0    182.069  
 9.84615384615    182.203  
 0.0    182.336  
 10.0    182.471  
 0.0    182.616  
 10.1538461538    182.75  
 0.0    182.883  
 10.3076923077    183.017  
 0.0    183.151  
 10.4615384615    183.284  
 0.0    183.417  
 10.6153846154    183.55  
 0.0    183.684  
 10.7692307692    183.817  
 0.0    183.951  
 10.9230769231    184.084  
 0.0    184.218  
 11.0769230769    184.351  
 0.0    184.485  
 11.2307692308    184.618  
 0.0    184.751  
 11.3846153846    184.885  
 0.0    185.018  
 11.5384615385    185.152  
 0.0    185.285  
 11.6923076923    185.418  
 0.0    185.552  
 11.8461538462    185.685  
 0.0    185.819  
 12.0    185.952  
 0.0    186.086  
 12.1538461538    186.219  
 0.0    186.353  
 12.3076923077    186.486  
 0.0    186.619  
 12.4615384615    186.753  
 0.0    186.886  
 12.6153846154    187.02  
 0.0    187.153  
 12.7692307692    187.286  
 0.0    187.42  
 12.9230769231    187.553  
 0.0    187.687  
 13.0769230769    187.822  
 0.0    187.955  
 13.2307692308    188.089  
 0.0    188.223  
 13.3846153846    188.357  
 0.0    188.49  
 13.5384615385    188.624  
 0.0    188.757  
 13.6923076923    188.891  
 0.0    189.025  
 13.8461538462    189.159  
 0.0    189.292  
 14.0    189.426  
 0.0    189.571  
 14.1538461538    189.705  
 0.0    189.838  
 14.3076923077    189.972  
 0.0    190.106  
 14.4615384615    190.241  
 0.0    190.375  
 14.6153846154    190.509  
 0.0    190.642  
 14.7692307692    190.776  
 0.0    190.91  
 14.9230769231    191.043  
 0.0    191.189  
 15.0769230769    191.323  
 0.0    191.456  
 15.2307692308    191.59  
 0.0    191.723  
 15.3846153846    191.857  
 0.0    191.99  
 15.5384615385    192.123  
 0.0    192.257  
 15.6923076923    192.39  
 0.0    192.524  
 15.8461538462    192.657  
 0.0    192.792  
 16.0    192.925  
 0.0    193.059  
 16.1538461538    193.193  
 0.0    193.326  
 16.3076923077    193.462  
 0.0    193.607  
 16.4615384615    193.741  
 0.0    193.875  
 16.6153846154    194.008  
 0.0    194.141  
 16.7692307692    194.275  
 0.0    194.408  
 16.9230769231    194.543  
 0.0    194.676  
 17.0769230769    194.809  
 0.0    194.942  
 17.2307692308    195.076  
 0.0    195.209  
 17.3846153846    195.342  
 0.0    195.476  
 17.5384615385    195.609  
 0.0    195.742  
 17.6923076923    195.876  
 0.0    196.009  
 17.8461538462    196.143  
 0.0    196.276  
 18.0    196.41  
 0.0    196.544  
 18.1538461538    196.677  
 0.0    196.812  
 18.3076923077    196.946  
 0.0    197.08  
 18.4615384615    197.214  
 0.0    197.347  
 18.6153846154    197.481  
 0.0    197.614  
 18.7692307692    197.747  
 0.0    197.881  
 18.9230769231    198.014  
 0.0    198.147  
 19.0769230769    198.28  
 0.0    198.413  
 19.2307692308    198.547  
 0.0    198.68  
 19.3846153846    198.814  
 0.0    198.947  
 19.5384615385    199.081  
 0.0    199.214  
 19.6923076923    199.348  
 0.0    199.481  
 19.8461538462    199.615  
 0.0    199.761  
 4.0    199.896  
 0.0    200.029  
 4.15384615385    200.162  
 0.0    200.296  
 4.30769230769    200.429  
 0.0    200.563  
 4.46153846154    200.696  
 0.0    200.83  
 4.61538461538    200.963  
 0.0    201.096  
 4.76923076923    201.231  
 0.0    201.364  
 4.92307692308    201.497  
 0.0    201.63  
 5.07692307692    201.764  
 0.0    201.897  
 5.23076923077    202.03  
 0.0    202.164  
 5.38461538462    202.297  
 0.0    202.431  
 5.53846153846    202.564  
 0.0    202.698  
 5.69230769231    202.831  
 0.0    202.964  
 5.84615384615    203.098  
 0.0    203.231  
 6.0    203.365  
 0.0    203.498  
 6.15384615385    203.632  
 0.0    203.765  
 6.30769230769    203.898  
 0.0    204.032  
 6.46153846154    204.165  
 0.0    204.299  
 6.61538461538    204.432  
 0.0    204.566  
 6.76923076923    204.7  
 0.0    204.832  
 6.92307692308    204.966  
 0.0    205.099  
 7.07692307692    205.233  
 0.0    205.366  
 7.23076923077    205.5  
 0.0    205.633  
 7.38461538462    205.767  
 0.0    205.9  
 7.53846153846    206.033  
 0.0    206.167  
 7.69230769231    206.3  
 0.0    206.434  
 7.84615384615    206.568  
 0.0    206.701  
 8.0    206.834  
 0.0    206.968  
 8.15384615385    207.101  
 0.0    207.235  
 8.30769230769    207.368  
 0.0    207.501  
 8.46153846154    207.635  
 0.0    207.768  
 8.61538461538    207.903  
 0.0    208.037  
 8.76923076923    208.17  
 0.0    208.303  
 8.92307692308    208.436  
 0.0    208.57  
 9.07692307692    208.703  
 0.0    208.836  
 9.23076923077    208.969  
 0.0    209.103  
 9.38461538462    209.236  
 0.0    209.37  
 9.53846153846    209.503  
 0.0    209.636  
 9.69230769231    209.769  
 0.0    209.903  
 9.84615384615    210.036  
 0.0    210.17  
 10.0    210.304  
 0.0    210.437  
 10.1538461538    210.57  
 0.0    210.704  
 10.3076923077    210.838  
 0.0    210.972  
 10.4615384615    211.106  
 0.0    211.24  
 10.6153846154    211.374  
 0.0    211.508  
 10.7692307692    211.641  
 0.0    211.775  
 10.9230769231    211.908  
 0.0    212.042  
 11.0769230769    212.176  
 0.0    212.32  
 11.2307692308    212.455  
 0.0    212.588  
 11.3846153846    212.722  
 0.0    212.855  
 11.5384615385    212.989  
 0.0    213.122  
 11.6923076923    213.255  
 0.0    213.389  
 11.8461538462    213.522  
 0.0    213.656  
 12.0    213.79  
 0.0    213.924  
 12.1538461538    214.058  
 0.0    214.192  
 12.3076923077    214.326  
 0.0    214.46  
 12.4615384615    214.606  
 0.0    214.74  
 12.6153846154    214.874  
 0.0    215.009  
 12.7692307692    215.143  
 0.0    215.281  
 12.9230769231    215.423  
 0.0    215.557  
 13.0769230769    215.691  
 0.0    215.826  
 13.2307692308    215.96  
 0.0    216.094  
 13.3846153846    216.228  
 0.0    216.373  
 13.5384615385    216.508  
 0.0    216.642  
 13.6923076923    216.776  
 0.0    216.91  
 13.8461538462    217.043  
 0.0    217.177  
 14.0    217.311  
 0.0    217.458  
 14.1538461538    217.592  
 0.0    217.726  
 14.3076923077    217.86  
 0.0    217.994  
 14.4615384615    218.129  
 0.0    218.263  
 14.6153846154    218.396  
 0.0    218.53  
 14.7692307692    218.663  
 0.0    218.809  
 14.9230769231    218.943  
 0.0    219.076  
 15.0769230769    219.211  
 0.0    219.344  
 15.2307692308    219.478  
 0.0    219.612  
 15.3846153846    219.746  
 0.0    219.879  
 15.5384615385    220.014  
 0.0    220.147  
 15.6923076923    220.28  
 0.0    220.414  
 15.8461538462    220.548  
 0.0    220.681  
 16.0    220.815  
 0.0    220.948  
 16.1538461538    221.081  
 0.0    221.215  
 16.3076923077    221.351  
 0.0    221.494  
 16.4615384615    221.628  
 0.0    221.763  
 16.6153846154    221.896  
 0.0    222.03  
 16.7692307692    222.163  
 0.0    222.297  
 16.9230769231    222.43  
 0.0    222.564  
 17.0769230769    222.698  
 0.0    222.831  
 17.2307692308    222.964  
 0.0    223.098  
 17.3846153846    223.231  
 0.0    223.365  
 17.5384615385    223.498  
 0.0    223.631  
 17.6923076923    223.765  
 0.0    223.898  
 17.8461538462    224.032  
 0.0    224.165  
 18.0    224.299  
 0.0    224.432  
 18.1538461538    224.567  
 0.0    224.701  
 18.3076923077    224.834  
 0.0    224.968  
 18.4615384615    225.101  
 0.0    225.235  
 18.6153846154    225.368  
 0.0    225.514  
 18.7692307692    225.648  
 0.0    225.781  
 18.9230769231    225.915  
 0.0    226.049  
 19.0769230769    226.183  
 0.0    226.318  
 19.2307692308    226.451  
 0.0    226.585  
 19.3846153846    226.719  
 0.0    226.853  
 19.5384615385    226.998  
 0.0    227.132  
 19.6923076923    227.266  
 0.0    227.399  
 19.8461538462    227.532  
 0.0    227.679  
 4.0    227.815  
 0.0    227.949  
 4.15384615385    228.084  
 0.0    228.217  
 4.30769230769    228.351  
 0.0    228.485  
 4.46153846154    228.619  
 0.0    228.752  
 4.61538461538    228.886  
 0.0    229.02  
 4.76923076923    229.153  
 0.0    229.286  
 4.92307692308    229.42  
 0.0    229.553  
 5.07692307692    229.687  
 0.0    229.82  
 5.23076923077    229.954  
 0.0    230.087  
 5.38461538462    230.221  
 0.0    230.354  
 5.53846153846    230.488  
 0.0    230.621  
 5.69230769231    230.755  
 0.0    230.888  
 5.84615384615    231.022  
 0.0    231.156  
 6.0    231.289  
 0.0    231.435  
 6.15384615385    231.569  
 0.0    231.703  
 6.30769230769    231.837  
 0.0    231.971  
 6.46153846154    232.104  
 0.0    232.238  
 6.61538461538    232.372  
 0.0    232.506  
 6.76923076923    232.64  
 0.0    232.773  
 6.92307692308    232.91  
 0.0    233.051  
 7.07692307692    233.202  
 0.0    233.337  
 7.23076923077    233.47  
 0.0    233.604  
 7.38461538462    233.738  
 0.0    233.873  
 7.53846153846    234.007  
 0.0    234.141  
 7.69230769231    234.287  
 0.0    234.421  
 7.84615384615    234.554  
 0.0    234.688  
 8.0    234.822  
 0.0    234.958  
 8.15384615385    235.092  
 0.0    235.226  
 8.30769230769    235.37  
 0.0    235.504  
 8.46153846154    235.639  
 0.0    235.773  
 8.61538461538    235.907  
 0.0    236.041  
 8.76923076923    236.175  
 0.0    236.308  
 8.92307692308    236.443  
 0.0    236.588  
 9.07692307692    236.722  
 0.0    236.856  
 9.23076923077    236.989  
 0.0    237.123  
 9.38461538462    237.256  
 0.0    237.39  
 9.53846153846    237.524  
 0.0    237.657  
 9.69230769231    237.79  
 0.0    237.923  
 9.84615384615    238.057  
 0.0    238.191  
 10.0    238.325  
 0.0    238.459  
 10.1538461538    238.592  
 0.0    238.726  
 10.3076923077    238.86  
 0.0    238.994  
 10.4615384615    239.128  
 0.0    239.262  
 10.6153846154    239.395  
 0.0    239.541  
 10.7692307692    239.676  
 0.0    239.812  
 10.9230769231    239.946  
 0.0    240.091  
 11.0769230769    240.225  
 0.0    240.359  
 11.2307692308    240.493  
 0.0    240.628  
 11.3846153846    240.762  
 0.0    240.895  
 11.5384615385    241.029  
 0.0    241.162  
 11.6923076923    241.296  
 0.0    241.429  
 11.8461538462    241.563  
 0.0    241.697  
 12.0    241.83  
 0.0    241.963  
 12.1538461538    242.097  
 0.0    242.23  
 12.3076923077    242.364  
 0.0    242.509  
 12.4615384615    242.643  
 0.0    242.778  
 12.6153846154    242.912  
 0.0    243.046  
 12.7692307692    243.179  
 0.0    243.313  
 12.9230769231    243.446  
 0.0    243.58  
 13.0769230769    243.713  
 0.0    243.847  
 13.2307692308    243.98  
 0.0    244.114  
 13.3846153846    244.247  
 0.0    244.38  
 13.5384615385    244.514  
 0.0    244.647  
 13.6923076923    244.781  
 0.0    244.915  
 13.8461538462    245.049  
 0.0    245.182  
 14.0    245.316  
 0.0    245.462  
 14.1538461538    245.595  
 0.0    245.729  
 14.3076923077    245.864  
 0.0    245.998  
 14.4615384615    246.132  
 0.0    246.266  
 14.6153846154    246.399  
 0.0    246.533  
 14.7692307692    246.667  
 0.0    246.8  
 14.9230769231    246.934  
 0.0    247.067  
 15.0769230769    247.213  
 0.0    247.363  
 15.2307692308    247.497  
 0.0    247.631  
 15.3846153846    247.764  
 0.0    247.898  
 15.5384615385    248.032  
 0.0    248.166  
 15.6923076923    248.3  
 0.0    248.433  
 15.8461538462    248.567  
 0.0    248.701  
 16.0    248.835  
 0.0    248.969  
 16.1538461538    249.114  
 0.0    249.248  
 16.3076923077    249.382  
 0.0    249.516  
 16.4615384615    249.649  
 0.0    249.783  
 16.6153846154    249.917  
 0.0    250.051  
 16.7692307692    250.184  
 0.0    250.318  
 16.9230769231    250.452  
 0.0    250.586  
 17.0769230769    250.72  
 0.0    250.853  
 17.2307692308    250.987  
 0.0    251.132  
 17.3846153846    251.267  
 0.0    251.4  
 17.5384615385    251.535  
 0.0    251.671  
 17.6923076923    251.816  
 0.0    251.95  
 17.8461538462    252.084  
 0.0    252.217  
 18.0    252.35  
 0.0    252.484  
 18.1538461538    252.618  
 0.0    252.752  
 18.3076923077    252.886  
 0.0    253.021  
 18.4615384615    253.155  
 0.0    253.289  
 18.6153846154    253.434  
 0.0    253.568  
 18.7692307692    253.702  
 0.0    253.836  
 18.9230769231    253.97  
 0.0    254.104  
 19.0769230769    254.238  
 0.0    254.372  
 19.2307692308    254.507  
 0.0    254.651  
 19.3846153846    254.786  
 0.0    254.919  
 19.5384615385    255.054  
 0.0    255.188  
 19.6923076923    255.322  
 0.0    255.456  
 19.8461538462    255.59  
 0.0    255.738  
 4.0    255.872  
 0.0    256.006  
 4.15384615385    256.14  
 0.0    256.275  
 4.30769230769    256.419  
 0.0    256.553  
 4.46153846154    256.693  
 0.0    256.837  
 4.61538461538    256.97  
 0.0    257.105  
 4.76923076923    257.238  
 0.0    257.373  
 4.92307692308    257.506  
 0.0    257.64  
 5.07692307692    257.773  
 0.0    257.907  
 5.23076923077    258.04  
 0.0    258.173  
 5.38461538462    258.307  
 0.0    258.44  
 5.53846153846    258.574  
 0.0    258.707  
 5.69230769231    258.841  
 0.0    258.974  
 5.84615384615    259.108  
 0.0    259.242  
 6.0    259.375  
 0.0    259.509  
 6.15384615385    259.643  
 0.0    259.776  
 6.30769230769    259.91  
 0.0    260.055  
 6.46153846154    260.191  
 0.0    260.326  
 6.61538461538    260.46  
 0.0    260.605  
 6.76923076923    260.74  
 0.0    260.874  
 6.92307692308    261.009  
 0.0    261.144  
 7.07692307692    261.277  
 0.0    261.411  
 7.23076923077    261.556  
 0.0    261.696  
 7.38461538462    261.84  
 0.0    261.975  
 7.53846153846    262.109  
 0.0    262.243  
 7.69230769231    262.377  
 0.0    262.511  
 7.84615384615    262.645  
 0.0    262.778  
 8.0    262.912  
 0.0    263.045  
 8.15384615385    263.179  
 0.0    263.312  
 8.30769230769    263.446  
 0.0    263.591  
 8.46153846154    263.725  
 0.0    263.86  
 8.61538461538    263.994  
 0.0    264.127  
 8.76923076923    264.26  
 0.0    264.394  
 8.92307692308    264.528  
 0.0    264.662  
 9.07692307692    264.795  
 0.0    264.929  
 9.23076923077    265.062  
 0.0    265.197  
 9.38461538462    265.33  
 0.0    265.463  
 9.53846153846    265.597  
 0.0    265.731  
 9.69230769231    265.864  
 0.0    265.998  
 9.84615384615    266.131  
 0.0    266.264  
 10.0    266.398  
 0.0    266.532  
 10.1538461538    266.677  
 0.0    266.811  
 10.3076923077    266.945  
 0.0    267.079  
 10.4615384615    267.212  
 0.0    267.346  
 10.6153846154    267.48  
 0.0    267.613  
 10.7692307692    267.747  
 0.0    267.88  
 10.9230769231    268.014  
 0.0    268.147  
 11.0769230769    268.28  
 0.0    268.413  
 11.2307692308    268.547  
 0.0    268.681  
 11.3846153846    268.814  
 0.0    268.948  
 11.5384615385    269.081  
 0.0    269.214  
 11.6923076923    269.348  
 0.0    269.481  
 11.8461538462    269.614  
 0.0    269.748  
 12.0    269.882  
 0.0    270.016  
 12.1538461538    270.149  
 0.0    270.283  
 12.3076923077    270.416  
 0.0    270.55  
 12.4615384615    270.684  
 0.0    270.818  
 12.6153846154    270.963  
 0.0    271.097  
 12.7692307692    271.231  
 0.0    271.364  
 12.9230769231    271.498  
 0.0    271.632  
 13.0769230769    271.765  
 0.0    271.901  
 13.2307692308    272.035  
 0.0    272.169  
 13.3846153846    272.303  
 0.0    272.448  
 13.5384615385    272.583  
 0.0    272.716  
 13.6923076923    272.85  
 0.0    272.984  
 13.8461538462    273.118  
 0.0    273.252  
 14.0    273.386  
 0.0    273.52  
 14.1538461538    273.654  
 0.0    273.799  
 14.3076923077    273.933  
 0.0    274.066  
 14.4615384615    274.2  
 0.0    274.333  
 14.6153846154    274.466  
 0.0    274.6  
 14.7692307692    274.733  
 0.0    274.867  
 14.9230769231    275.0  
 0.0    275.134  
 15.0769230769    275.268  
 0.0    275.402  
 15.2307692308    275.537  
 0.0    275.672  
 15.3846153846    275.817  
 0.0    275.952  
 15.5384615385    276.085  
 0.0    276.219  
 15.6923076923    276.353  
 0.0    276.487  
 15.8461538462    276.621  
 0.0    276.755  
 16.0    276.89  
 0.0    277.035  
 16.1538461538    277.17  
 0.0    277.306  
 16.3076923077    277.451  
 0.0    277.586  
 16.4615384615    277.72  
 0.0    277.854  
 16.6153846154    277.989  
 0.0    278.123  
 16.7692307692    278.268  
 0.0    278.403  
 16.9230769231    278.536  
 0.0    278.671  
 17.0769230769    278.805  
 0.0    278.939  
 17.2307692308    279.073  
 0.0    279.208  
 17.3846153846    279.353  
 0.0    279.487  
 17.5384615385    279.622  
 0.0    279.756  
 17.6923076923    279.89  
 0.0    280.025  
 17.8461538462    280.17  
 0.0    280.304  
 18.0    280.438  
 0.0    280.573  
 18.1538461538    280.707  
 0.0    280.841  
 18.3076923077    280.975  
 0.0    281.109  
 18.4615384615    281.254  
 0.0    281.389  
 18.6153846154    281.523  
 0.0    281.657  
 18.7692307692    281.792  
 0.0    281.926  
 18.9230769231    282.06  
 0.0    282.205  
 19.0769230769    282.339  
 0.0    282.473  
 19.2307692308    282.608  
 0.0    282.742  
 19.3846153846    282.876  
 0.0    283.01  
 19.5384615385    283.144  
 0.0    283.289  
 19.6923076923    283.423  
 0.0    283.557  
 19.8461538462    283.691  
 0.0    283.84  
 4.0    283.974  
 0.0    284.108  
 4.15384615385    284.243  
 0.0    284.377  
 4.30769230769    284.51  
 0.0    284.644  
 4.46153846154    284.777  
 0.0    284.911  
 4.61538461538    285.044  
 0.0    285.177  
 4.76923076923    285.311  
 0.0    285.445  
 4.92307692308    285.578  
 0.0    285.712  
 5.07692307692    285.857  
 0.0    285.991  
 5.23076923077    286.125  
 0.0    286.258  
 5.38461538462    286.392  
 0.0    286.525  
 5.53846153846    286.659  
 0.0    286.792  
 5.69230769231    286.925  
 0.0    287.059  
 5.84615384615    287.192  
 0.0    287.327  
 6.0    287.461  
 0.0    287.595  
 6.15384615385    287.729  
 0.0    287.862  
 6.30769230769    287.996  
 0.0    288.13  
 6.46153846154    288.263  
 0.0    288.397  
 6.61538461538    288.53  
 0.0    288.664  
 6.76923076923    288.797  
 0.0    288.93  
 6.92307692308    289.064  
 0.0    289.197  
 7.07692307692    289.331  
 0.0    289.464  
 7.23076923077    289.597  
 0.0    289.732  
 7.38461538462    289.877  
 0.0    290.011  
 7.53846153846    290.145  
 0.0    290.278  
 7.69230769231    290.412  
 0.0    290.546  
 7.84615384615    290.68  
 0.0    290.814  
 8.0    290.949  
 0.0    291.083  
 8.15384615385    291.228  
 0.0    291.362  
 8.30769230769    291.496  
 0.0    291.63  
 8.46153846154    291.765  
 0.0    291.899  
 8.61538461538    292.033  
 0.0    292.167  
 8.76923076923    292.312  
 0.0    292.446  
 8.92307692308    292.58  
 0.0    292.714  
 9.07692307692    292.848  
 0.0    292.982  
 9.23076923077    293.116  
 0.0    293.25  
 9.38461538462    293.384  
 0.0    293.519  
 9.53846153846    293.663  
 0.0    293.797  
 9.69230769231    293.931  
 0.0    294.065  
 9.84615384615    294.199  
 0.0    294.333  
 10.0    294.467  
 0.0    294.601  
 10.1538461538    294.735  
 0.0    294.881  
 10.3076923077    295.015  
 0.0    295.149  
 10.4615384615    295.282  
 0.0    295.416  
 10.6153846154    295.55  
 0.0    295.685  
 10.7692307692    295.819  
 0.0    295.953  
 10.9230769231    296.087  
 0.0    296.232  
 11.0769230769    296.366  
 0.0    296.5  
 11.2307692308    296.634  
 0.0    296.769  
 11.3846153846    296.903  
 0.0    297.037  
 11.5384615385    297.171  
 0.0    297.316  
 11.6923076923    297.45  
 0.0    297.584  
 11.8461538462    297.717  
 0.0    297.852  
 12.0    297.986  
 0.0    298.12  
 12.1538461538    298.255  
 0.0    298.4  
 12.3076923077    298.535  
 0.0    298.671  
 12.4615384615    298.805  
 0.0    298.95  
 12.6153846154    299.084  
 0.0    299.218  
 12.7692307692    299.352  
 0.0    299.486  
 12.9230769231    299.62  
 0.0    299.753  
 13.0769230769    299.887  
 0.0    300.021  
 13.2307692308    300.154  
 0.0    300.288  
 13.3846153846    300.422  
 0.0    300.555  
 13.5384615385    300.689  
 0.0    300.822  
 13.6923076923    300.956  
 0.0    301.089  
 13.8461538462    301.223  
 0.0    301.357  
 14.0    301.491  
 0.0    301.635  
 14.1538461538    301.77  
 0.0    301.905  
 14.3076923077    302.041  
 0.0    302.186  
 14.4615384615    302.322  
 0.0    302.457  
 14.6153846154    302.591  
 0.0    302.736  
 14.7692307692    302.873  
 0.0    303.007  
 14.9230769231    303.142  
 0.0    303.287  
 15.0769230769    303.421  
 0.0    303.555  
 15.2307692308    303.688  
 0.0    303.822  
 15.3846153846    303.956  
 0.0    304.09  
 15.5384615385    304.225  
 0.0    304.359  
 15.6923076923    304.505  
 0.0    304.638  
 15.8461538462    304.772  
 0.0    304.906  
 16.0    305.04  
 0.0    305.174  
 16.1538461538    305.308  
 0.0    305.442  
 16.3076923077    305.575  
 0.0    305.71  
 16.4615384615    305.843  
 0.0    305.977  
 16.6153846154    306.122  
 0.0    306.256  
 16.7692307692    306.39  
 0.0    306.524  
 16.9230769231    306.658  
 0.0    306.792  
 17.0769230769    306.926  
 0.0    307.06  
 17.2307692308    307.194  
 0.0    307.327  
 17.3846153846    307.461  
 0.0    307.606  
 17.5384615385    307.741  
 0.0    307.875  
 17.6923076923    308.009  
 0.0    308.143  
 17.8461538462    308.277  
 0.0    308.411  
 18.0    308.545  
 0.0    308.679  
 18.1538461538    308.813  
 0.0    308.957  
 18.3076923077    309.093  
 0.0    309.227  
 18.4615384615    309.361  
 0.0    309.495  
 18.6153846154    309.629  
 0.0    309.763  
 18.7692307692    309.908  
 0.0    310.042  
 18.9230769231    310.176  
 0.0    310.311  
 19.0769230769    310.445  
 0.0    310.579  
 19.2307692308    310.713  
 0.0    310.847  
 19.3846153846    310.98  
 0.0    311.126  
 19.5384615385    311.261  
 0.0    311.395  
 19.6923076923    311.529  
 0.0    311.662  
 19.8461538462    311.796  
