 type    delay1    delay2    T    NT1    NT2    Dist    Dist_NT1    Dist_NT2    distance_T_dist    cue    order    orient    horiz_vertical    A_R    A_err    Abs_angle_error    Error_interference    A_DC    A_DC_dist    Q_DC    A_DF    A_DF_dist    Q_DF    A_DVF    Q_DVF    A_DVF_dist    Q_DVF_dist    presentation_att_cue_time    presentation_target_time    presentation_dist_time    presentation_probe_time    R_T    trial_time    disp_time  
 3.0    0.2    12.0    330.0    136.0    26.0    235.0    152.9    47.5    95.0    4.0    2.0    0.0    1.0    329.0    1.0    1.0    1.0    136.0    152.9    2.0    26.0    47.5    1.0    330.0    4.0    235.0    3.0    42.689    44.285    43.73    56.64    5.023    61.664    14.451  
 1.0    7.0    5.0    27.0    124.0    326.0    44.5    147.0    220.0    17.5    1.0    1.0    1.0    0.0    101.0    -74.0    74.0    -74.0    27.0    44.5    1.0    124.0    147.0    2.0    326.0    4.0    220.0    3.0    62.301    63.314    70.67    76.026    5.019    81.045    14.222  
 3.0    7.0    5.0    325.0    135.0    207.0    43.0    150.3    233.3    78.0    4.0    1.0    0.0    0.0    333.0    -8.0    8.0    8.0    135.0    150.3    2.0    207.0    233.3    3.0    325.0    4.0    43.0    1.0    81.683    82.695    90.051    95.404    5.021    100.425    14.221  
 1.0    7.0    5.0    49.0    231.0    311.0    36.7    206.2    131.0    12.3    1.0    1.0    -1.0    1.0    37.0    12.0    12.0    12.0    49.0    36.7    1.0    231.0    206.2    3.0    311.0    4.0    131.0    2.0    101.063    102.075    109.432    114.787    5.02    119.806    14.222  
 1.0    0.2    11.8    242.0    65.0    110.0    226.0    36.7    323.0    16.0    3.0    1.0    -1.0    0.0    224.0    18.0    18.0    18.0    242.0    226.0    3.0    65.0    36.7    1.0    110.0    2.0    323.0    4.0    120.444    121.456    122.013    134.167    5.02    139.187    14.222  
 3.0    0.2    12.0    113.0    46.0    220.0    324.0    60.2    240.8    149.0    2.0    2.0    0.0    1.0    108.0    5.0    5.0    5.0    46.0    60.2    1.0    220.0    240.8    3.0    113.0    2.0    324.0    4.0    139.824    141.391    140.835    153.746    5.021    158.768    14.42  
 1.0    7.0    5.0    119.0    27.0    293.0    134.0    51.8    238.0    15.0    2.0    1.0    1.0    0.0    121.0    -2.0    2.0    2.0    119.0    134.0    2.0    27.0    51.8    1.0    293.0    4.0    238.0    3.0    159.405    160.416    167.772    173.127    5.021    178.148    14.221  
 1.0    7.0    5.0    331.0    249.0    68.0    319.4    219.8    129.0    11.6    4.0    1.0    -1.0    0.0    321.0    10.0    10.0    10.0    331.0    319.4    4.0    249.0    219.8    3.0    68.0    1.0    129.0    2.0    178.786    179.797    187.153    192.507    5.023    197.529    14.219  
 1.0    0.2    11.8    225.0    40.0    308.0    239.3    69.8    143.0    14.3    3.0    1.0    1.0    0.0    227.0    -2.0    2.0    2.0    225.0    239.3    3.0    40.0    69.8    1.0    308.0    4.0    143.0    2.0    198.167    199.178    199.734    211.889    5.021    216.91    14.22  
 1.0    0.2    11.8    127.0    30.0    319.0    144.1    52.5    229.0    17.1    2.0    1.0    1.0    0.0    135.0    -8.0    8.0    8.0    127.0    144.1    2.0    30.0    52.5    1.0    319.0    4.0    229.0    3.0    217.548    218.559    219.115    231.268    5.022    236.29    14.22  
 3.0    7.0    12.0    299.0    113.0    29.0    238.0    125.0    53.9    61.0    4.0    2.0    0.0    0.0    301.0    -2.0    2.0    -2.0    113.0    125.0    2.0    29.0    53.9    1.0    299.0    4.0    238.0    3.0    236.927    245.296    237.939    257.65    5.026    262.676    21.221  
 1.0    0.2    12.0    211.0    292.0    116.0    221.1    313.3    42.0    10.1    3.0    2.0    1.0    1.0    218.0    -7.0    7.0    7.0    211.0    221.1    3.0    292.0    313.3    4.0    116.0    2.0    42.0    1.0    263.314    264.88    264.325    277.235    5.022    282.257    14.42  
 1.0    7.0    5.0    327.0    22.0    236.0    339.0    46.2    116.0    12.0    4.0    1.0    1.0    0.0    307.0    20.0    20.0    -20.0    327.0    339.0    4.0    22.0    46.2    1.0    236.0    3.0    116.0    2.0    282.895    283.907    291.262    296.616    5.022    301.638    14.22  
 3.0    7.0    12.0    297.0    46.0    110.0    228.0    56.5    131.7    69.0    4.0    2.0    0.0    0.0    295.0    2.0    2.0    2.0    46.0    56.5    1.0    110.0    131.7    2.0    297.0    4.0    228.0    3.0    302.275    310.644    303.288    322.998    5.025    328.023    21.222  
 3.0    0.2    11.8    293.0    122.0    21.0    208.0    136.6    50.9    85.0    4.0    1.0    0.0    1.0    292.0    1.0    1.0    1.0    122.0    136.6    2.0    21.0    50.9    1.0    293.0    4.0    208.0    3.0    328.661    329.674    330.23    342.384    5.02    347.404    14.222  
 3.0    7.0    5.0    130.0    219.0    304.0    39.0    236.9    329.1    91.0    2.0    1.0    0.0    1.0    136.0    -6.0    6.0    -6.0    219.0    236.9    3.0    304.0    329.1    4.0    130.0    2.0    39.0    1.0    348.042    349.054    356.41    361.764    5.021    366.785    14.22  
 1.0    0.2    12.0    222.0    120.0    51.0    234.9    142.6    329.0    12.9    3.0    2.0    1.0    0.0    222.0    0.0    0.0    0.0    222.0    234.9    3.0    120.0    142.6    2.0    51.0    1.0    329.0    4.0    367.423    368.99    368.435    381.345    5.021    386.366    14.421  
 3.0    0.2    11.8    304.0    140.0    29.0    203.0    151.1    49.0    101.0    4.0    1.0    0.0    0.0    295.0    9.0    9.0    9.0    140.0    151.1    2.0    29.0    49.0    1.0    304.0    4.0    203.0    3.0    387.004    388.016    388.572    400.726    5.02    405.746    14.221  
 1.0    0.2    11.8    295.0    118.0    64.0    310.0    139.8    214.0    15.0    4.0    1.0    1.0    0.0    305.0    -10.0    10.0    10.0    295.0    310.0    4.0    118.0    139.8    2.0    64.0    1.0    214.0    3.0    406.383    407.396    407.951    420.104    5.022    425.127    14.219  
 1.0    7.0    5.0    325.0    123.0    246.0    338.4    151.1    54.0    13.4    4.0    1.0    1.0    1.0    327.0    -2.0    2.0    2.0    325.0    338.4    4.0    123.0    151.1    2.0    246.0    3.0    54.0    1.0    425.765    426.777    434.133    439.487    5.021    444.508    14.221  
 1.0    7.0    5.0    324.0    64.0    155.0    308.4    36.7    205.0    15.6    4.0    1.0    -1.0    1.0    331.0    -7.0    7.0    -7.0    324.0    308.4    4.0    64.0    36.7    1.0    155.0    2.0    205.0    3.0    445.145    446.156    453.513    458.867    5.021    463.888    14.22  
 3.0    7.0    12.0    141.0    41.0    321.0    213.0    30.3    298.2    72.0    2.0    2.0    0.0    1.0    127.0    14.0    14.0    -14.0    41.0    30.3    1.0    321.0    298.2    4.0    141.0    2.0    213.0    3.0    464.526    472.895    465.538    485.249    5.025    490.274    21.222  
 3.0    7.0    12.0    32.0    246.0    150.0    321.0    226.2    125.2    71.0    1.0    2.0    0.0    1.0    34.0    -2.0    2.0    -2.0    246.0    226.2    3.0    150.0    125.2    2.0    32.0    1.0    321.0    4.0    490.913    499.282    491.925    511.637    5.023    516.66    21.222  
 1.0    0.2    12.0    48.0    290.0    229.0    67.7    316.2    129.0    19.7    1.0    2.0    1.0    0.0    31.0    17.0    17.0    -17.0    48.0    67.7    1.0    290.0    316.2    4.0    229.0    3.0    129.0    2.0    517.298    518.865    518.309    531.218    5.022    536.241    14.419  
 3.0    0.2    12.0    50.0    328.0    145.0    248.0    316.6    118.7    162.0    1.0    2.0    0.0    1.0    36.0    14.0    14.0    14.0    328.0    316.6    4.0    145.0    118.7    2.0    50.0    1.0    248.0    3.0    536.879    538.446    537.89    550.801    5.021    555.822    14.421  
 3.0    7.0    5.0    154.0    222.0    22.0    291.0    235.5    44.5    137.0    2.0    1.0    0.0    0.0    155.0    -1.0    1.0    1.0    222.0    235.5    3.0    22.0    44.5    1.0    154.0    2.0    291.0    4.0    556.459    557.471    564.827    570.181    5.022    575.202    14.22  
 3.0    0.2    11.8    308.0    121.0    229.0    21.0    139.0    249.5    73.0    4.0    1.0    0.0    1.0    311.0    -3.0    3.0    3.0    121.0    139.0    2.0    229.0    249.5    3.0    308.0    4.0    21.0    1.0    575.84    576.851    577.406    589.561    5.022    594.583    14.219  
 3.0    0.2    12.0    332.0    47.0    203.0    123.0    66.8    230.5    151.0    4.0    2.0    0.0    1.0    310.0    22.0    22.0    -22.0    47.0    66.8    1.0    203.0    230.5    3.0    332.0    4.0    123.0    2.0    595.221    596.788    596.233    609.141    5.023    614.164    14.419  
 42.069    42.069    42.069    42.069    42.069    42.069    42.069    42.069    42.069    42.069    42.069    42.069    42.069    42.069    42.069    42.069    42.069    42.069    42.069    42.069    42.069    42.069    42.069    42.069    42.069    42.069    42.069    42.069    42.069    42.069    42.069    42.069    42.069    42.069    42.069  
