 type    delay1    delay2    orientation    order    axis_response    A_DC    A_DC_dist    Q_DC    A_DF    A_DF_dist    Q_DF    A_DVF    Q_DVF    A_DVF_dist    Q_DVF_dist    A_T    Q_T    A_NT1    A_NT2    A_dist    Q_dist    A_NT1_dist    A_NT2_dist    distance_t_dist  
 1.0    7.0    12.0    1.0    2.0    0.0    203.0    218.8    3.0    131.0    152.9    2.0    301.0    4.0    27.0    1.0    203.0    3.0    131.0    301.0    218.8    3.0    152.9    27.0    15.8  
 3.0    7.0    12.0    0.0    2.0    0.0    62.0    50.1    1.0    148.0    121.3    2.0    332.0    4.0    207.0    3.0    332.0    4.0    62.0    148.0    207.0    3.0    50.1    121.3    125.0  
 1.0    7.0    12.0    -1.0    2.0    0.0    335.0    319.8    4.0    149.0    123.9    2.0    24.0    1.0    243.0    3.0    335.0    4.0    149.0    24.0    319.8    4.0    123.9    243.0    15.2  
 1.0    7.0    12.0    -1.0    2.0    1.0    307.0    291.4    4.0    49.0    24.2    1.0    221.0    3.0    127.0    2.0    307.0    4.0    49.0    221.0    291.4    4.0    24.2    127.0    15.6  
 1.0    7.0    5.0    -1.0    1.0    0.0    246.0    233.0    3.0    66.0    42.3    1.0    143.0    2.0    290.0    4.0    246.0    3.0    66.0    143.0    233.0    3.0    42.3    290.0    13.0  
 1.0    7.0    5.0    1.0    1.0    1.0    232.0    244.1    3.0    301.0    330.4    4.0    40.0    1.0    148.0    2.0    232.0    3.0    301.0    40.0    244.1    3.0    330.4    148.0    12.1  
 1.0    7.0    12.0    -1.0    2.0    0.0    44.0    33.9    1.0    334.0    310.6    4.0    151.0    2.0    238.0    3.0    44.0    1.0    334.0    151.0    33.9    1.0    310.6    238.0    10.1  
 3.0    7.0    5.0    0.0    1.0    1.0    202.0    212.6    3.0    28.0    50.6    1.0    324.0    4.0    114.0    2.0    324.0    4.0    202.0    28.0    114.0    2.0    212.6    50.6    150.0  
 3.0    7.0    5.0    0.0    1.0    1.0    56.0    38.2    1.0    236.0    213.5    3.0    328.0    4.0    154.0    2.0    328.0    4.0    56.0    236.0    154.0    2.0    38.2    213.5    174.0  
 3.0    7.0    5.0    0.0    1.0    1.0    220.0    200.1    3.0    327.0    297.4    4.0    134.0    2.0    28.0    1.0    134.0    2.0    220.0    327.0    28.0    1.0    200.1    297.4    106.0  
 3.0    7.0    5.0    0.0    1.0    0.0    292.0    305.0    4.0    26.0    46.9    1.0    152.0    2.0    236.0    3.0    152.0    2.0    292.0    26.0    236.0    3.0    305.0    46.9    84.0  
 1.0    7.0    12.0    1.0    2.0    1.0    235.0    248.3    3.0    134.0    155.0    2.0    60.0    1.0    326.0    4.0    235.0    3.0    134.0    60.0    248.3    3.0    155.0    326.0    13.3  
 3.0    7.0    12.0    0.0    2.0    1.0    216.0    233.6    3.0    123.0    150.7    2.0    63.0    1.0    337.0    4.0    63.0    1.0    216.0    123.0    337.0    4.0    233.6    150.7    86.0  
 1.0    7.0    5.0    -1.0    1.0    1.0    248.0    235.8    3.0    326.0    298.4    4.0    125.0    2.0    39.0    1.0    248.0    3.0    326.0    125.0    235.8    3.0    298.4    39.0    12.2  
 3.0    7.0    12.0    0.0    2.0    1.0    34.0    45.6    1.0    131.0    159.0    2.0    228.0    3.0    291.0    4.0    228.0    3.0    34.0    131.0    291.0    4.0    45.6    159.0    63.0  
 1.0    7.0    5.0    -1.0    1.0    1.0    152.0    141.1    2.0    314.0    292.9    4.0    20.0    1.0    209.0    3.0    152.0    2.0    314.0    20.0    141.1    2.0    292.9    209.0    10.9  
 3.0    7.0    5.0    0.0    1.0    1.0    309.0    326.6    4.0    132.0    158.3    2.0    39.0    1.0    240.0    3.0    39.0    1.0    309.0    132.0    240.0    3.0    326.6    158.3    159.0  
 3.0    7.0    12.0    0.0    2.0    1.0    324.0    337.0    4.0    205.0    226.9    3.0    66.0    1.0    153.0    2.0    66.0    1.0    324.0    205.0    153.0    2.0    337.0    226.9    87.0  
 1.0    7.0    12.0    -1.0    2.0    1.0    327.0    315.5    4.0    241.0    218.2    3.0    50.0    1.0    138.0    2.0    327.0    4.0    241.0    50.0    315.5    4.0    218.2    138.0    11.5  
 3.0    7.0    5.0    0.0    1.0    1.0    58.0    40.9    1.0    244.0    222.0    3.0    124.0    2.0    316.0    4.0    124.0    2.0    58.0    244.0    316.0    4.0    40.9    222.0    168.0  
 3.0    7.0    5.0    0.0    1.0    1.0    64.0    52.7    1.0    326.0    304.1    4.0    151.0    2.0    209.0    3.0    151.0    2.0    64.0    326.0    209.0    3.0    52.7    304.1    58.0  
 3.0    7.0    5.0    0.0    1.0    1.0    300.0    315.2    4.0    44.0    69.2    1.0    222.0    3.0    150.0    2.0    222.0    3.0    300.0    44.0    150.0    2.0    315.2    69.2    72.0  
 1.0    7.0    12.0    1.0    2.0    0.0    235.0    245.3    3.0    295.0    316.1    4.0    112.0    2.0    62.0    1.0    235.0    3.0    295.0    112.0    245.3    3.0    316.1    62.0    10.3  
 3.0    7.0    12.0    0.0    2.0    0.0    245.0    231.3    3.0    55.0    26.5    1.0    131.0    2.0    298.0    4.0    131.0    2.0    245.0    55.0    298.0    4.0    231.3    26.5    167.0  
 3.0    7.0    5.0    0.0    1.0    1.0    27.0    46.3    1.0    227.0    247.1    3.0    328.0    4.0    151.0    2.0    328.0    4.0    27.0    227.0    151.0    2.0    46.3    247.1    177.0  
 3.0    7.0    5.0    0.0    1.0    1.0    222.0    208.6    3.0    333.0    307.3    4.0    35.0    1.0    145.0    2.0    35.0    1.0    222.0    333.0    145.0    2.0    208.6    307.3    110.0  
 1.0    7.0    12.0    1.0    2.0    1.0    43.0    53.4    1.0    307.0    335.0    4.0    150.0    2.0    230.0    3.0    43.0    1.0    307.0    150.0    53.4    1.0    335.0    230.0    10.4  
 1.0    7.0    12.0    -1.0    2.0    0.0    310.0    292.6    4.0    64.0    39.6    1.0    149.0    2.0    247.0    3.0    310.0    4.0    64.0    149.0    292.6    4.0    39.6    247.0    17.4  
 3.0    7.0    5.0    0.0    1.0    0.0    207.0    223.5    3.0    298.0    321.3    4.0    27.0    1.0    120.0    2.0    27.0    1.0    207.0    298.0    120.0    2.0    223.5    321.3    93.0  
 1.0    7.0    5.0    1.0    1.0    0.0    129.0    144.4    2.0    24.0    45.6    1.0    306.0    4.0    217.0    3.0    129.0    2.0    24.0    306.0    144.4    2.0    45.6    217.0    15.4  
 3.0    7.0    12.0    0.0    2.0    1.0    294.0    305.0    4.0    27.0    54.2    1.0    144.0    2.0    235.0    3.0    144.0    2.0    294.0    27.0    235.0    3.0    305.0    54.2    91.0  
 1.0    7.0    5.0    1.0    1.0    1.0    36.0    54.9    1.0    119.0    141.8    2.0    242.0    3.0    302.0    4.0    36.0    1.0    119.0    242.0    54.9    1.0    141.8    302.0    18.9  
 3.0    7.0    12.0    0.0    2.0    1.0    312.0    323.3    4.0    212.0    235.8    3.0    124.0    2.0    41.0    1.0    124.0    2.0    312.0    212.0    41.0    1.0    323.3    235.8    83.0  
 3.0    7.0    12.0    0.0    2.0    1.0    220.0    204.8    3.0    335.0    314.8    4.0    126.0    2.0    44.0    1.0    126.0    2.0    220.0    335.0    44.0    1.0    204.8    314.8    82.0  
 3.0    7.0    12.0    0.0    2.0    0.0    146.0    158.7    2.0    20.0    47.9    1.0    232.0    3.0    333.0    4.0    232.0    3.0    146.0    20.0    333.0    4.0    158.7    47.9    101.0  
 1.0    7.0    5.0    1.0    1.0    1.0    213.0    229.9    3.0    312.0    332.6    4.0    25.0    1.0    138.0    2.0    213.0    3.0    312.0    25.0    229.9    3.0    332.6    138.0    16.9  
 3.0    7.0    5.0    0.0    1.0    0.0    140.0    126.3    2.0    62.0    38.7    1.0    328.0    4.0    207.0    3.0    328.0    4.0    140.0    62.0    207.0    3.0    126.3    38.7    121.0  
 1.0    7.0    12.0    -1.0    2.0    1.0    235.0    223.5    3.0    313.0    290.1    4.0    137.0    2.0    50.0    1.0    235.0    3.0    313.0    137.0    223.5    3.0    290.1    50.0    11.5  
 1.0    7.0    12.0    1.0    2.0    0.0    21.0    37.5    1.0    219.0    241.9    3.0    324.0    4.0    156.0    2.0    21.0    1.0    219.0    324.0    37.5    1.0    241.9    156.0    16.5  
 3.0    7.0    5.0    0.0    1.0    1.0    213.0    201.0    3.0    149.0    121.9    2.0    333.0    4.0    47.0    1.0    333.0    4.0    213.0    149.0    47.0    1.0    201.0    121.9    74.0  
 1.0    7.0    12.0    1.0    2.0    0.0    297.0    314.6    4.0    223.0    249.0    3.0    134.0    2.0    66.0    1.0    297.0    4.0    223.0    134.0    314.6    4.0    249.0    66.0    17.6  
 1.0    7.0    12.0    1.0    2.0    0.0    38.0    57.2    1.0    214.0    235.3    3.0    127.0    2.0    308.0    4.0    38.0    1.0    214.0    127.0    57.2    1.0    235.3    308.0    19.2  
 3.0    7.0    5.0    0.0    1.0    0.0    110.0    127.3    2.0    25.0    53.3    1.0    241.0    3.0    290.0    4.0    241.0    3.0    110.0    25.0    290.0    4.0    127.3    53.3    49.0  
 1.0    7.0    12.0    1.0    2.0    0.0    21.0    32.4    1.0    227.0    248.9    3.0    112.0    2.0    333.0    4.0    21.0    1.0    227.0    112.0    32.4    1.0    248.9    333.0    11.4  
 1.0    7.0    12.0    1.0    2.0    0.0    299.0    318.2    4.0    130.0    159.8    2.0    67.0    1.0    214.0    3.0    299.0    4.0    130.0    67.0    318.2    4.0    159.8    214.0    19.2  
 1.0    7.0    12.0    1.0    2.0    0.0    325.0    335.2    4.0    203.0    230.6    3.0    47.0    1.0    119.0    2.0    325.0    4.0    203.0    47.0    335.2    4.0    230.6    119.0    10.2  
 1.0    7.0    12.0    -1.0    2.0    0.0    158.0    146.1    2.0    338.0    315.5    4.0    224.0    3.0    23.0    1.0    158.0    2.0    338.0    224.0    146.1    2.0    315.5    23.0    11.9  
 1.0    7.0    12.0    -1.0    2.0    0.0    153.0    133.4    2.0    246.0    220.2    3.0    324.0    4.0    24.0    1.0    153.0    2.0    246.0    324.0    133.4    2.0    220.2    24.0    19.6  
 3.0    7.0    12.0    0.0    2.0    0.0    220.0    207.9    3.0    323.0    298.4    4.0    47.0    1.0    126.0    2.0    47.0    1.0    220.0    323.0    126.0    2.0    207.9    298.4    79.0  
 1.0    7.0    12.0    1.0    2.0    1.0    315.0    331.8    4.0    40.0    65.9    1.0    237.0    3.0    144.0    2.0    315.0    4.0    40.0    237.0    331.8    4.0    65.9    144.0    16.8  
 1.0    7.0    12.0    1.0    2.0    1.0    233.0    244.5    3.0    119.0    139.5    2.0    66.0    1.0    295.0    4.0    233.0    3.0    119.0    66.0    244.5    3.0    139.5    295.0    11.5  
 3.0    7.0    5.0    0.0    1.0    0.0    224.0    213.8    3.0    156.0    135.2    2.0    27.0    1.0    306.0    4.0    27.0    1.0    224.0    156.0    306.0    4.0    213.8    135.2    81.0  
 3.0    7.0    5.0    0.0    1.0    0.0    314.0    303.1    4.0    59.0    31.3    1.0    221.0    3.0    151.0    2.0    221.0    3.0    314.0    59.0    151.0    2.0    303.1    31.3    70.0  
 3.0    7.0    5.0    0.0    1.0    1.0    141.0    151.8    2.0    213.0    237.9    3.0    321.0    4.0    50.0    1.0    321.0    4.0    141.0    213.0    50.0    1.0    151.8    237.9    89.0  
 1.0    7.0    5.0    1.0    1.0    0.0    299.0    315.0    4.0    115.0    141.1    2.0    40.0    1.0    220.0    3.0    299.0    4.0    115.0    40.0    315.0    4.0    141.1    220.0    16.0  
 3.0    7.0    12.0    0.0    2.0    0.0    40.0    22.3    1.0    336.0    312.1    4.0    216.0    3.0    128.0    2.0    216.0    3.0    40.0    336.0    128.0    2.0    22.3    312.1    88.0  
 1.0    7.0    5.0    1.0    1.0    0.0    300.0    318.6    4.0    112.0    141.2    2.0    217.0    3.0    55.0    1.0    300.0    4.0    112.0    217.0    318.6    4.0    141.2    55.0    18.6  
 3.0    7.0    5.0    0.0    1.0    1.0    213.0    201.8    3.0    53.0    23.8    1.0    144.0    2.0    316.0    4.0    144.0    2.0    213.0    53.0    316.0    4.0    201.8    23.8    172.0  
 3.0    7.0    12.0    0.0    2.0    1.0    43.0    53.9    1.0    137.0    157.3    2.0    238.0    3.0    329.0    4.0    238.0    3.0    43.0    137.0    329.0    4.0    53.9    157.3    91.0  
 3.0    7.0    5.0    0.0    1.0    1.0    34.0    51.5    1.0    223.0    246.3    3.0    129.0    2.0    294.0    4.0    129.0    2.0    34.0    223.0    294.0    4.0    51.5    246.3    165.0  
 3.0    7.0    12.0    0.0    2.0    0.0    119.0    133.6    2.0    304.0    328.4    4.0    62.0    1.0    245.0    3.0    62.0    1.0    119.0    304.0    245.0    3.0    133.6    328.4    177.0  
 1.0    7.0    12.0    1.0    2.0    1.0    229.0    244.5    3.0    39.0    61.6    1.0    142.0    2.0    312.0    4.0    229.0    3.0    39.0    142.0    244.5    3.0    61.6    312.0    15.5  
 3.0    7.0    5.0    0.0    1.0    1.0    339.0    325.5    4.0    136.0    114.8    2.0    27.0    1.0    226.0    3.0    27.0    1.0    339.0    136.0    226.0    3.0    325.5    114.8    161.0  
 1.0    7.0    12.0    -1.0    2.0    0.0    41.0    22.1    1.0    159.0    131.2    2.0    313.0    4.0    204.0    3.0    41.0    1.0    159.0    313.0    22.1    1.0    131.2    204.0    18.9  
 3.0    7.0    12.0    0.0    2.0    1.0    67.0    50.1    1.0    158.0    130.3    2.0    232.0    3.0    303.0    4.0    232.0    3.0    67.0    158.0    303.0    4.0    50.1    130.3    71.0  
 1.0    7.0    5.0    -1.0    1.0    0.0    158.0    145.8    2.0    244.0    217.7    3.0    33.0    1.0    295.0    4.0    158.0    2.0    244.0    33.0    145.8    2.0    217.7    295.0    12.2  
 3.0    7.0    12.0    0.0    2.0    0.0    211.0    223.3    3.0    302.0    331.6    4.0    49.0    1.0    150.0    2.0    49.0    1.0    211.0    302.0    150.0    2.0    223.3    331.6    101.0  
 3.0    7.0    5.0    0.0    1.0    1.0    304.0    317.8    4.0    221.0    244.4    3.0    123.0    2.0    40.0    1.0    123.0    2.0    304.0    221.0    40.0    1.0    317.8    244.4    83.0  
 3.0    7.0    5.0    0.0    1.0    1.0    225.0    243.1    3.0    302.0    326.4    4.0    68.0    1.0    144.0    2.0    68.0    1.0    225.0    302.0    144.0    2.0    243.1    326.4    76.0  
 1.0    7.0    5.0    1.0    1.0    1.0    328.0    338.5    4.0    26.0    54.4    1.0    204.0    3.0    139.0    2.0    328.0    4.0    26.0    204.0    338.5    4.0    54.4    139.0    10.5  
 3.0    7.0    12.0    0.0    2.0    0.0    49.0    61.7    1.0    200.0    225.3    3.0    154.0    2.0    304.0    4.0    154.0    2.0    49.0    200.0    304.0    4.0    61.7    225.3    150.0  
 1.0    7.0    12.0    -1.0    2.0    1.0    217.0    200.5    3.0    327.0    305.9    4.0    60.0    1.0    134.0    2.0    217.0    3.0    327.0    60.0    200.5    3.0    305.9    134.0    16.5  
 3.0    7.0    5.0    0.0    1.0    1.0    58.0    47.8    1.0    337.0    312.7    4.0    155.0    2.0    210.0    3.0    155.0    2.0    58.0    337.0    210.0    3.0    47.8    312.7    55.0  
 3.0    7.0    12.0    0.0    2.0    1.0    213.0    232.9    3.0    127.0    148.6    2.0    303.0    4.0    31.0    1.0    303.0    4.0    213.0    127.0    31.0    1.0    232.9    148.6    88.0  
 1.0    7.0    5.0    -1.0    1.0    1.0    125.0    111.8    2.0    311.0    290.5    4.0    220.0    3.0    26.0    1.0    125.0    2.0    311.0    220.0    111.8    2.0    290.5    26.0    13.2  
 1.0    7.0    5.0    -1.0    1.0    1.0    222.0    204.7    3.0    68.0    47.5    1.0    127.0    2.0    325.0    4.0    222.0    3.0    68.0    127.0    204.7    3.0    47.5    325.0    17.3  
 3.0    7.0    12.0    0.0    2.0    1.0    220.0    209.4    3.0    147.0    121.7    2.0    35.0    1.0    334.0    4.0    35.0    1.0    220.0    147.0    334.0    4.0    209.4    121.7    61.0  
 3.0    7.0    12.0    0.0    2.0    1.0    295.0    312.7    4.0    222.0    247.1    3.0    64.0    1.0    132.0    2.0    64.0    1.0    295.0    222.0    132.0    2.0    312.7    247.1    68.0  
 1.0    7.0    12.0    -1.0    2.0    0.0    64.0    50.3    1.0    141.0    118.8    2.0    211.0    3.0    323.0    4.0    64.0    1.0    141.0    211.0    50.3    1.0    118.8    323.0    13.7  
 1.0    7.0    5.0    -1.0    1.0    0.0    64.0    46.8    1.0    326.0    297.1    4.0    136.0    2.0    218.0    3.0    64.0    1.0    326.0    136.0    46.8    1.0    297.1    218.0    17.2  
 1.0    7.0    5.0    1.0    1.0    0.0    142.0    152.1    2.0    211.0    233.7    3.0    298.0    4.0    55.0    1.0    142.0    2.0    211.0    298.0    152.1    2.0    233.7    55.0    10.1  
 1.0    7.0    5.0    1.0    1.0    1.0    211.0    221.3    3.0    123.0    145.2    2.0    33.0    1.0    305.0    4.0    211.0    3.0    123.0    33.0    221.3    3.0    145.2    305.0    10.3  
 3.0    7.0    5.0    0.0    1.0    1.0    49.0    31.0    1.0    230.0    206.6    3.0    123.0    2.0    290.0    4.0    123.0    2.0    49.0    230.0    290.0    4.0    31.0    206.6    167.0  
 3.0    7.0    5.0    0.0    1.0    1.0    215.0    233.7    3.0    318.0    338.4    4.0    134.0    2.0    27.0    1.0    134.0    2.0    215.0    318.0    27.0    1.0    233.7    338.4    107.0  
 3.0    7.0    12.0    0.0    2.0    1.0    148.0    136.8    2.0    320.0    297.6    4.0    242.0    3.0    47.0    1.0    242.0    3.0    148.0    320.0    47.0    1.0    136.8    297.6    165.0  
 3.0    7.0    12.0    0.0    2.0    0.0    131.0    117.4    2.0    222.0    201.8    3.0    320.0    4.0    31.0    1.0    320.0    4.0    131.0    222.0    31.0    1.0    117.4    201.8    71.0  
 3.0    7.0    5.0    0.0    1.0    1.0    132.0    147.2    2.0    305.0    325.0    4.0    209.0    3.0    41.0    1.0    209.0    3.0    132.0    305.0    41.0    1.0    147.2    325.0    168.0  
 3.0    7.0    12.0    0.0    2.0    1.0    134.0    117.6    2.0    59.0    33.9    1.0    302.0    4.0    241.0    3.0    302.0    4.0    134.0    59.0    241.0    3.0    117.6    33.9    61.0  
 1.0    7.0    12.0    -1.0    2.0    0.0    66.0    52.1    1.0    159.0    134.4    2.0    217.0    3.0    322.0    4.0    66.0    1.0    159.0    217.0    52.1    1.0    134.4    322.0    13.9  
 3.0    7.0    5.0    0.0    1.0    1.0    60.0    48.2    1.0    159.0    136.6    2.0    322.0    4.0    239.0    3.0    322.0    4.0    60.0    159.0    239.0    3.0    48.2    136.6    83.0  
 1.0    7.0    12.0    -1.0    2.0    1.0    226.0    209.8    3.0    156.0    127.4    2.0    331.0    4.0    22.0    1.0    226.0    3.0    156.0    331.0    209.8    3.0    127.4    22.0    16.2  
 1.0    7.0    5.0    1.0    1.0    1.0    298.0    313.3    4.0    117.0    145.5    2.0    203.0    3.0    56.0    1.0    298.0    4.0    117.0    203.0    313.3    4.0    145.5    56.0    15.3  
 3.0    7.0    12.0    0.0    2.0    1.0    293.0    309.4    4.0    131.0    151.1    2.0    49.0    1.0    233.0    3.0    49.0    1.0    293.0    131.0    233.0    3.0    309.4    151.1    176.0  
 1.0    7.0    5.0    -1.0    1.0    0.0    143.0    124.3    2.0    228.0    201.2    3.0    315.0    4.0    38.0    1.0    143.0    2.0    228.0    315.0    124.3    2.0    201.2    38.0    18.7  
 1.0    7.0    12.0    -1.0    2.0    0.0    130.0    117.1    2.0    61.0    32.0    1.0    299.0    4.0    233.0    3.0    130.0    2.0    61.0    299.0    117.1    2.0    32.0    233.0    12.9  
 3.0    7.0    5.0    0.0    1.0    0.0    124.0    111.8    2.0    315.0    291.9    4.0    212.0    3.0    52.0    1.0    212.0    3.0    124.0    315.0    52.0    1.0    111.8    291.9    160.0  
 3.0    7.0    12.0    0.0    2.0    1.0    292.0    311.1    4.0    200.0    221.3    3.0    143.0    2.0    31.0    1.0    143.0    2.0    292.0    200.0    31.0    1.0    311.1    221.3    112.0  
 1.0    7.0    5.0    1.0    1.0    1.0    31.0    50.5    1.0    204.0    225.5    3.0    305.0    4.0    111.0    2.0    31.0    1.0    204.0    305.0    50.5    1.0    225.5    111.0    19.5  
 1.0    7.0    12.0    -1.0    2.0    1.0    37.0    22.5    1.0    241.0    219.0    3.0    308.0    4.0    117.0    2.0    37.0    1.0    241.0    308.0    22.5    1.0    219.0    117.0    14.5  
 1.0    7.0    12.0    1.0    2.0    0.0    133.0    150.3    2.0    291.0    320.7    4.0    34.0    1.0    241.0    3.0    133.0    2.0    291.0    34.0    150.3    2.0    320.7    241.0    17.3  
 3.0    7.0    5.0    0.0    1.0    1.0    52.0    39.9    1.0    339.0    311.3    4.0    212.0    3.0    131.0    2.0    212.0    3.0    52.0    339.0    131.0    2.0    39.9    311.3    81.0  
 1.0    7.0    5.0    -1.0    1.0    0.0    338.0    322.1    4.0    45.0    20.2    1.0    133.0    2.0    239.0    3.0    338.0    4.0    45.0    133.0    322.1    4.0    20.2    239.0    15.9  
 1.0    7.0    5.0    -1.0    1.0    1.0    134.0    116.3    2.0    234.0    211.8    3.0    24.0    1.0    329.0    4.0    134.0    2.0    234.0    24.0    116.3    2.0    211.8    329.0    17.7  
 1.0    7.0    5.0    1.0    1.0    1.0    116.0    128.4    2.0    207.0    230.0    3.0    26.0    1.0    294.0    4.0    116.0    2.0    207.0    26.0    128.4    2.0    230.0    294.0    12.4  
 3.0    7.0    5.0    0.0    1.0    0.0    315.0    300.3    4.0    238.0    211.8    3.0    54.0    1.0    114.0    2.0    54.0    1.0    315.0    238.0    114.0    2.0    300.3    211.8    60.0  
 3.0    7.0    12.0    0.0    2.0    1.0    323.0    306.5    4.0    241.0    220.2    3.0    140.0    2.0    67.0    1.0    140.0    2.0    323.0    241.0    67.0    1.0    306.5    220.2    73.0  
 1.0    7.0    12.0    -1.0    2.0    0.0    242.0    225.0    3.0    53.0    25.4    1.0    151.0    2.0    323.0    4.0    242.0    3.0    53.0    151.0    225.0    3.0    25.4    323.0    17.0  
 3.0    7.0    5.0    0.0    1.0    1.0    21.0    35.4    1.0    308.0    330.1    4.0    126.0    2.0    225.0    3.0    126.0    2.0    21.0    308.0    225.0    3.0    35.4    330.1    99.0  
 1.0    7.0    5.0    1.0    1.0    1.0    294.0    308.8    4.0    27.0    49.3    1.0    208.0    3.0    140.0    2.0    294.0    4.0    27.0    208.0    308.8    4.0    49.3    140.0    14.8  
 3.0    7.0    12.0    0.0    2.0    0.0    221.0    238.0    3.0    290.0    316.0    4.0    63.0    1.0    115.0    2.0    63.0    1.0    221.0    290.0    115.0    2.0    238.0    316.0    52.0  
 3.0    7.0    12.0    0.0    2.0    0.0    41.0    24.3    1.0    330.0    304.7    4.0    139.0    2.0    233.0    3.0    139.0    2.0    41.0    330.0    233.0    3.0    24.3    304.7    94.0  
 3.0    7.0    5.0    0.0    1.0    1.0    326.0    309.9    4.0    151.0    125.9    2.0    69.0    1.0    249.0    3.0    69.0    1.0    326.0    151.0    249.0    3.0    309.9    125.9    180.0  
 3.0    7.0    12.0    0.0    2.0    1.0    145.0    125.8    2.0    240.0    215.4    3.0    44.0    1.0    299.0    4.0    44.0    1.0    145.0    240.0    299.0    4.0    125.8    215.4    105.0  
 3.0    7.0    12.0    0.0    2.0    0.0    111.0    122.9    2.0    35.0    59.4    1.0    332.0    4.0    205.0    3.0    332.0    4.0    111.0    35.0    205.0    3.0    122.9    59.4    127.0  
 1.0    7.0    5.0    1.0    1.0    1.0    213.0    227.8    3.0    295.0    318.9    4.0    131.0    2.0    54.0    1.0    213.0    3.0    295.0    131.0    227.8    3.0    318.9    54.0    14.8  
 1.0    7.0    12.0    1.0    2.0    1.0    296.0    313.9    4.0    42.0    62.2    1.0    137.0    2.0    240.0    3.0    296.0    4.0    42.0    137.0    313.9    4.0    62.2    240.0    17.9  
 1.0    7.0    12.0    -1.0    2.0    0.0    236.0    220.1    3.0    144.0    115.9    2.0    48.0    1.0    311.0    4.0    236.0    3.0    144.0    48.0    220.1    3.0    115.9    311.0    15.9  
 3.0    7.0    5.0    0.0    1.0    1.0    217.0    233.8    3.0    292.0    314.8    4.0    137.0    2.0    22.0    1.0    137.0    2.0    217.0    292.0    22.0    1.0    233.8    314.8    115.0  
 1.0    7.0    5.0    1.0    1.0    0.0    47.0    57.3    1.0    114.0    134.7    2.0    227.0    3.0    319.0    4.0    47.0    1.0    114.0    227.0    57.3    1.0    134.7    319.0    10.3  
 3.0    7.0    12.0    0.0    2.0    0.0    304.0    292.0    4.0    136.0    114.3    2.0    209.0    3.0    47.0    1.0    209.0    3.0    304.0    136.0    47.0    1.0    292.0    114.3    162.0  
 3.0    7.0    12.0    0.0    2.0    1.0    307.0    318.5    4.0    24.0    44.2    1.0    159.0    2.0    222.0    3.0    159.0    2.0    307.0    24.0    222.0    3.0    318.5    44.2    63.0  
 3.0    7.0    12.0    0.0    2.0    1.0    305.0    291.1    4.0    140.0    112.5    2.0    221.0    3.0    26.0    1.0    221.0    3.0    305.0    140.0    26.0    1.0    291.1    112.5    165.0  
 1.0    7.0    5.0    1.0    1.0    0.0    218.0    230.2    3.0    116.0    144.9    2.0    53.0    1.0    314.0    4.0    218.0    3.0    116.0    53.0    230.2    3.0    144.9    314.0    12.2  
 1.0    7.0    5.0    1.0    1.0    1.0    115.0    129.3    2.0    304.0    328.3    4.0    37.0    1.0    204.0    3.0    115.0    2.0    304.0    37.0    129.3    2.0    328.3    204.0    14.3  
 3.0    7.0    12.0    0.0    2.0    0.0    30.0    45.2    1.0    220.0    244.4    3.0    318.0    4.0    134.0    2.0    318.0    4.0    30.0    220.0    134.0    2.0    45.2    244.4    176.0  
 1.0    7.0    5.0    -1.0    1.0    0.0    63.0    49.3    1.0    324.0    296.6    4.0    206.0    3.0    119.0    2.0    63.0    1.0    324.0    206.0    49.3    1.0    296.6    119.0    13.7  
 3.0    7.0    12.0    0.0    2.0    0.0    142.0    159.5    2.0    304.0    324.3    4.0    239.0    3.0    28.0    1.0    239.0    3.0    142.0    304.0    28.0    1.0    159.5    324.3    149.0  
 1.0    7.0    12.0    1.0    2.0    0.0    207.0    225.8    3.0    30.0    54.8    1.0    112.0    2.0    311.0    4.0    207.0    3.0    30.0    112.0    225.8    3.0    54.8    311.0    18.8  
 1.0    7.0    12.0    1.0    2.0    0.0    231.0    249.2    3.0    296.0    324.6    4.0    134.0    2.0    28.0    1.0    231.0    3.0    296.0    134.0    249.2    3.0    324.6    28.0    18.2  
 1.0    7.0    12.0    -1.0    2.0    1.0    228.0    215.7    3.0    152.0    129.5    2.0    335.0    4.0    30.0    1.0    228.0    3.0    152.0    335.0    215.7    3.0    129.5    30.0    12.3  
 1.0    7.0    5.0    -1.0    1.0    1.0    147.0    128.2    2.0    231.0    201.8    3.0    26.0    1.0    304.0    4.0    147.0    2.0    231.0    26.0    128.2    2.0    201.8    304.0    18.8  
 3.0    7.0    5.0    0.0    1.0    1.0    316.0    334.6    4.0    223.0    248.8    3.0    44.0    1.0    113.0    2.0    44.0    1.0    316.0    223.0    113.0    2.0    334.6    248.8    69.0  
 1.0    7.0    12.0    1.0    2.0    0.0    137.0    152.6    2.0    23.0    47.6    1.0    228.0    3.0    327.0    4.0    137.0    2.0    23.0    228.0    152.6    2.0    47.6    327.0    15.6  
 1.0    7.0    5.0    1.0    1.0    0.0    213.0    230.2    3.0    125.0    146.3    2.0    29.0    1.0    294.0    4.0    213.0    3.0    125.0    29.0    230.2    3.0    146.3    294.0    17.2  
 1.0    7.0    12.0    1.0    2.0    1.0    313.0    324.3    4.0    225.0    245.7    3.0    111.0    2.0    26.0    1.0    313.0    4.0    225.0    111.0    324.3    4.0    245.7    26.0    11.3  
 3.0    7.0    5.0    0.0    1.0    1.0    240.0    221.9    3.0    68.0    41.3    1.0    291.0    4.0    133.0    2.0    291.0    4.0    240.0    68.0    133.0    2.0    221.9    41.3    158.0  
 3.0    7.0    12.0    0.0    2.0    1.0    326.0    312.2    4.0    133.0    112.3    2.0    233.0    3.0    38.0    1.0    233.0    3.0    326.0    133.0    38.0    1.0    312.2    112.3    165.0  
 3.0    7.0    5.0    0.0    1.0    0.0    302.0    320.4    4.0    122.0    147.0    2.0    44.0    1.0    204.0    3.0    44.0    1.0    302.0    122.0    204.0    3.0    320.4    147.0    160.0  
 1.0    7.0    12.0    -1.0    2.0    1.0    320.0    301.8    4.0    57.0    36.0    1.0    126.0    2.0    212.0    3.0    320.0    4.0    57.0    126.0    301.8    4.0    36.0    212.0    18.2  
 3.0    7.0    12.0    0.0    2.0    1.0    220.0    237.0    3.0    127.0    154.5    2.0    48.0    1.0    293.0    4.0    48.0    1.0    220.0    127.0    293.0    4.0    237.0    154.5    115.0  
 3.0    7.0    5.0    0.0    1.0    1.0    229.0    215.4    3.0    158.0    131.1    2.0    58.0    1.0    302.0    4.0    58.0    1.0    229.0    158.0    302.0    4.0    215.4    131.1    116.0  
 3.0    7.0    5.0    0.0    1.0    0.0    236.0    247.6    3.0    128.0    149.9    2.0    309.0    4.0    35.0    1.0    309.0    4.0    236.0    128.0    35.0    1.0    247.6    149.9    86.0  
 3.0    7.0    12.0    0.0    2.0    0.0    215.0    226.2    3.0    308.0    337.6    4.0    115.0    2.0    36.0    1.0    115.0    2.0    215.0    308.0    36.0    1.0    226.2    337.6    79.0  
 3.0    7.0    5.0    0.0    1.0    1.0    233.0    246.8    3.0    123.0    152.4    2.0    25.0    1.0    322.0    4.0    25.0    1.0    233.0    123.0    322.0    4.0    246.8    152.4    63.0  
 3.0    7.0    12.0    0.0    2.0    1.0    140.0    126.4    2.0    228.0    200.4    3.0    28.0    1.0    303.0    4.0    28.0    1.0    140.0    228.0    303.0    4.0    126.4    200.4    85.0  
 1.0    7.0    12.0    1.0    2.0    0.0    292.0    304.4    4.0    118.0    146.5    2.0    47.0    1.0    244.0    3.0    292.0    4.0    118.0    47.0    304.4    4.0    146.5    244.0    12.4  
 3.0    7.0    12.0    0.0    2.0    1.0    320.0    331.6    4.0    117.0    145.4    2.0    218.0    3.0    30.0    1.0    218.0    3.0    320.0    117.0    30.0    1.0    331.6    145.4    172.0  
 1.0    7.0    12.0    1.0    2.0    1.0    298.0    310.4    4.0    136.0    157.7    2.0    32.0    1.0    230.0    3.0    298.0    4.0    136.0    32.0    310.4    4.0    157.7    230.0    12.4  
 1.0    7.0    12.0    -1.0    2.0    0.0    122.0    110.9    2.0    226.0    205.6    3.0    33.0    1.0    330.0    4.0    122.0    2.0    226.0    33.0    110.9    2.0    205.6    330.0    11.1  
 3.0    7.0    12.0    0.0    2.0    0.0    326.0    309.3    4.0    131.0    111.0    2.0    239.0    3.0    68.0    1.0    239.0    3.0    326.0    131.0    68.0    1.0    309.3    111.0    171.0  
 1.0    7.0    12.0    -1.0    2.0    1.0    59.0    47.0    1.0    136.0    110.9    2.0    290.0    4.0    220.0    3.0    59.0    1.0    136.0    290.0    47.0    1.0    110.9    220.0    12.0  
 3.0    7.0    5.0    0.0    1.0    1.0    300.0    316.5    4.0    203.0    224.3    3.0    153.0    2.0    50.0    1.0    153.0    2.0    300.0    203.0    50.0    1.0    316.5    224.3    103.0  
 3.0    7.0    5.0    0.0    1.0    0.0    44.0    32.5    1.0    247.0    222.9    3.0    147.0    2.0    303.0    4.0    147.0    2.0    44.0    247.0    303.0    4.0    32.5    222.9    156.0  
 1.0    7.0    5.0    -1.0    1.0    1.0    132.0    113.1    2.0    313.0    291.9    4.0    65.0    1.0    223.0    3.0    132.0    2.0    313.0    65.0    113.1    2.0    291.9    223.0    18.9  
 1.0    7.0    12.0    -1.0    2.0    0.0    334.0    321.6    4.0    240.0    211.9    3.0    48.0    1.0    153.0    2.0    334.0    4.0    240.0    48.0    321.6    4.0    211.9    153.0    12.4  
 1.0    7.0    5.0    -1.0    1.0    0.0    227.0    207.7    3.0    48.0    22.2    1.0    294.0    4.0    140.0    2.0    227.0    3.0    48.0    294.0    207.7    3.0    22.2    140.0    19.3  
 3.0    7.0    12.0    0.0    2.0    1.0    68.0    55.7    1.0    227.0    205.7    3.0    315.0    4.0    147.0    2.0    315.0    4.0    68.0    227.0    147.0    2.0    55.7    205.7    168.0  
 3.0    7.0    5.0    0.0    1.0    1.0    132.0    118.4    2.0    324.0    294.1    4.0    212.0    3.0    42.0    1.0    212.0    3.0    132.0    324.0    42.0    1.0    118.4    294.1    170.0  
 1.0    7.0    12.0    -1.0    2.0    0.0    234.0    217.2    3.0    140.0    114.1    2.0    24.0    1.0    339.0    4.0    234.0    3.0    140.0    24.0    217.2    3.0    114.1    339.0    16.8  
 3.0    7.0    5.0    0.0    1.0    0.0    149.0    134.5    2.0    45.0    22.6    1.0    308.0    4.0    218.0    3.0    308.0    4.0    149.0    45.0    218.0    3.0    134.5    22.6    90.0  
 3.0    7.0    12.0    0.0    2.0    0.0    28.0    44.6    1.0    225.0    248.0    3.0    149.0    2.0    308.0    4.0    149.0    2.0    28.0    225.0    308.0    4.0    44.6    248.0    159.0  
 1.0    7.0    12.0    1.0    2.0    1.0    312.0    324.8    4.0    24.0    44.7    1.0    211.0    3.0    140.0    2.0    312.0    4.0    24.0    211.0    324.8    4.0    44.7    140.0    12.8  
 3.0    7.0    5.0    0.0    1.0    1.0    146.0    126.2    2.0    56.0    30.5    1.0    323.0    4.0    226.0    3.0    323.0    4.0    146.0    56.0    226.0    3.0    126.2    30.5    97.0  
 3.0    7.0    12.0    0.0    2.0    0.0    338.0    323.7    4.0    65.0    41.1    1.0    125.0    2.0    204.0    3.0    125.0    2.0    338.0    65.0    204.0    3.0    323.7    41.1    79.0  
 3.0    7.0    12.0    0.0    2.0    0.0    129.0    140.8    2.0    34.0    59.9    1.0    223.0    3.0    302.0    4.0    223.0    3.0    129.0    34.0    302.0    4.0    140.8    59.9    79.0  
 1.0    7.0    12.0    -1.0    2.0    1.0    48.0    32.8    1.0    240.0    210.8    3.0    330.0    4.0    134.0    2.0    48.0    1.0    240.0    330.0    32.8    1.0    210.8    134.0    15.2  
 1.0    7.0    5.0    -1.0    1.0    0.0    49.0    32.1    1.0    133.0    110.3    2.0    325.0    4.0    227.0    3.0    49.0    1.0    133.0    325.0    32.1    1.0    110.3    227.0    16.9  
 3.0    7.0    12.0    0.0    2.0    0.0    66.0    54.0    1.0    157.0    128.1    2.0    295.0    4.0    247.0    3.0    295.0    4.0    66.0    157.0    247.0    3.0    54.0    128.1    48.0  
 3.0    7.0    12.0    0.0    2.0    0.0    203.0    222.7    3.0    115.0    137.9    2.0    23.0    1.0    317.0    4.0    23.0    1.0    203.0    115.0    317.0    4.0    222.7    137.9    66.0  
 3.0    7.0    5.0    0.0    1.0    0.0    224.0    206.1    3.0    132.0    111.5    2.0    334.0    4.0    51.0    1.0    334.0    4.0    224.0    132.0    51.0    1.0    206.1    111.5    77.0  
 3.0    7.0    12.0    0.0    2.0    0.0    322.0    334.8    4.0    24.0    53.9    1.0    110.0    2.0    209.0    3.0    110.0    2.0    322.0    24.0    209.0    3.0    334.8    53.9    99.0  
 1.0    7.0    5.0    -1.0    1.0    1.0    240.0    223.0    3.0    59.0    38.5    1.0    300.0    4.0    115.0    2.0    240.0    3.0    59.0    300.0    223.0    3.0    38.5    115.0    17.0  
 1.0    7.0    12.0    1.0    2.0    0.0    34.0    53.4    1.0    202.0    225.5    3.0    337.0    4.0    156.0    2.0    34.0    1.0    202.0    337.0    53.4    1.0    225.5    156.0    19.4  
 1.0    7.0    12.0    -1.0    2.0    1.0    59.0    47.3    1.0    314.0    292.0    4.0    244.0    3.0    114.0    2.0    59.0    1.0    314.0    244.0    47.3    1.0    292.0    114.0    11.7  
 1.0    7.0    5.0    -1.0    1.0    1.0    123.0    112.3    2.0    233.0    204.4    3.0    336.0    4.0    30.0    1.0    123.0    2.0    233.0    336.0    112.3    2.0    204.4    30.0    10.7  
 3.0    7.0    12.0    0.0    2.0    1.0    155.0    137.7    2.0    335.0    305.8    4.0    235.0    3.0    45.0    1.0    235.0    3.0    155.0    335.0    45.0    1.0    137.7    305.8    170.0  
 1.0    7.0    12.0    1.0    2.0    1.0    218.0    235.1    3.0    24.0    49.2    1.0    154.0    2.0    317.0    4.0    218.0    3.0    24.0    154.0    235.1    3.0    49.2    317.0    17.1  
 3.0    7.0    5.0    0.0    1.0    0.0    117.0    131.1    2.0    303.0    324.2    4.0    38.0    1.0    246.0    3.0    38.0    1.0    117.0    303.0    246.0    3.0    131.1    324.2    152.0  
 3.0    7.0    5.0    0.0    1.0    0.0    224.0    208.4    3.0    143.0    122.4    2.0    52.0    1.0    296.0    4.0    52.0    1.0    224.0    143.0    296.0    4.0    208.4    122.4    116.0  
 1.0    7.0    12.0    -1.0    2.0    1.0    67.0    54.3    1.0    323.0    302.3    4.0    147.0    2.0    242.0    3.0    67.0    1.0    323.0    147.0    54.3    1.0    302.3    242.0    12.7  
 1.0    7.0    5.0    -1.0    1.0    1.0    147.0    130.8    2.0    325.0    299.7    4.0    57.0    1.0    248.0    3.0    147.0    2.0    325.0    57.0    130.8    2.0    299.7    248.0    16.2  
 1.0    7.0    12.0    -1.0    2.0    0.0    142.0    122.7    2.0    331.0    303.5    4.0    247.0    3.0    52.0    1.0    142.0    2.0    331.0    247.0    122.7    2.0    303.5    52.0    19.3  
 3.0    7.0    12.0    0.0    2.0    1.0    147.0    128.6    2.0    238.0    208.5    3.0    329.0    4.0    40.0    1.0    329.0    4.0    147.0    238.0    40.0    1.0    128.6    208.5    71.0  
 1.0    7.0    12.0    1.0    2.0    0.0    204.0    223.7    3.0    43.0    67.7    1.0    323.0    4.0    151.0    2.0    204.0    3.0    43.0    323.0    223.7    3.0    67.7    151.0    19.7  
 1.0    7.0    5.0    1.0    1.0    1.0    129.0    143.5    2.0    219.0    240.1    3.0    68.0    1.0    297.0    4.0    129.0    2.0    219.0    68.0    143.5    2.0    240.1    297.0    14.5  
 3.0    7.0    5.0    0.0    1.0    1.0    304.0    291.6    4.0    154.0    124.2    2.0    235.0    3.0    47.0    1.0    235.0    3.0    304.0    154.0    47.0    1.0    291.6    124.2    172.0  
 3.0    7.0    12.0    0.0    2.0    0.0    316.0    303.9    4.0    51.0    23.0    1.0    142.0    2.0    223.0    3.0    142.0    2.0    316.0    51.0    223.0    3.0    303.9    23.0    81.0  
 1.0    7.0    12.0    1.0    2.0    1.0    298.0    315.6    4.0    131.0    159.3    2.0    53.0    1.0    226.0    3.0    298.0    4.0    131.0    53.0    315.6    4.0    159.3    226.0    17.6  
 3.0    7.0    12.0    0.0    2.0    1.0    46.0    35.5    1.0    325.0    304.8    4.0    215.0    3.0    135.0    2.0    215.0    3.0    46.0    325.0    135.0    2.0    35.5    304.8    80.0  
 3.0    7.0    12.0    0.0    2.0    1.0    312.0    299.8    4.0    237.0    208.6    3.0    150.0    2.0    36.0    1.0    150.0    2.0    312.0    237.0    36.0    1.0    299.8    208.6    114.0  
 3.0    7.0    5.0    0.0    1.0    1.0    132.0    145.1    2.0    310.0    330.4    4.0    60.0    1.0    203.0    3.0    60.0    1.0    132.0    310.0    203.0    3.0    145.1    330.4    143.0  
 1.0    7.0    5.0    1.0    1.0    1.0    223.0    241.3    3.0    128.0    156.2    2.0    53.0    1.0    291.0    4.0    223.0    3.0    128.0    53.0    241.3    3.0    156.2    291.0    18.3  
 1.0    7.0    12.0    -1.0    2.0    0.0    329.0    312.1    4.0    61.0    32.1    1.0    136.0    2.0    248.0    3.0    329.0    4.0    61.0    136.0    312.1    4.0    32.1    248.0    16.9  
 3.0    7.0    12.0    0.0    2.0    0.0    30.0    44.4    1.0    112.0    138.6    2.0    205.0    3.0    299.0    4.0    205.0    3.0    30.0    112.0    299.0    4.0    44.4    138.6    94.0  
 3.0    7.0    5.0    0.0    1.0    1.0    229.0    247.2    3.0    45.0    67.0    1.0    123.0    2.0    297.0    4.0    123.0    2.0    229.0    45.0    297.0    4.0    247.2    67.0    174.0  
 1.0    7.0    12.0    -1.0    2.0    0.0    237.0    226.4    3.0    148.0    119.9    2.0    315.0    4.0    47.0    1.0    237.0    3.0    148.0    315.0    226.4    3.0    119.9    47.0    10.6  
 3.0    7.0    12.0    0.0    2.0    1.0    308.0    327.3    4.0    38.0    63.8    1.0    212.0    3.0    123.0    2.0    212.0    3.0    308.0    38.0    123.0    2.0    327.3    63.8    89.0  
 3.0    7.0    5.0    0.0    1.0    0.0    49.0    32.8    1.0    232.0    210.4    3.0    153.0    2.0    300.0    4.0    153.0    2.0    49.0    232.0    300.0    4.0    32.8    210.4    147.0  
 1.0    7.0    5.0    1.0    1.0    1.0    224.0    235.1    3.0    310.0    333.8    4.0    135.0    2.0    57.0    1.0    224.0    3.0    310.0    135.0    235.1    3.0    333.8    57.0    11.1  
 1.0    7.0    5.0    1.0    1.0    0.0    113.0    126.5    2.0    303.0    329.5    4.0    204.0    3.0    48.0    1.0    113.0    2.0    303.0    204.0    126.5    2.0    329.5    48.0    13.5  
 3.0    7.0    12.0    0.0    2.0    1.0    159.0    143.4    2.0    64.0    35.2    1.0    236.0    3.0    334.0    4.0    236.0    3.0    159.0    64.0    334.0    4.0    143.4    35.2    98.0  
 3.0    7.0    12.0    0.0    2.0    0.0    318.0    306.3    4.0    48.0    22.4    1.0    114.0    2.0    211.0    3.0    114.0    2.0    318.0    48.0    211.0    3.0    306.3    22.4    97.0  
 1.0    7.0    12.0    -1.0    2.0    1.0    153.0    138.1    2.0    243.0    221.5    3.0    325.0    4.0    37.0    1.0    153.0    2.0    243.0    325.0    138.1    2.0    221.5    37.0    14.9  
 1.0    7.0    12.0    -1.0    2.0    1.0    221.0    205.9    3.0    136.0    112.9    2.0    325.0    4.0    65.0    1.0    221.0    3.0    136.0    325.0    205.9    3.0    112.9    65.0    15.1  
 1.0    7.0    5.0    -1.0    1.0    1.0    242.0    226.6    3.0    147.0    123.9    2.0    337.0    4.0    36.0    1.0    242.0    3.0    147.0    337.0    226.6    3.0    123.9    36.0    15.4  
 1.0    7.0    5.0    1.0    1.0    1.0    221.0    239.4    3.0    115.0    136.8    2.0    300.0    4.0    69.0    1.0    221.0    3.0    115.0    300.0    239.4    3.0    136.8    69.0    18.4  
 3.0    7.0    12.0    0.0    2.0    1.0    246.0    233.1    3.0    330.0    302.5    4.0    43.0    1.0    116.0    2.0    43.0    1.0    246.0    330.0    116.0    2.0    233.1    302.5    73.0  
 3.0    7.0    5.0    0.0    1.0    1.0    222.0    207.0    3.0    149.0    128.9    2.0    67.0    1.0    297.0    4.0    67.0    1.0    222.0    149.0    297.0    4.0    207.0    128.9    130.0  
 3.0    7.0    5.0    0.0    1.0    1.0    35.0    52.5    1.0    208.0    235.5    3.0    312.0    4.0    154.0    2.0    312.0    4.0    35.0    208.0    154.0    2.0    52.5    235.5    158.0  
 3.0    7.0    12.0    0.0    2.0    0.0    294.0    312.8    4.0    118.0    145.6    2.0    239.0    3.0    36.0    1.0    239.0    3.0    294.0    118.0    36.0    1.0    312.8    145.6    157.0  
 3.0    7.0    5.0    0.0    1.0    0.0    22.0    34.3    1.0    309.0    335.2    4.0    225.0    3.0    137.0    2.0    225.0    3.0    22.0    309.0    137.0    2.0    34.3    335.2    88.0  
 3.0    7.0    12.0    0.0    2.0    1.0    202.0    213.7    3.0    307.0    334.0    4.0    136.0    2.0    34.0    1.0    136.0    2.0    202.0    307.0    34.0    1.0    213.7    334.0    102.0  
 3.0    7.0    12.0    0.0    2.0    0.0    49.0    68.8    1.0    307.0    329.3    4.0    117.0    2.0    221.0    3.0    117.0    2.0    49.0    307.0    221.0    3.0    68.8    329.3    104.0  
 1.0    7.0    5.0    -1.0    1.0    0.0    221.0    210.6    3.0    313.0    292.6    4.0    27.0    1.0    115.0    2.0    221.0    3.0    313.0    27.0    210.6    3.0    292.6    115.0    10.4  
 1.0    7.0    12.0    -1.0    2.0    0.0    227.0    210.4    3.0    325.0    301.8    4.0    117.0    2.0    67.0    1.0    227.0    3.0    325.0    117.0    210.4    3.0    301.8    67.0    16.6  
 3.0    7.0    12.0    0.0    2.0    0.0    311.0    324.1    4.0    112.0    135.2    2.0    51.0    1.0    245.0    3.0    51.0    1.0    311.0    112.0    245.0    3.0    324.1    135.2    166.0  
 1.0    7.0    5.0    -1.0    1.0    1.0    227.0    209.6    3.0    335.0    309.4    4.0    129.0    2.0    26.0    1.0    227.0    3.0    335.0    129.0    209.6    3.0    309.4    26.0    17.4  
 3.0    7.0    12.0    0.0    2.0    1.0    201.0    215.1    3.0    121.0    141.7    2.0    300.0    4.0    67.0    1.0    300.0    4.0    201.0    121.0    67.0    1.0    215.1    141.7    127.0  
 1.0    7.0    5.0    -1.0    1.0    0.0    46.0    30.5    1.0    324.0    298.7    4.0    156.0    2.0    224.0    3.0    46.0    1.0    324.0    156.0    30.5    1.0    298.7    224.0    15.5  
 3.0    7.0    5.0    0.0    1.0    0.0    26.0    43.2    1.0    122.0    147.3    2.0    215.0    3.0    303.0    4.0    215.0    3.0    26.0    122.0    303.0    4.0    43.2    147.3    88.0  
 3.0    7.0    12.0    0.0    2.0    0.0    321.0    310.1    4.0    229.0    201.6    3.0    157.0    2.0    51.0    1.0    157.0    2.0    321.0    229.0    51.0    1.0    310.1    201.6    106.0  
 1.0    7.0    12.0    1.0    2.0    1.0    297.0    309.3    4.0    35.0    55.9    1.0    157.0    2.0    223.0    3.0    297.0    4.0    35.0    157.0    309.3    4.0    55.9    223.0    12.3  
 1.0    7.0    5.0    -1.0    1.0    1.0    229.0    217.0    3.0    148.0    127.1    2.0    336.0    4.0    25.0    1.0    229.0    3.0    148.0    336.0    217.0    3.0    127.1    25.0    12.0  
 3.0    7.0    5.0    0.0    1.0    1.0    123.0    112.8    2.0    62.0    40.1    1.0    210.0    3.0    330.0    4.0    210.0    3.0    123.0    62.0    330.0    4.0    112.8    40.1    120.0  
 3.0    7.0    5.0    0.0    1.0    1.0    235.0    246.2    3.0    36.0    61.7    1.0    130.0    2.0    321.0    4.0    130.0    2.0    235.0    36.0    321.0    4.0    246.2    61.7    169.0  
 1.0    7.0    5.0    1.0    1.0    0.0    227.0    244.8    3.0    307.0    330.4    4.0    159.0    2.0    37.0    1.0    227.0    3.0    307.0    159.0    244.8    3.0    330.4    37.0    17.8  
 1.0    7.0    12.0    1.0    2.0    0.0    119.0    138.5    2.0    301.0    321.0    4.0    62.0    1.0    239.0    3.0    119.0    2.0    301.0    62.0    138.5    2.0    321.0    239.0    19.5  
 3.0    7.0    12.0    0.0    2.0    0.0    225.0    209.4    3.0    146.0    117.4    2.0    48.0    1.0    312.0    4.0    48.0    1.0    225.0    146.0    312.0    4.0    209.4    117.4    96.0  
 3.0    7.0    5.0    0.0    1.0    0.0    134.0    147.1    2.0    24.0    44.0    1.0    302.0    4.0    245.0    3.0    302.0    4.0    134.0    24.0    245.0    3.0    147.1    44.0    57.0  
 1.0    7.0    5.0    -1.0    1.0    0.0    333.0    321.3    4.0    47.0    25.3    1.0    214.0    3.0    158.0    2.0    333.0    4.0    47.0    214.0    321.3    4.0    25.3    158.0    11.7  
 3.0    7.0    5.0    0.0    1.0    0.0    53.0    39.1    1.0    149.0    120.4    2.0    214.0    3.0    317.0    4.0    214.0    3.0    53.0    149.0    317.0    4.0    39.1    120.4    103.0  
 3.0    7.0    5.0    0.0    1.0    0.0    129.0    142.8    2.0    202.0    225.6    3.0    23.0    1.0    318.0    4.0    23.0    1.0    129.0    202.0    318.0    4.0    142.8    225.6    65.0  
 1.0    7.0    5.0    1.0    1.0    0.0    204.0    220.7    3.0    126.0    148.3    2.0    337.0    4.0    28.0    1.0    204.0    3.0    126.0    337.0    220.7    3.0    148.3    28.0    16.7  
 1.0    7.0    5.0    1.0    1.0    1.0    302.0    316.0    4.0    206.0    234.8    3.0    37.0    1.0    155.0    2.0    302.0    4.0    206.0    37.0    316.0    4.0    234.8    155.0    14.0  
 1.0    7.0    5.0    -1.0    1.0    1.0    65.0    45.5    1.0    331.0    307.7    4.0    135.0    2.0    246.0    3.0    65.0    1.0    331.0    135.0    45.5    1.0    307.7    246.0    19.5  
 3.0    7.0    12.0    0.0    2.0    0.0    296.0    313.9    4.0    116.0    136.0    2.0    52.0    1.0    221.0    3.0    52.0    1.0    296.0    116.0    221.0    3.0    313.9    136.0    169.0  
 1.0    7.0    5.0    1.0    1.0    0.0    132.0    142.0    2.0    316.0    336.9    4.0    243.0    3.0    43.0    1.0    132.0    2.0    316.0    243.0    142.0    2.0    336.9    43.0    10.0  
 1.0    7.0    12.0    1.0    2.0    0.0    41.0    58.5    1.0    303.0    329.1    4.0    231.0    3.0    122.0    2.0    41.0    1.0    303.0    231.0    58.5    1.0    329.1    122.0    17.5  
 1.0    7.0    5.0    -1.0    1.0    0.0    134.0    122.3    2.0    48.0    25.8    1.0    327.0    4.0    216.0    3.0    134.0    2.0    48.0    327.0    122.3    2.0    25.8    216.0    11.7  
 1.0    7.0    5.0    -1.0    1.0    0.0    235.0    220.4    3.0    51.0    28.7    1.0    303.0    4.0    139.0    2.0    235.0    3.0    51.0    303.0    220.4    3.0    28.7    139.0    14.6  
 3.0    7.0    5.0    0.0    1.0    0.0    117.0    136.7    2.0    41.0    66.4    1.0    217.0    3.0    312.0    4.0    217.0    3.0    117.0    41.0    312.0    4.0    136.7    66.4    95.0  
 1.0    7.0    5.0    -1.0    1.0    1.0    158.0    138.7    2.0    239.0    217.8    3.0    305.0    4.0    60.0    1.0    158.0    2.0    239.0    305.0    138.7    2.0    217.8    60.0    19.3  
 1.0    7.0    5.0    1.0    1.0    1.0    118.0    136.6    2.0    34.0    61.7    1.0    320.0    4.0    247.0    3.0    118.0    2.0    34.0    320.0    136.6    2.0    61.7    247.0    18.6  
 1.0    7.0    12.0    1.0    2.0    0.0    209.0    222.2    3.0    44.0    64.5    1.0    333.0    4.0    158.0    2.0    209.0    3.0    44.0    333.0    222.2    3.0    64.5    158.0    13.2  
 3.0    7.0    12.0    0.0    2.0    1.0    57.0    43.4    1.0    237.0    213.5    3.0    336.0    4.0    116.0    2.0    336.0    4.0    57.0    237.0    116.0    2.0    43.4    213.5    140.0  
 1.0    7.0    12.0    -1.0    2.0    1.0    159.0    148.1    2.0    238.0    209.1    3.0    308.0    4.0    64.0    1.0    159.0    2.0    238.0    308.0    148.1    2.0    209.1    64.0    10.9  
 1.0    7.0    5.0    1.0    1.0    0.0    303.0    322.3    4.0    128.0    149.0    2.0    43.0    1.0    238.0    3.0    303.0    4.0    128.0    43.0    322.3    4.0    149.0    238.0    19.3  
 3.0    7.0    12.0    0.0    2.0    0.0    302.0    313.3    4.0    224.0    248.5    3.0    66.0    1.0    112.0    2.0    66.0    1.0    302.0    224.0    112.0    2.0    313.3    248.5    46.0  
 3.0    7.0    12.0    0.0    2.0    0.0    213.0    224.8    3.0    35.0    63.4    1.0    113.0    2.0    333.0    4.0    113.0    2.0    213.0    35.0    333.0    4.0    224.8    63.4    140.0  
 1.0    7.0    5.0    1.0    1.0    1.0    217.0    230.8    3.0    26.0    51.8    1.0    294.0    4.0    159.0    2.0    217.0    3.0    26.0    294.0    230.8    3.0    51.8    159.0    13.8  
 1.0    7.0    5.0    -1.0    1.0    1.0    51.0    35.9    1.0    323.0    297.9    4.0    201.0    3.0    142.0    2.0    51.0    1.0    323.0    201.0    35.9    1.0    297.9    142.0    15.1  
 1.0    7.0    5.0    -1.0    1.0    1.0    159.0    148.2    2.0    327.0    303.5    4.0    57.0    1.0    231.0    3.0    159.0    2.0    327.0    57.0    148.2    2.0    303.5    231.0    10.8  
 3.0    7.0    5.0    0.0    1.0    1.0    22.0    41.8    1.0    298.0    326.4    4.0    151.0    2.0    200.0    3.0    151.0    2.0    22.0    298.0    200.0    3.0    41.8    326.4    49.0  
 1.0    7.0    5.0    1.0    1.0    1.0    39.0    50.6    1.0    302.0    326.2    4.0    144.0    2.0    230.0    3.0    39.0    1.0    302.0    144.0    50.6    1.0    326.2    230.0    11.6  
 3.0    7.0    5.0    0.0    1.0    1.0    326.0    312.7    4.0    48.0    27.9    1.0    245.0    3.0    135.0    2.0    245.0    3.0    326.0    48.0    135.0    2.0    312.7    27.9    110.0  
 1.0    7.0    5.0    -1.0    1.0    0.0    159.0    146.4    2.0    242.0    219.1    3.0    33.0    1.0    304.0    4.0    159.0    2.0    242.0    33.0    146.4    2.0    219.1    304.0    12.6  
 3.0    7.0    5.0    0.0    1.0    0.0    227.0    210.4    3.0    325.0    300.7    4.0    29.0    1.0    111.0    2.0    29.0    1.0    227.0    325.0    111.0    2.0    210.4    300.7    82.0  
 1.0    7.0    5.0    1.0    1.0    1.0    141.0    151.8    2.0    218.0    239.2    3.0    43.0    1.0    309.0    4.0    141.0    2.0    218.0    43.0    151.8    2.0    239.2    309.0    10.8  
 1.0    7.0    5.0    1.0    1.0    1.0    227.0    241.1    3.0    20.0    49.8    1.0    139.0    2.0    327.0    4.0    227.0    3.0    20.0    139.0    241.1    3.0    49.8    327.0    14.1  
 3.0    7.0    5.0    0.0    1.0    1.0    139.0    156.4    2.0    209.0    237.7    3.0    26.0    1.0    295.0    4.0    26.0    1.0    139.0    209.0    295.0    4.0    156.4    237.7    91.0  
 1.0    7.0    12.0    -1.0    2.0    0.0    59.0    39.9    1.0    230.0    200.8    3.0    311.0    4.0    141.0    2.0    59.0    1.0    230.0    311.0    39.9    1.0    200.8    141.0    19.1  
 1.0    7.0    12.0    1.0    2.0    0.0    34.0    51.1    1.0    118.0    142.8    2.0    311.0    4.0    212.0    3.0    34.0    1.0    118.0    311.0    51.1    1.0    142.8    212.0    17.1  
 1.0    7.0    5.0    -1.0    1.0    1.0    47.0    34.5    1.0    339.0    311.7    4.0    140.0    2.0    231.0    3.0    47.0    1.0    339.0    140.0    34.5    1.0    311.7    231.0    12.5  
 3.0    7.0    5.0    0.0    1.0    1.0    41.0    26.5    1.0    247.0    218.6    3.0    130.0    2.0    303.0    4.0    130.0    2.0    41.0    247.0    303.0    4.0    26.5    218.6    173.0  
 3.0    7.0    12.0    0.0    2.0    0.0    37.0    22.4    1.0    313.0    290.2    4.0    229.0    3.0    157.0    2.0    229.0    3.0    37.0    313.0    157.0    2.0    22.4    290.2    72.0  
 3.0    7.0    5.0    0.0    1.0    0.0    245.0    225.6    3.0    48.0    27.4    1.0    110.0    2.0    314.0    4.0    110.0    2.0    245.0    48.0    314.0    4.0    225.6    27.4    156.0  
 3.0    7.0    5.0    0.0    1.0    0.0    135.0    115.9    2.0    55.0    30.4    1.0    239.0    3.0    311.0    4.0    239.0    3.0    135.0    55.0    311.0    4.0    115.9    30.4    72.0  
 3.0    7.0    5.0    0.0    1.0    1.0    307.0    292.2    4.0    153.0    129.3    2.0    225.0    3.0    31.0    1.0    225.0    3.0    307.0    153.0    31.0    1.0    292.2    129.3    166.0  
 1.0    7.0    12.0    1.0    2.0    0.0    141.0    152.3    2.0    301.0    329.5    4.0    38.0    1.0    244.0    3.0    141.0    2.0    301.0    38.0    152.3    2.0    329.5    244.0    11.3  
 1.0    7.0    12.0    1.0    2.0    0.0    55.0    69.1    1.0    310.0    330.6    4.0    150.0    2.0    245.0    3.0    55.0    1.0    310.0    150.0    69.1    1.0    330.6    245.0    14.1  
 1.0    7.0    5.0    1.0    1.0    0.0    122.0    138.8    2.0    218.0    244.4    3.0    294.0    4.0    63.0    1.0    122.0    2.0    218.0    294.0    138.8    2.0    244.4    63.0    16.8  
 1.0    7.0    5.0    1.0    1.0    1.0    206.0    225.3    3.0    119.0    143.0    2.0    63.0    1.0    338.0    4.0    206.0    3.0    119.0    63.0    225.3    3.0    143.0    338.0    19.3  
 1.0    7.0    12.0    1.0    2.0    1.0    291.0    301.7    4.0    216.0    244.5    3.0    47.0    1.0    114.0    2.0    291.0    4.0    216.0    47.0    301.7    4.0    244.5    114.0    10.7  
 1.0    7.0    12.0    -1.0    2.0    0.0    326.0    307.8    4.0    49.0    20.0    1.0    236.0    3.0    153.0    2.0    326.0    4.0    49.0    236.0    307.8    4.0    20.0    153.0    18.2  
 3.0    7.0    12.0    0.0    2.0    1.0    295.0    305.6    4.0    118.0    146.8    2.0    51.0    1.0    232.0    3.0    51.0    1.0    295.0    118.0    232.0    3.0    305.6    146.8    179.0  
 3.0    7.0    5.0    0.0    1.0    1.0    142.0    156.8    2.0    23.0    52.3    1.0    327.0    4.0    206.0    3.0    327.0    4.0    142.0    23.0    206.0    3.0    156.8    52.3    121.0  
 1.0    7.0    5.0    -1.0    1.0    0.0    38.0    21.2    1.0    241.0    216.4    3.0    138.0    2.0    317.0    4.0    38.0    1.0    241.0    138.0    21.2    1.0    216.4    317.0    16.8  
 1.0    7.0    5.0    1.0    1.0    0.0    49.0    62.3    1.0    212.0    239.3    3.0    299.0    4.0    112.0    2.0    49.0    1.0    212.0    299.0    62.3    1.0    239.3    112.0    13.3  
 3.0    7.0    12.0    0.0    2.0    1.0    139.0    157.5    2.0    292.0    318.0    4.0    229.0    3.0    31.0    1.0    229.0    3.0    139.0    292.0    31.0    1.0    157.5    318.0    162.0  
 1.0    7.0    12.0    1.0    2.0    0.0    141.0    153.6    2.0    295.0    321.9    4.0    65.0    1.0    225.0    3.0    141.0    2.0    295.0    65.0    153.6    2.0    321.9    225.0    12.6  
 1.0    7.0    12.0    1.0    2.0    1.0    297.0    316.3    4.0    133.0    156.2    2.0    241.0    3.0    66.0    1.0    297.0    4.0    133.0    241.0    316.3    4.0    156.2    66.0    19.3  
 3.0    7.0    12.0    0.0    2.0    0.0    41.0    24.0    1.0    235.0    205.3    3.0    159.0    2.0    329.0    4.0    159.0    2.0    41.0    235.0    329.0    4.0    24.0    205.3    170.0  
 1.0    7.0    5.0    1.0    1.0    0.0    208.0    220.1    3.0    122.0    146.7    2.0    50.0    1.0    291.0    4.0    208.0    3.0    122.0    50.0    220.1    3.0    146.7    291.0    12.1  
 1.0    7.0    12.0    -1.0    2.0    0.0    65.0    46.9    1.0    229.0    200.8    3.0    327.0    4.0    146.0    2.0    65.0    1.0    229.0    327.0    46.9    1.0    200.8    146.0    18.1  
 3.0    7.0    12.0    0.0    2.0    0.0    157.0    138.3    2.0    245.0    222.3    3.0    37.0    1.0    331.0    4.0    37.0    1.0    157.0    245.0    331.0    4.0    138.3    222.3    66.0  
 1.0    7.0    12.0    -1.0    2.0    1.0    229.0    213.2    3.0    64.0    41.1    1.0    303.0    4.0    114.0    2.0    229.0    3.0    64.0    303.0    213.2    3.0    41.1    114.0    15.8  
 3.0    7.0    12.0    0.0    2.0    1.0    142.0    128.3    2.0    338.0    308.2    4.0    64.0    1.0    228.0    3.0    64.0    1.0    142.0    338.0    228.0    3.0    128.3    308.2    164.0  
 3.0    7.0    12.0    0.0    2.0    1.0    52.0    68.7    1.0    298.0    320.9    4.0    235.0    3.0    134.0    2.0    235.0    3.0    52.0    298.0    134.0    2.0    68.7    320.9    101.0  
 3.0    7.0    12.0    0.0    2.0    0.0    307.0    324.2    4.0    131.0    157.8    2.0    224.0    3.0    60.0    1.0    224.0    3.0    307.0    131.0    60.0    1.0    324.2    157.8    164.0  
 1.0    7.0    5.0    1.0    1.0    0.0    111.0    129.6    2.0    291.0    315.5    4.0    69.0    1.0    243.0    3.0    111.0    2.0    291.0    69.0    129.6    2.0    315.5    243.0    18.6  
 1.0    7.0    5.0    -1.0    1.0    1.0    244.0    231.8    3.0    50.0    22.8    1.0    131.0    2.0    313.0    4.0    244.0    3.0    50.0    131.0    231.8    3.0    22.8    313.0    12.2  
 3.0    7.0    12.0    0.0    2.0    1.0    26.0    44.2    1.0    204.0    229.8    3.0    155.0    2.0    327.0    4.0    155.0    2.0    26.0    204.0    327.0    4.0    44.2    229.8    172.0  
 1.0    7.0    5.0    -1.0    1.0    0.0    52.0    35.3    1.0    156.0    128.6    2.0    312.0    4.0    240.0    3.0    52.0    1.0    156.0    312.0    35.3    1.0    128.6    240.0    16.7  
 1.0    7.0    5.0    1.0    1.0    1.0    228.0    243.5    3.0    25.0    51.3    1.0    120.0    2.0    327.0    4.0    228.0    3.0    25.0    120.0    243.5    3.0    51.3    327.0    15.5  
 3.0    7.0    12.0    0.0    2.0    0.0    159.0    144.6    2.0    52.0    28.3    1.0    335.0    4.0    212.0    3.0    335.0    4.0    159.0    52.0    212.0    3.0    144.6    28.3    123.0  
 1.0    7.0    12.0    1.0    2.0    0.0    234.0    249.9    3.0    31.0    56.1    1.0    315.0    4.0    152.0    2.0    234.0    3.0    31.0    315.0    249.9    3.0    56.1    152.0    15.9  
 1.0    7.0    12.0    1.0    2.0    1.0    53.0    66.2    1.0    133.0    156.6    2.0    215.0    3.0    327.0    4.0    53.0    1.0    133.0    215.0    66.2    1.0    156.6    327.0    13.2  
 3.0    7.0    12.0    0.0    2.0    1.0    52.0    33.0    1.0    230.0    204.1    3.0    141.0    2.0    339.0    4.0    141.0    2.0    52.0    230.0    339.0    4.0    33.0    204.1    162.0  
 1.0    7.0    12.0    1.0    2.0    1.0    328.0    339.5    4.0    130.0    153.2    2.0    38.0    1.0    212.0    3.0    328.0    4.0    130.0    38.0    339.5    4.0    153.2    212.0    11.5  
 1.0    7.0    12.0    -1.0    2.0    0.0    224.0    205.6    3.0    140.0    113.2    2.0    42.0    1.0    313.0    4.0    224.0    3.0    140.0    42.0    205.6    3.0    113.2    313.0    18.4  
 3.0    7.0    5.0    0.0    1.0    0.0    233.0    222.0    3.0    315.0    291.4    4.0    147.0    2.0    32.0    1.0    147.0    2.0    233.0    315.0    32.0    1.0    222.0    291.4    115.0  
 1.0    7.0    12.0    -1.0    2.0    0.0    58.0    46.4    1.0    157.0    135.6    2.0    217.0    3.0    330.0    4.0    58.0    1.0    157.0    217.0    46.4    1.0    135.6    330.0    11.6  
 1.0    7.0    12.0    -1.0    2.0    1.0    36.0    20.8    1.0    149.0    126.5    2.0    335.0    4.0    205.0    3.0    36.0    1.0    149.0    335.0    20.8    1.0    126.5    205.0    15.2  
 1.0    7.0    12.0    1.0    2.0    0.0    233.0    247.2    3.0    303.0    328.0    4.0    26.0    1.0    152.0    2.0    233.0    3.0    303.0    26.0    247.2    3.0    328.0    152.0    14.2  
 3.0    7.0    5.0    0.0    1.0    0.0    57.0    44.7    1.0    249.0    225.7    3.0    117.0    2.0    297.0    4.0    117.0    2.0    57.0    249.0    297.0    4.0    44.7    225.7    180.0  
 1.0    7.0    5.0    -1.0    1.0    1.0    306.0    295.9    4.0    144.0    120.3    2.0    236.0    3.0    46.0    1.0    306.0    4.0    144.0    236.0    295.9    4.0    120.3    46.0    10.1  
 3.0    7.0    12.0    0.0    2.0    1.0    63.0    45.5    1.0    317.0    292.3    4.0    246.0    3.0    130.0    2.0    246.0    3.0    63.0    317.0    130.0    2.0    45.5    292.3    116.0  
 3.0    7.0    5.0    0.0    1.0    1.0    219.0    229.2    3.0    23.0    48.9    1.0    126.0    2.0    310.0    4.0    126.0    2.0    219.0    23.0    310.0    4.0    229.2    48.9    176.0  
 1.0    7.0    5.0    -1.0    1.0    0.0    59.0    46.3    1.0    321.0    298.9    4.0    122.0    2.0    234.0    3.0    59.0    1.0    321.0    122.0    46.3    1.0    298.9    234.0    12.7  
 1.0    7.0    12.0    -1.0    2.0    0.0    307.0    292.3    4.0    59.0    37.2    1.0    124.0    2.0    239.0    3.0    307.0    4.0    59.0    124.0    292.3    4.0    37.2    239.0    14.7  
 1.0    7.0    12.0    -1.0    2.0    0.0    234.0    223.2    3.0    143.0    120.6    2.0    59.0    1.0    299.0    4.0    234.0    3.0    143.0    59.0    223.2    3.0    120.6    299.0    10.8  
 1.0    7.0    5.0    -1.0    1.0    0.0    58.0    40.1    1.0    231.0    201.9    3.0    119.0    2.0    312.0    4.0    58.0    1.0    231.0    119.0    40.1    1.0    201.9    312.0    17.9  
 1.0    7.0    12.0    -1.0    2.0    1.0    134.0    121.8    2.0    48.0    27.1    1.0    219.0    3.0    329.0    4.0    134.0    2.0    48.0    219.0    121.8    2.0    27.1    329.0    12.2  
 3.0    7.0    12.0    0.0    2.0    0.0    62.0    45.1    1.0    233.0    204.5    3.0    300.0    4.0    123.0    2.0    300.0    4.0    62.0    233.0    123.0    2.0    45.1    204.5    177.0  
 3.0    7.0    5.0    0.0    1.0    1.0    141.0    122.1    2.0    338.0    309.7    4.0    30.0    1.0    215.0    3.0    30.0    1.0    141.0    338.0    215.0    3.0    122.1    309.7    175.0  
 1.0    7.0    5.0    -1.0    1.0    0.0    124.0    112.4    2.0    336.0    314.4    4.0    57.0    1.0    213.0    3.0    124.0    2.0    336.0    57.0    112.4    2.0    314.4    213.0    11.6  
 1.0    7.0    5.0    -1.0    1.0    1.0    247.0    227.5    3.0    146.0    119.0    2.0    299.0    4.0    47.0    1.0    247.0    3.0    146.0    299.0    227.5    3.0    119.0    47.0    19.5  
 3.0    7.0    5.0    0.0    1.0    0.0    42.0    23.3    1.0    314.0    292.0    4.0    213.0    3.0    127.0    2.0    213.0    3.0    42.0    314.0    127.0    2.0    23.3    292.0    86.0  
 1.0    7.0    5.0    1.0    1.0    1.0    125.0    142.1    2.0    41.0    64.1    1.0    311.0    4.0    221.0    3.0    125.0    2.0    41.0    311.0    142.1    2.0    64.1    221.0    17.1  
 1.0    7.0    12.0    -1.0    2.0    0.0    214.0    201.8    3.0    133.0    111.1    2.0    50.0    1.0    322.0    4.0    214.0    3.0    133.0    50.0    201.8    3.0    111.1    322.0    12.2  
 3.0    7.0    12.0    0.0    2.0    0.0    122.0    141.6    2.0    296.0    316.1    4.0    27.0    1.0    221.0    3.0    27.0    1.0    122.0    296.0    221.0    3.0    141.6    316.1    166.0  
 3.0    7.0    5.0    0.0    1.0    0.0    134.0    119.2    2.0    239.0    215.2    3.0    311.0    4.0    30.0    1.0    311.0    4.0    134.0    239.0    30.0    1.0    119.2    215.2    79.0  
 3.0    7.0    12.0    0.0    2.0    1.0    54.0    34.3    1.0    153.0    124.0    2.0    228.0    3.0    322.0    4.0    228.0    3.0    54.0    153.0    322.0    4.0    34.3    124.0    94.0  
 1.0    7.0    12.0    -1.0    2.0    0.0    222.0    208.1    3.0    147.0    124.2    2.0    327.0    4.0    41.0    1.0    222.0    3.0    147.0    327.0    208.1    3.0    124.2    41.0    13.9  
 1.0    7.0    5.0    1.0    1.0    1.0    38.0    57.6    1.0    135.0    159.2    2.0    297.0    4.0    228.0    3.0    38.0    1.0    135.0    297.0    57.6    1.0    159.2    228.0    19.6  
 3.0    7.0    5.0    0.0    1.0    0.0    36.0    55.5    1.0    313.0    335.4    4.0    149.0    2.0    211.0    3.0    149.0    2.0    36.0    313.0    211.0    3.0    55.5    335.4    62.0  
 3.0    7.0    5.0    0.0    1.0    0.0    223.0    239.6    3.0    124.0    146.1    2.0    323.0    4.0    43.0    1.0    323.0    4.0    223.0    124.0    43.0    1.0    239.6    146.1    80.0  
 1.0    7.0    5.0    1.0    1.0    0.0    118.0    129.2    2.0    314.0    336.8    4.0    245.0    3.0    61.0    1.0    118.0    2.0    314.0    245.0    129.2    2.0    336.8    61.0    11.2  
 1.0    7.0    12.0    1.0    2.0    0.0    123.0    137.6    2.0    295.0    320.5    4.0    231.0    3.0    38.0    1.0    123.0    2.0    295.0    231.0    137.6    2.0    320.5    38.0    14.6  
 3.0    7.0    5.0    0.0    1.0    0.0    244.0    229.1    3.0    159.0    132.5    2.0    302.0    4.0    48.0    1.0    302.0    4.0    244.0    159.0    48.0    1.0    229.1    132.5    106.0  
 1.0    7.0    5.0    -1.0    1.0    0.0    68.0    48.8    1.0    224.0    203.5    3.0    315.0    4.0    116.0    2.0    68.0    1.0    224.0    315.0    48.8    1.0    203.5    116.0    19.2  
 3.0    7.0    5.0    0.0    1.0    1.0    39.0    25.4    1.0    245.0    223.8    3.0    294.0    4.0    125.0    2.0    294.0    4.0    39.0    245.0    125.0    2.0    25.4    223.8    169.0  
 3.0    7.0    5.0    0.0    1.0    1.0    227.0    242.9    3.0    131.0    156.2    2.0    296.0    4.0    59.0    1.0    296.0    4.0    227.0    131.0    59.0    1.0    242.9    156.2    123.0  
 1.0    7.0    5.0    -1.0    1.0    1.0    333.0    313.2    4.0    225.0    201.8    3.0    145.0    2.0    52.0    1.0    333.0    4.0    225.0    145.0    313.2    4.0    201.8    52.0    19.8  
 3.0    7.0    5.0    0.0    1.0    1.0    298.0    315.9    4.0    34.0    59.2    1.0    135.0    2.0    219.0    3.0    135.0    2.0    298.0    34.0    219.0    3.0    315.9    59.2    84.0  
 3.0    7.0    12.0    0.0    2.0    0.0    133.0    151.3    2.0    210.0    235.3    3.0    298.0    4.0    48.0    1.0    298.0    4.0    133.0    210.0    48.0    1.0    151.3    235.3    110.0  
 1.0    7.0    12.0    1.0    2.0    0.0    28.0    43.0    1.0    303.0    323.8    4.0    143.0    2.0    239.0    3.0    28.0    1.0    303.0    143.0    43.0    1.0    323.8    239.0    15.0  
 3.0    7.0    5.0    0.0    1.0    1.0    303.0    314.4    4.0    33.0    60.6    1.0    153.0    2.0    221.0    3.0    153.0    2.0    303.0    33.0    221.0    3.0    314.4    60.6    68.0  
 3.0    7.0    12.0    0.0    2.0    1.0    302.0    291.2    4.0    239.0    214.5    3.0    131.0    2.0    46.0    1.0    131.0    2.0    302.0    239.0    46.0    1.0    291.2    214.5    85.0  
 3.0    7.0    5.0    0.0    1.0    1.0    314.0    296.1    4.0    229.0    202.0    3.0    49.0    1.0    119.0    2.0    49.0    1.0    314.0    229.0    119.0    2.0    296.1    202.0    70.0  
 3.0    7.0    12.0    0.0    2.0    0.0    59.0    46.7    1.0    316.0    292.2    4.0    229.0    3.0    134.0    2.0    229.0    3.0    59.0    316.0    134.0    2.0    46.7    292.2    95.0  
 1.0    7.0    12.0    -1.0    2.0    1.0    241.0    225.9    3.0    69.0    42.1    1.0    314.0    4.0    117.0    2.0    241.0    3.0    69.0    314.0    225.9    3.0    42.1    117.0    15.1  
 1.0    7.0    12.0    -1.0    2.0    1.0    125.0    110.5    2.0    331.0    304.6    4.0    35.0    1.0    233.0    3.0    125.0    2.0    331.0    35.0    110.5    2.0    304.6    233.0    14.5  
 1.0    7.0    12.0    1.0    2.0    1.0    51.0    65.0    1.0    203.0    230.2    3.0    153.0    2.0    339.0    4.0    51.0    1.0    203.0    153.0    65.0    1.0    230.2    339.0    14.0  
 3.0    7.0    5.0    0.0    1.0    1.0    136.0    148.1    2.0    317.0    339.2    4.0    59.0    1.0    213.0    3.0    59.0    1.0    136.0    317.0    213.0    3.0    148.1    339.2    154.0  
 1.0    7.0    5.0    -1.0    1.0    1.0    314.0    295.4    4.0    155.0    134.0    2.0    241.0    3.0    60.0    1.0    314.0    4.0    155.0    241.0    295.4    4.0    134.0    60.0    18.6  
 1.0    7.0    12.0    -1.0    2.0    1.0    68.0    49.1    1.0    319.0    296.6    4.0    113.0    2.0    243.0    3.0    68.0    1.0    319.0    113.0    49.1    1.0    296.6    243.0    18.9  
 3.0    7.0    12.0    0.0    2.0    1.0    227.0    246.6    3.0    130.0    157.3    2.0    324.0    4.0    49.0    1.0    324.0    4.0    227.0    130.0    49.0    1.0    246.6    157.3    85.0  
 3.0    7.0    12.0    0.0    2.0    0.0    137.0    120.4    2.0    313.0    290.3    4.0    246.0    3.0    26.0    1.0    246.0    3.0    137.0    313.0    26.0    1.0    120.4    290.3    140.0  
 1.0    7.0    5.0    1.0    1.0    0.0    52.0    68.7    1.0    308.0    335.5    4.0    143.0    2.0    206.0    3.0    52.0    1.0    308.0    143.0    68.7    1.0    335.5    206.0    16.7  
 3.0    7.0    12.0    0.0    2.0    1.0    229.0    210.7    3.0    69.0    48.2    1.0    127.0    2.0    330.0    4.0    127.0    2.0    229.0    69.0    330.0    4.0    210.7    48.2    157.0  
 1.0    7.0    5.0    -1.0    1.0    1.0    41.0    27.9    1.0    240.0    211.8    3.0    309.0    4.0    127.0    2.0    41.0    1.0    240.0    309.0    27.9    1.0    211.8    127.0    13.1  
 1.0    7.0    12.0    1.0    2.0    0.0    303.0    318.4    4.0    24.0    49.7    1.0    135.0    2.0    233.0    3.0    303.0    4.0    24.0    135.0    318.4    4.0    49.7    233.0    15.4  
 3.0    7.0    5.0    0.0    1.0    1.0    39.0    24.8    1.0    152.0    126.3    2.0    339.0    4.0    227.0    3.0    339.0    4.0    39.0    152.0    227.0    3.0    24.8    126.3    112.0  
 1.0    7.0    12.0    1.0    2.0    1.0    129.0    140.7    2.0    21.0    49.2    1.0    299.0    4.0    203.0    3.0    129.0    2.0    21.0    299.0    140.7    2.0    49.2    203.0    11.7  
 1.0    7.0    5.0    -1.0    1.0    1.0    238.0    222.9    3.0    60.0    36.5    1.0    129.0    2.0    322.0    4.0    238.0    3.0    60.0    129.0    222.9    3.0    36.5    322.0    15.1  
 1.0    7.0    5.0    -1.0    1.0    0.0    228.0    217.9    3.0    50.0    29.8    1.0    322.0    4.0    111.0    2.0    228.0    3.0    50.0    322.0    217.9    3.0    29.8    111.0    10.1  
 3.0    7.0    12.0    0.0    2.0    1.0    56.0    67.6    1.0    207.0    228.1    3.0    117.0    2.0    299.0    4.0    117.0    2.0    56.0    207.0    299.0    4.0    67.6    228.1    178.0  
 3.0    7.0    5.0    0.0    1.0    0.0    32.0    51.9    1.0    217.0    245.6    3.0    306.0    4.0    150.0    2.0    306.0    4.0    32.0    217.0    150.0    2.0    51.9    245.6    156.0  
 3.0    7.0    5.0    0.0    1.0    0.0    318.0    333.4    4.0    125.0    146.5    2.0    207.0    3.0    30.0    1.0    207.0    3.0    318.0    125.0    30.0    1.0    333.4    146.5    177.0  
 1.0    7.0    12.0    1.0    2.0    1.0    321.0    337.6    4.0    219.0    247.8    3.0    141.0    2.0    63.0    1.0    321.0    4.0    219.0    141.0    337.6    4.0    247.8    63.0    16.6  
 1.0    7.0    5.0    1.0    1.0    1.0    293.0    308.1    4.0    28.0    52.2    1.0    125.0    2.0    207.0    3.0    293.0    4.0    28.0    125.0    308.1    4.0    52.2    207.0    15.1  
 3.0    7.0    12.0    0.0    2.0    1.0    38.0    53.9    1.0    200.0    226.3    3.0    296.0    4.0    153.0    2.0    296.0    4.0    38.0    200.0    153.0    2.0    53.9    226.3    143.0  
 3.0    7.0    5.0    0.0    1.0    0.0    228.0    211.9    3.0    51.0    30.6    1.0    301.0    4.0    142.0    2.0    301.0    4.0    228.0    51.0    142.0    2.0    211.9    30.6    159.0  
 3.0    7.0    5.0    0.0    1.0    1.0    298.0    315.0    4.0    38.0    66.3    1.0    143.0    2.0    246.0    3.0    143.0    2.0    298.0    38.0    246.0    3.0    315.0    66.3    103.0  
 3.0    7.0    12.0    0.0    2.0    0.0    239.0    228.8    3.0    323.0    299.3    4.0    22.0    1.0    157.0    2.0    22.0    1.0    239.0    323.0    157.0    2.0    228.8    299.3    135.0  
 1.0    7.0    5.0    1.0    1.0    1.0    207.0    221.4    3.0    299.0    328.4    4.0    32.0    1.0    114.0    2.0    207.0    3.0    299.0    32.0    221.4    3.0    328.4    114.0    14.4  
 1.0    7.0    12.0    1.0    2.0    1.0    312.0    324.6    4.0    222.0    249.4    3.0    41.0    1.0    155.0    2.0    312.0    4.0    222.0    41.0    324.6    4.0    249.4    155.0    12.6  
 3.0    7.0    5.0    0.0    1.0    0.0    290.0    303.9    4.0    125.0    146.1    2.0    55.0    1.0    208.0    3.0    55.0    1.0    290.0    125.0    208.0    3.0    303.9    146.1    153.0  
 3.0    7.0    5.0    0.0    1.0    1.0    40.0    59.7    1.0    306.0    329.6    4.0    227.0    3.0    135.0    2.0    227.0    3.0    40.0    306.0    135.0    2.0    59.7    329.6    92.0  
 3.0    7.0    5.0    0.0    1.0    1.0    43.0    24.2    1.0    249.0    225.6    3.0    321.0    4.0    116.0    2.0    321.0    4.0    43.0    249.0    116.0    2.0    24.2    225.6    155.0  
 1.0    7.0    12.0    1.0    2.0    1.0    318.0    330.2    4.0    127.0    155.5    2.0    33.0    1.0    227.0    3.0    318.0    4.0    127.0    33.0    330.2    4.0    155.5    227.0    12.2  
 3.0    7.0    12.0    0.0    2.0    0.0    210.0    221.5    3.0    117.0    144.8    2.0    322.0    4.0    66.0    1.0    322.0    4.0    210.0    117.0    66.0    1.0    221.5    144.8    104.0  
 1.0    7.0    5.0    1.0    1.0    0.0    319.0    335.7    4.0    46.0    66.8    1.0    227.0    3.0    129.0    2.0    319.0    4.0    46.0    227.0    335.7    4.0    66.8    129.0    16.7  
 1.0    7.0    5.0    1.0    1.0    0.0    20.0    37.4    1.0    302.0    328.6    4.0    234.0    3.0    145.0    2.0    20.0    1.0    302.0    234.0    37.4    1.0    328.6    145.0    17.4  
 1.0    7.0    12.0    -1.0    2.0    1.0    226.0    208.6    3.0    315.0    290.7    4.0    137.0    2.0    29.0    1.0    226.0    3.0    315.0    137.0    208.6    3.0    290.7    29.0    17.4  
 3.0    7.0    5.0    0.0    1.0    0.0    121.0    134.6    2.0    202.0    227.1    3.0    294.0    4.0    63.0    1.0    294.0    4.0    121.0    202.0    63.0    1.0    134.6    227.1    129.0  
 1.0    7.0    12.0    -1.0    2.0    0.0    42.0    25.7    1.0    243.0    220.0    3.0    329.0    4.0    159.0    2.0    42.0    1.0    243.0    329.0    25.7    1.0    220.0    159.0    16.3  
 1.0    7.0    5.0    1.0    1.0    0.0    129.0    148.9    2.0    35.0    56.2    1.0    302.0    4.0    223.0    3.0    129.0    2.0    35.0    302.0    148.9    2.0    56.2    223.0    19.9  
 1.0    7.0    12.0    1.0    2.0    1.0    207.0    220.4    3.0    32.0    55.1    1.0    130.0    2.0    322.0    4.0    207.0    3.0    32.0    130.0    220.4    3.0    55.1    322.0    13.4  
 1.0    7.0    12.0    1.0    2.0    1.0    38.0    55.6    1.0    133.0    153.5    2.0    310.0    4.0    218.0    3.0    38.0    1.0    133.0    310.0    55.6    1.0    153.5    218.0    17.6  
 3.0    7.0    12.0    0.0    2.0    0.0    304.0    318.4    4.0    123.0    150.9    2.0    241.0    3.0    50.0    1.0    241.0    3.0    304.0    123.0    50.0    1.0    318.4    150.9    169.0  
 1.0    7.0    5.0    -1.0    1.0    1.0    215.0    202.6    3.0    323.0    294.8    4.0    68.0    1.0    159.0    2.0    215.0    3.0    323.0    68.0    202.6    3.0    294.8    159.0    12.4  
 1.0    7.0    5.0    1.0    1.0    0.0    143.0    159.7    2.0    201.0    230.7    3.0    332.0    4.0    62.0    1.0    143.0    2.0    201.0    332.0    159.7    2.0    230.7    62.0    16.7  
 3.0    7.0    12.0    0.0    2.0    1.0    237.0    225.1    3.0    144.0    118.5    2.0    20.0    1.0    336.0    4.0    20.0    1.0    237.0    144.0    336.0    4.0    225.1    118.5    44.0  
 3.0    7.0    5.0    0.0    1.0    1.0    111.0    121.5    2.0    216.0    244.0    3.0    326.0    4.0    28.0    1.0    326.0    4.0    111.0    216.0    28.0    1.0    121.5    244.0    62.0  
 3.0    7.0    12.0    0.0    2.0    0.0    316.0    302.4    4.0    225.0    201.7    3.0    116.0    2.0    64.0    1.0    116.0    2.0    316.0    225.0    64.0    1.0    302.4    201.7    52.0  
 3.0    7.0    5.0    0.0    1.0    1.0    322.0    305.5    4.0    239.0    211.4    3.0    67.0    1.0    114.0    2.0    67.0    1.0    322.0    239.0    114.0    2.0    305.5    211.4    47.0  
 1.0    7.0    5.0    -1.0    1.0    1.0    129.0    116.4    2.0    335.0    310.8    4.0    27.0    1.0    211.0    3.0    129.0    2.0    335.0    27.0    116.4    2.0    310.8    211.0    12.6  
 3.0    7.0    5.0    0.0    1.0    1.0    118.0    133.2    2.0    41.0    62.5    1.0    300.0    4.0    238.0    3.0    300.0    4.0    118.0    41.0    238.0    3.0    133.2    62.5    62.0  
 3.0    7.0    12.0    0.0    2.0    1.0    37.0    23.9    1.0    249.0    228.6    3.0    311.0    4.0    144.0    2.0    311.0    4.0    37.0    249.0    144.0    2.0    23.9    228.6    167.0  
 3.0    7.0    5.0    0.0    1.0    0.0    314.0    333.4    4.0    139.0    159.4    2.0    61.0    1.0    206.0    3.0    61.0    1.0    314.0    139.0    206.0    3.0    333.4    159.4    145.0  
 3.0    7.0    5.0    0.0    1.0    1.0    36.0    52.6    1.0    299.0    323.4    4.0    225.0    3.0    142.0    2.0    225.0    3.0    36.0    299.0    142.0    2.0    52.6    323.4    83.0  
 3.0    7.0    5.0    0.0    1.0    1.0    334.0    321.9    4.0    147.0    126.4    2.0    244.0    3.0    49.0    1.0    244.0    3.0    334.0    147.0    49.0    1.0    321.9    126.4    165.0  
 3.0    7.0    12.0    0.0    2.0    0.0    227.0    215.1    3.0    52.0    25.2    1.0    141.0    2.0    291.0    4.0    141.0    2.0    227.0    52.0    291.0    4.0    215.1    25.2    150.0  
 3.0    7.0    12.0    0.0    2.0    1.0    232.0    248.4    3.0    290.0    319.5    4.0    151.0    2.0    69.0    1.0    151.0    2.0    232.0    290.0    69.0    1.0    248.4    319.5    82.0  
 1.0    7.0    5.0    -1.0    1.0    0.0    314.0    299.7    4.0    45.0    21.9    1.0    126.0    2.0    235.0    3.0    314.0    4.0    45.0    126.0    299.7    4.0    21.9    235.0    14.3  
 1.0    7.0    5.0    -1.0    1.0    0.0    141.0    125.7    2.0    236.0    213.2    3.0    308.0    4.0    38.0    1.0    141.0    2.0    236.0    308.0    125.7    2.0    213.2    38.0    15.3  
 3.0    7.0    12.0    0.0    2.0    0.0    210.0    221.6    3.0    301.0    325.7    4.0    139.0    2.0    32.0    1.0    139.0    2.0    210.0    301.0    32.0    1.0    221.6    325.7    107.0  
 1.0    7.0    5.0    1.0    1.0    0.0    294.0    313.6    4.0    43.0    68.7    1.0    204.0    3.0    145.0    2.0    294.0    4.0    43.0    204.0    313.6    4.0    68.7    145.0    19.6  
