 [4.4615384615384617, 11.846153846153841, 12.153846153846148, 13.076923076923071]  
 [33.29, 46.099, 46.632, 48.234]  
 [46.632, 48.767]  
 [5.6923076923076916, 8.4615384615384581, 8.9230769230769198, 11.999999999999995]  
 [63.195, 67.999, 68.8, 74.136]  
 [63.729, 68.399, 69.466, 74.804]  
 [5.2307692307692299, 8.9230769230769198, 13.538461538461533, 13.692307692307686]  
 [90.164, 96.569, 104.575, 104.842]  
 [90.832, 97.103, 105.109]  
 [4.615384615384615, 10.461538461538458, 10.615384615384611, 14.461538461538455]  
 [116.867, 127.007, 127.274, 133.946]  
 [117.534, 127.809, 134.481]  
 [5.6923076923076916, 9.3846153846153815, 16.615384615384606, 18.153846153846146]  
 [146.505, 152.91, 165.452, 168.138]  
 [153.577, 165.986, 168.805]  
 [5.2307692307692299, 8.1538461538461515, 10.615384615384611, 11.076923076923073]  
 [173.492, 178.562, 182.832, 183.632]  
 [178.962, 183.232, 184.434]  
 [10.769230769230765, 13.076923076923071, 13.692307692307686, 17.076923076923066]  
 [210.869, 214.872, 215.939, 221.81]  
 [211.27, 215.405, 216.473, 222.344]  
 [8.6153846153846132, 14.923076923076916, 17.230769230769219, 18.461538461538453]  
 [234.903, 245.845, 249.847, 251.982]  
 [235.57, 246.378, 250.381, 252.516]  
 [6.3076923076923066, 10.15384615384615, 12.153846153846148, 19.538461538461526]  
 [258.67, 265.342, 268.811, 281.622]  
 [259.337, 265.743, 269.345]  
 [12.461538461538456, 12.461538461538456, 14.769230769230763, 15.999999999999993]  
 [297.134, 301.137, 303.286]  
 [297.534, 301.685, 303.82]  
