 32.341    32.341  
 0.0    32.358  
 4.0    32.492  
 0.0    32.625  
 4.15384615385    32.759  
 0.0    32.892  
 4.30769230769    33.026  
 0.0    33.159  
 4.46153846154    33.292  
 0.0    33.426  
 4.61538461538    33.559  
 0.0    33.692  
 4.76923076923    33.826  
 0.0    33.959  
 4.92307692308    34.093  
 0.0    34.226  
 5.07692307692    34.36  
 0.0    34.494  
 5.23076923077    34.627  
 0.0    34.76  
 5.38461538462    34.893  
 0.0    35.026  
 5.53846153846    35.16  
 0.0    35.293  
 5.69230769231    35.427  
 0.0    35.56  
 5.84615384615    35.694  
 0.0    35.827  
 6.0    35.961  
 0.0    36.094  
 6.15384615385    36.228  
 0.0    36.361  
 6.30769230769    36.495  
 0.0    36.628  
 6.46153846154    36.762  
 0.0    36.895  
 6.61538461538    37.028  
 0.0    37.161  
 6.76923076923    37.295  
 0.0    37.428  
 6.92307692308    37.563  
 0.0    37.695  
 7.07692307692    37.829  
 0.0    37.962  
 7.23076923077    38.096  
 0.0    38.229  
 7.38461538462    38.363  
 0.0    38.496  
 7.53846153846    38.63  
 0.0    38.763  
 7.69230769231    38.896  
 0.0    39.029  
 7.84615384615    39.163  
 0.0    39.296  
 8.0    39.43  
 0.0    39.563  
 8.15384615385    39.697  
 0.0    39.83  
 8.30769230769    39.964  
 0.0    40.097  
 8.46153846154    40.231  
 0.0    40.364  
 8.61538461538    40.498  
 0.0    40.631  
 8.76923076923    40.765  
 0.0    40.898  
 8.92307692308    41.031  
 0.0    41.165  
 9.07692307692    41.298  
 0.0    41.431  
 9.23076923077    41.565  
 0.0    41.698  
 9.38461538462    41.832  
 0.0    41.965  
 9.53846153846    42.099  
 0.0    42.232  
 9.69230769231    42.366  
 0.0    42.499  
 9.84615384615    42.632  
 0.0    42.765  
 10.0    42.899  
 0.0    43.032  
 10.1538461538    43.166  
 0.0    43.299  
 10.3076923077    43.433  
 0.0    43.566  
 10.4615384615    43.7  
 0.0    43.833  
 10.6153846154    43.967  
 0.0    44.1  
 10.7692307692    44.234  
 0.0    44.367  
 10.9230769231    44.501  
 0.0    44.633  
 11.0769230769    44.767  
 0.0    44.9  
 11.2307692308    45.034  
 0.0    45.167  
 11.3846153846    45.301  
 0.0    45.434  
 11.5384615385    45.568  
 0.0    45.701  
 11.6923076923    45.835  
 0.0    45.968  
 11.8461538462    46.102  
 0.0    46.235  
 12.0    46.369  
 0.0    46.501  
 12.1538461538    46.635  
 0.0    46.768  
 12.3076923077    46.902  
 0.0    47.035  
 12.4615384615    47.169  
 0.0    47.302  
 12.6153846154    47.436  
 0.0    47.57  
 12.7692307692    47.703  
 0.0    47.836  
 12.9230769231    47.97  
 0.0    48.103  
 13.0769230769    48.237  
 0.0    48.37  
 13.2307692308    48.504  
 0.0    48.636  
 13.3846153846    48.77  
 0.0    48.903  
 13.5384615385    49.037  
 0.0    49.17  
 13.6923076923    49.304  
 0.0    49.437  
 13.8461538462    49.571  
 0.0    49.704  
 14.0    49.838  
 0.0    49.971  
 14.1538461538    50.105  
 0.0    50.237  
 14.3076923077    50.372  
 0.0    50.504  
 14.4615384615    50.638  
 0.0    50.771  
 14.6153846154    50.906  
 0.0    51.039  
 14.7692307692    51.172  
 0.0    51.305  
 14.9230769231    51.439  
 0.0    51.572  
 15.0769230769    51.706  
 0.0    51.839  
 15.2307692308    51.973  
 0.0    52.106  
 15.3846153846    52.24  
 0.0    52.372  
 15.5384615385    52.506  
 0.0    52.639  
 15.6923076923    52.773  
 0.0    52.906  
 15.8461538462    53.04  
 0.0    53.173  
 16.0    53.307  
 0.0    53.44  
 16.1538461538    53.574  
 0.0    53.707  
 16.3076923077    53.841  
 0.0    53.974  
 16.4615384615    54.108  
 0.0    54.241  
 16.6153846154    54.374  
 0.0    54.507  
 16.7692307692    54.641  
 0.0    54.774  
 16.9230769231    54.908  
 0.0    55.041  
 17.0769230769    55.175  
 0.0    55.308  
 17.2307692308    55.442  
 0.0    55.575  
 17.3846153846    55.709  
 0.0    55.842  
 17.5384615385    55.976  
 0.0    56.108  
 17.6923076923    56.242  
 0.0    56.375  
 17.8461538462    56.509  
 0.0    56.642  
 18.0    56.776  
 0.0    56.909  
 18.1538461538    57.043  
 0.0    57.176  
 18.3076923077    57.31  
 0.0    57.443  
 18.4615384615    57.578  
 0.0    57.71  
 18.6153846154    57.844  
 0.0    57.976  
 18.7692307692    58.111  
 0.0    58.244  
 18.9230769231    58.377  
 0.0    58.51  
 19.0769230769    58.644  
 0.0    58.777  
 19.2307692308    58.911  
 0.0    59.044  
 19.3846153846    59.178  
 0.0    59.311  
 19.5384615385    59.445  
 0.0    59.578  
 19.6923076923    59.712  
 0.0    59.844  
 19.8461538462    59.979  
 0.0    60.121  
 4.0    60.261  
 0.0    60.395  
 4.15384615385    60.529  
 0.0    60.662  
 4.30769230769    60.796  
 0.0    60.93  
 4.46153846154    61.062  
 0.0    61.196  
 4.61538461538    61.329  
 0.0    61.462  
 4.76923076923    61.596  
 0.0    61.73  
 4.92307692308    61.863  
 0.0    61.996  
 5.07692307692    62.13  
 0.0    62.263  
 5.23076923077    62.397  
 0.0    62.53  
 5.38461538462    62.664  
 0.0    62.798  
 5.53846153846    62.93  
 0.0    63.064  
 5.69230769231    63.197  
 0.0    63.331  
 5.84615384615    63.464  
 0.0    63.598  
 6.0    63.731  
 0.0    63.865  
 6.15384615385    63.998  
 0.0    64.131  
 6.30769230769    64.265  
 0.0    64.398  
 6.46153846154    64.532  
 0.0    64.665  
 6.61538461538    64.799  
 0.0    64.932  
 6.76923076923    65.065  
 0.0    65.199  
 6.92307692308    65.332  
 0.0    65.466  
 7.07692307692    65.599  
 0.0    65.732  
 7.23076923077    65.866  
 0.0    65.999  
 7.38461538462    66.133  
 0.0    66.266  
 7.53846153846    66.4  
 0.0    66.533  
 7.69230769231    66.667  
 0.0    66.8  
 7.84615384615    66.933  
 0.0    67.067  
 8.0    67.2  
 0.0    67.334  
 8.15384615385    67.467  
 0.0    67.603  
 8.30769230769    67.736  
 0.0    67.868  
 8.46153846154    68.001  
 0.0    68.134  
 8.61538461538    68.268  
 0.0    68.401  
 8.76923076923    68.535  
 0.0    68.668  
 8.92307692308    68.801  
 0.0    68.935  
 9.07692307692    69.068  
 0.0    69.202  
 9.23076923077    69.335  
 0.0    69.469  
 9.38461538462    69.602  
 0.0    69.735  
 9.53846153846    69.869  
 0.0    70.002  
 9.69230769231    70.136  
 0.0    70.269  
 9.84615384615    70.403  
 0.0    70.536  
 10.0    70.67  
 0.0    70.803  
 10.1538461538    70.937  
 0.0    71.07  
 10.3076923077    71.203  
 0.0    71.337  
 10.4615384615    71.47  
 0.0    71.603  
 10.6153846154    71.737  
 0.0    71.87  
 10.7692307692    72.004  
 0.0    72.137  
 10.9230769231    72.271  
 0.0    72.404  
 11.0769230769    72.538  
 0.0    72.671  
 11.2307692308    72.804  
 0.0    72.938  
 11.3846153846    73.071  
 0.0    73.204  
 11.5384615385    73.338  
 0.0    73.471  
 11.6923076923    73.605  
 0.0    73.738  
 11.8461538462    73.872  
 0.0    74.005  
 12.0    74.139  
 0.0    74.273  
 12.1538461538    74.405  
 0.0    74.539  
 12.3076923077    74.672  
 0.0    74.806  
 12.4615384615    74.939  
 0.0    75.073  
 12.6153846154    75.206  
 0.0    75.34  
 12.7692307692    75.473  
 0.0    75.606  
 12.9230769231    75.74  
 0.0    75.873  
 13.0769230769    76.007  
 0.0    76.14  
 13.2307692308    76.274  
 0.0    76.407  
 13.3846153846    76.54  
 0.0    76.674  
 13.5384615385    76.807  
 0.0    76.941  
 13.6923076923    77.074  
 0.0    77.208  
 13.8461538462    77.341  
 0.0    77.474  
 14.0    77.609  
 0.0    77.741  
 14.1538461538    77.875  
 0.0    78.008  
 14.3076923077    78.142  
 0.0    78.275  
 14.4615384615    78.408  
 0.0    78.542  
 14.6153846154    78.675  
 0.0    78.809  
 14.7692307692    78.942  
 0.0    79.075  
 14.9230769231    79.209  
 0.0    79.342  
 15.0769230769    79.476  
 0.0    79.609  
 15.2307692308    79.743  
 0.0    79.876  
 15.3846153846    80.01  
 0.0    80.143  
 15.5384615385    80.277  
 0.0    80.41  
 15.6923076923    80.543  
 0.0    80.677  
 15.8461538462    80.81  
 0.0    80.944  
 16.0    81.078  
 0.0    81.21  
 16.1538461538    81.344  
 0.0    81.477  
 16.3076923077    81.611  
 0.0    81.744  
 16.4615384615    81.878  
 0.0    82.011  
 16.6153846154    82.145  
 0.0    82.278  
 16.7692307692    82.411  
 0.0    82.545  
 16.9230769231    82.678  
 0.0    82.811  
 17.0769230769    82.945  
 0.0    83.078  
 17.2307692308    83.212  
 0.0    83.345  
 17.3846153846    83.479  
 0.0    83.612  
 17.5384615385    83.746  
 0.0    83.879  
 17.6923076923    84.013  
 0.0    84.146  
 17.8461538462    84.28  
 0.0    84.413  
 18.0    84.546  
 0.0    84.68  
 18.1538461538    84.813  
 0.0    84.946  
 18.3076923077    85.08  
 0.0    85.213  
 18.4615384615    85.347  
 0.0    85.48  
 18.6153846154    85.614  
 0.0    85.747  
 18.7692307692    85.881  
 0.0    86.014  
 18.9230769231    86.148  
 0.0    86.281  
 19.0769230769    86.414  
 0.0    86.548  
 19.2307692308    86.681  
 0.0    86.814  
 19.3846153846    86.948  
 0.0    87.081  
 19.5384615385    87.215  
 0.0    87.348  
 19.6923076923    87.482  
 0.0    87.616  
 19.8461538462    87.749  
 0.0    87.892  
 4.0    88.031  
 0.0    88.166  
 4.15384615385    88.299  
 0.0    88.432  
 4.30769230769    88.566  
 0.0    88.699  
 4.46153846154    88.833  
 0.0    88.966  
 4.61538461538    89.099  
 0.0    89.233  
 4.76923076923    89.366  
 0.0    89.5  
 4.92307692308    89.633  
 0.0    89.767  
 5.07692307692    89.9  
 0.0    90.033  
 5.23076923077    90.167  
 0.0    90.3  
 5.38461538462    90.434  
 0.0    90.567  
 5.53846153846    90.701  
 0.0    90.834  
 5.69230769231    90.968  
 0.0    91.101  
 5.84615384615    91.234  
 0.0    91.368  
 6.0    91.501  
 0.0    91.635  
 6.15384615385    91.768  
 0.0    91.902  
 6.30769230769    92.035  
 0.0    92.168  
 6.46153846154    92.302  
 0.0    92.435  
 6.61538461538    92.569  
 0.0    92.702  
 6.76923076923    92.836  
 0.0    92.969  
 6.92307692308    93.102  
 0.0    93.236  
 7.07692307692    93.369  
 0.0    93.503  
 7.23076923077    93.636  
 0.0    93.77  
 7.38461538462    93.903  
 0.0    94.037  
 7.53846153846    94.17  
 0.0    94.304  
 7.69230769231    94.437  
 0.0    94.57  
 7.84615384615    94.704  
 0.0    94.837  
 8.0    94.97  
 0.0    95.104  
 8.15384615385    95.237  
 0.0    95.371  
 8.30769230769    95.504  
 0.0    95.638  
 8.46153846154    95.771  
 0.0    95.904  
 8.61538461538    96.038  
 0.0    96.171  
 8.76923076923    96.305  
 0.0    96.438  
 8.92307692308    96.572  
 0.0    96.705  
 9.07692307692    96.838  
 0.0    96.972  
 9.23076923077    97.105  
 0.0    97.239  
 9.38461538462    97.372  
 0.0    97.506  
 9.53846153846    97.64  
 0.0    97.772  
 9.69230769231    97.906  
 0.0    98.039  
 9.84615384615    98.173  
 0.0    98.306  
 10.0    98.44  
 0.0    98.573  
 10.1538461538    98.706  
 0.0    98.84  
 10.3076923077    98.973  
 0.0    99.107  
 10.4615384615    99.24  
 0.0    99.374  
 10.6153846154    99.507  
 0.0    99.641  
 10.7692307692    99.774  
 0.0    99.907  
 10.9230769231    100.041  
 0.0    100.174  
 11.0769230769    100.308  
 0.0    100.441  
 11.2307692308    100.575  
 0.0    100.708  
 11.3846153846    100.841  
 0.0    100.975  
 11.5384615385    101.108  
 0.0    101.242  
 11.6923076923    101.375  
 0.0    101.508  
 11.8461538462    101.642  
 0.0    101.775  
 12.0    101.909  
 0.0    102.042  
 12.1538461538    102.176  
 0.0    102.309  
 12.3076923077    102.442  
 0.0    102.576  
 12.4615384615    102.709  
 0.0    102.843  
 12.6153846154    102.976  
 0.0    103.11  
 12.7692307692    103.243  
 0.0    103.377  
 12.9230769231    103.51  
 0.0    103.643  
 13.0769230769    103.777  
 0.0    103.91  
 13.2307692308    104.044  
 0.0    104.177  
 13.3846153846    104.311  
 0.0    104.444  
 13.5384615385    104.577  
 0.0    104.711  
 13.6923076923    104.844  
 0.0    104.978  
 13.8461538462    105.111  
 0.0    105.245  
 14.0    105.378  
 0.0    105.511  
 14.1538461538    105.645  
 0.0    105.778  
 14.3076923077    105.912  
 0.0    106.045  
 14.4615384615    106.179  
 0.0    106.312  
 14.6153846154    106.446  
 0.0    106.579  
 14.7692307692    106.712  
 0.0    106.846  
 14.9230769231    106.979  
 0.0    107.113  
 15.0769230769    107.246  
 0.0    107.379  
 15.2307692308    107.513  
 0.0    107.647  
 15.3846153846    107.78  
 0.0    107.913  
 15.5384615385    108.047  
 0.0    108.18  
 15.6923076923    108.313  
 0.0    108.447  
 15.8461538462    108.58  
 0.0    108.714  
 16.0    108.847  
 0.0    108.98  
 16.1538461538    109.114  
 0.0    109.247  
 16.3076923077    109.381  
 0.0    109.514  
 16.4615384615    109.648  
 0.0    109.781  
 16.6153846154    109.915  
 0.0    110.048  
 16.7692307692    110.182  
 0.0    110.315  
 16.9230769231    110.448  
 0.0    110.582  
 17.0769230769    110.715  
 0.0    110.848  
 17.2307692308    110.983  
 0.0    111.116  
 17.3846153846    111.249  
 0.0    111.382  
 17.5384615385    111.516  
 0.0    111.649  
 17.6923076923    111.783  
 0.0    111.916  
 17.8461538462    112.049  
 0.0    112.183  
 18.0    112.316  
 0.0    112.45  
 18.1538461538    112.583  
 0.0    112.717  
 18.3076923077    112.85  
 0.0    112.983  
 18.4615384615    113.117  
 0.0    113.25  
 18.6153846154    113.384  
 0.0    113.517  
 18.7692307692    113.651  
 0.0    113.784  
 18.9230769231    113.918  
 0.0    114.051  
 19.0769230769    114.185  
 0.0    114.318  
 19.2307692308    114.451  
 0.0    114.585  
 19.3846153846    114.718  
 0.0    114.851  
 19.5384615385    114.985  
 0.0    115.118  
 19.6923076923    115.252  
 0.0    115.385  
 19.8461538462    115.519  
 0.0    115.66  
 4.0    115.801  
 0.0    115.935  
 4.15384615385    116.069  
 0.0    116.202  
 4.30769230769    116.336  
 0.0    116.469  
 4.46153846154    116.603  
 0.0    116.736  
 4.61538461538    116.87  
 0.0    117.003  
 4.76923076923    117.136  
 0.0    117.269  
 4.92307692308    117.403  
 0.0    117.537  
 5.07692307692    117.671  
 0.0    117.804  
 5.23076923077    117.937  
 0.0    118.07  
 5.38461538462    118.204  
 0.0    118.337  
 5.53846153846    118.471  
 0.0    118.604  
 5.69230769231    118.738  
 0.0    118.871  
 5.84615384615    119.005  
 0.0    119.137  
 6.0    119.271  
 0.0    119.404  
 6.15384615385    119.538  
 0.0    119.671  
 6.30769230769    119.805  
 0.0    119.938  
 6.46153846154    120.072  
 0.0    120.205  
 6.61538461538    120.339  
 0.0    120.472  
 6.76923076923    120.606  
 0.0    120.739  
 6.92307692308    120.872  
 0.0    121.006  
 7.07692307692    121.139  
 0.0    121.273  
 7.23076923077    121.406  
 0.0    121.539  
 7.38461538462    121.673  
 0.0    121.806  
 7.53846153846    121.94  
 0.0    122.073  
 7.69230769231    122.207  
 0.0    122.34  
 7.84615384615    122.474  
 0.0    122.607  
 8.0    122.741  
 0.0    122.873  
 8.15384615385    123.008  
 0.0    123.14  
 8.30769230769    123.274  
 0.0    123.407  
 8.46153846154    123.541  
 0.0    123.674  
 8.61538461538    123.808  
 0.0    123.941  
 8.76923076923    124.075  
 0.0    124.208  
 8.92307692308    124.342  
 0.0    124.475  
 9.07692307692    124.609  
 0.0    124.742  
 9.23076923077    124.875  
 0.0    125.009  
 9.38461538462    125.142  
 0.0    125.276  
 9.53846153846    125.409  
 0.0    125.542  
 9.69230769231    125.676  
 0.0    125.809  
 9.84615384615    125.943  
 0.0    126.076  
 10.0    126.21  
 0.0    126.343  
 10.1538461538    126.477  
 0.0    126.61  
 10.3076923077    126.743  
 0.0    126.876  
 10.4615384615    127.01  
 0.0    127.143  
 10.6153846154    127.277  
 0.0    127.41  
 10.7692307692    127.544  
 0.0    127.678  
 10.9230769231    127.811  
 0.0    127.944  
 11.0769230769    128.078  
 0.0    128.211  
 11.2307692308    128.345  
 0.0    128.478  
 11.3846153846    128.611  
 0.0    128.745  
 11.5384615385    128.878  
 0.0    129.011  
 11.6923076923    129.145  
 0.0    129.279  
 11.8461538462    129.412  
 0.0    129.545  
 12.0    129.679  
 0.0    129.812  
 12.1538461538    129.946  
 0.0    130.079  
 12.3076923077    130.213  
 0.0    130.346  
 12.4615384615    130.48  
 0.0    130.612  
 12.6153846154    130.746  
 0.0    130.879  
 12.7692307692    131.014  
 0.0    131.147  
 12.9230769231    131.28  
 0.0    131.413  
 13.0769230769    131.547  
 0.0    131.68  
 13.2307692308    131.814  
 0.0    131.947  
 13.3846153846    132.081  
 0.0    132.214  
 13.5384615385    132.348  
 0.0    132.481  
 13.6923076923    132.614  
 0.0    132.748  
 13.8461538462    132.881  
 0.0    133.015  
 14.0    133.148  
 0.0    133.282  
 14.1538461538    133.415  
 0.0    133.548  
 14.3076923077    133.682  
 0.0    133.815  
 14.4615384615    133.949  
 0.0    134.082  
 14.6153846154    134.215  
 0.0    134.35  
 14.7692307692    134.482  
 0.0    134.616  
 14.9230769231    134.749  
 0.0    134.883  
 15.0769230769    135.016  
 0.0    135.149  
 15.2307692308    135.283  
 0.0    135.416  
 15.3846153846    135.55  
 0.0    135.683  
 15.5384615385    135.817  
 0.0    135.95  
 15.6923076923    136.084  
 0.0    136.216  
 15.8461538462    136.351  
 0.0    136.484  
 16.0    136.617  
 0.0    136.75  
 16.1538461538    136.884  
 0.0    137.017  
 16.3076923077    137.151  
 0.0    137.284  
 16.4615384615    137.418  
 0.0    137.551  
 16.6153846154    137.686  
 0.0    137.819  
 16.7692307692    137.952  
 0.0    138.085  
 16.9230769231    138.219  
 0.0    138.351  
 17.0769230769    138.485  
 0.0    138.619  
 17.2307692308    138.752  
 0.0    138.885  
 17.3846153846    139.019  
 0.0    139.152  
 17.5384615385    139.286  
 0.0    139.419  
 17.6923076923    139.553  
 0.0    139.686  
 17.8461538462    139.82  
 0.0    139.953  
 18.0    140.087  
 0.0    140.22  
 18.1538461538    140.353  
 0.0    140.487  
 18.3076923077    140.62  
 0.0    140.754  
 18.4615384615    140.887  
 0.0    141.021  
 18.6153846154    141.154  
 0.0    141.287  
 18.7692307692    141.421  
 0.0    141.554  
 18.9230769231    141.688  
 0.0    141.821  
 19.0769230769    141.955  
 0.0    142.088  
 19.2307692308    142.221  
 0.0    142.355  
 19.3846153846    142.488  
 0.0    142.622  
 19.5384615385    142.755  
 0.0    142.888  
 19.6923076923    143.022  
 0.0    143.155  
 19.8461538462    143.289  
 0.0    143.433  
 4.0    143.571  
 0.0    143.706  
 4.15384615385    143.839  
 0.0    143.973  
 4.30769230769    144.106  
 0.0    144.239  
 4.46153846154    144.374  
 0.0    144.507  
 4.61538461538    144.64  
 0.0    144.773  
 4.76923076923    144.907  
 0.0    145.04  
 4.92307692308    145.174  
 0.0    145.307  
 5.07692307692    145.44  
 0.0    145.574  
 5.23076923077    145.707  
 0.0    145.841  
 5.38461538462    145.974  
 0.0    146.108  
 5.53846153846    146.241  
 0.0    146.374  
 5.69230769231    146.508  
 0.0    146.641  
 5.84615384615    146.775  
 0.0    146.908  
 6.0    147.041  
 0.0    147.174  
 6.15384615385    147.308  
 0.0    147.441  
 6.30769230769    147.575  
 0.0    147.709  
 6.46153846154    147.842  
 0.0    147.975  
 6.61538461538    148.109  
 0.0    148.242  
 6.76923076923    148.376  
 0.0    148.509  
 6.92307692308    148.643  
 0.0    148.776  
 7.07692307692    148.91  
 0.0    149.043  
 7.23076923077    149.176  
 0.0    149.31  
 7.38461538462    149.443  
 0.0    149.576  
 7.53846153846    149.71  
 0.0    149.843  
 7.69230769231    149.977  
 0.0    150.11  
 7.84615384615    150.244  
 0.0    150.377  
 8.0    150.511  
 0.0    150.644  
 8.15384615385    150.778  
 0.0    150.91  
 8.30769230769    151.045  
 0.0    151.178  
 8.46153846154    151.311  
 0.0    151.444  
 8.61538461538    151.578  
 0.0    151.711  
 8.76923076923    151.845  
 0.0    151.978  
 8.92307692308    152.112  
 0.0    152.245  
 9.07692307692    152.379  
 0.0    152.512  
 9.23076923077    152.646  
 0.0    152.779  
 9.38461538462    152.912  
 0.0    153.046  
 9.53846153846    153.179  
 0.0    153.313  
 9.69230769231    153.446  
 0.0    153.579  
 9.84615384615    153.713  
 0.0    153.846  
 10.0    153.98  
 0.0    154.113  
 10.1538461538    154.247  
 0.0    154.381  
 10.3076923077    154.514  
 0.0    154.647  
 10.4615384615    154.78  
 0.0    154.914  
 10.6153846154    155.047  
 0.0    155.181  
 10.7692307692    155.314  
 0.0    155.448  
 10.9230769231    155.581  
 0.0    155.714  
 11.0769230769    155.848  
 0.0    155.981  
 11.2307692308    156.115  
 0.0    156.248  
 11.3846153846    156.382  
 0.0    156.515  
 11.5384615385    156.649  
 0.0    156.782  
 11.6923076923    156.915  
 0.0    157.048  
 11.8461538462    157.182  
 0.0    157.316  
 12.0    157.449  
 0.0    157.582  
 12.1538461538    157.717  
 0.0    157.85  
 12.3076923077    157.983  
 0.0    158.116  
 12.4615384615    158.25  
 0.0    158.383  
 12.6153846154    158.516  
 0.0    158.65  
 12.7692307692    158.783  
 0.0    158.917  
 12.9230769231    159.05  
 0.0    159.183  
 13.0769230769    159.317  
 0.0    159.45  
 13.2307692308    159.584  
 0.0    159.717  
 13.3846153846    159.851  
 0.0    159.984  
 13.5384615385    160.118  
 0.0    160.251  
 13.6923076923    160.385  
 0.0    160.518  
 13.8461538462    160.651  
 0.0    160.785  
 14.0    160.918  
 0.0    161.052  
 14.1538461538    161.185  
 0.0    161.318  
 14.3076923077    161.452  
 0.0    161.585  
 14.4615384615    161.719  
 0.0    161.852  
 14.6153846154    161.986  
 0.0    162.119  
 14.7692307692    162.253  
 0.0    162.386  
 14.9230769231    162.519  
 0.0    162.653  
 15.0769230769    162.786  
 0.0    162.92  
 15.2307692308    163.053  
 0.0    163.186  
 15.3846153846    163.32  
 0.0    163.453  
 15.5384615385    163.587  
 0.0    163.72  
 15.6923076923    163.854  
 0.0    163.987  
 15.8461538462    164.121  
 0.0    164.254  
 16.0    164.389  
 0.0    164.522  
 16.1538461538    164.655  
 0.0    164.788  
 16.3076923077    164.921  
 0.0    165.055  
 16.4615384615    165.188  
 0.0    165.321  
 16.6153846154    165.455  
 0.0    165.588  
 16.7692307692    165.722  
 0.0    165.855  
 16.9230769231    165.989  
 0.0    166.122  
 17.0769230769    166.256  
 0.0    166.389  
 17.2307692308    166.522  
 0.0    166.656  
 17.3846153846    166.789  
 0.0    166.922  
 17.5384615385    167.072  
 0.0    167.206  
 17.6923076923    167.34  
 0.0    167.473  
 17.8461538462    167.607  
 0.0    167.741  
 18.0    167.873  
 0.0    168.007  
 18.1538461538    168.14  
 0.0    168.274  
 18.3076923077    168.407  
 0.0    168.54  
 18.4615384615    168.674  
 0.0    168.807  
 18.6153846154    168.941  
 0.0    169.074  
 18.7692307692    169.208  
 0.0    169.341  
 18.9230769231    169.475  
 0.0    169.608  
 19.0769230769    169.741  
 0.0    169.875  
 19.2307692308    170.008  
 0.0    170.142  
 19.3846153846    170.275  
 0.0    170.408  
 19.5384615385    170.542  
 0.0    170.675  
 19.6923076923    170.809  
 0.0    170.942  
 19.8461538462    171.077  
 0.0    171.223  
 4.0    171.359  
 0.0    171.492  
 4.15384615385    171.626  
 0.0    171.759  
 4.30769230769    171.893  
 0.0    172.026  
 4.46153846154    172.16  
 0.0    172.293  
 4.61538461538    172.426  
 0.0    172.56  
 4.76923076923    172.693  
 0.0    172.827  
 4.92307692308    172.96  
 0.0    173.094  
 5.07692307692    173.227  
 0.0    173.361  
 5.23076923077    173.494  
 0.0    173.627  
 5.38461538462    173.761  
 0.0    173.894  
 5.53846153846    174.027  
 0.0    174.161  
 5.69230769231    174.294  
 0.0    174.429  
 5.84615384615    174.562  
 0.0    174.695  
 6.0    174.828  
 0.0    174.962  
 6.15384615385    175.095  
 0.0    175.229  
 6.30769230769    175.362  
 0.0    175.495  
 6.46153846154    175.628  
 0.0    175.762  
 6.61538461538    175.896  
 0.0    176.029  
 6.76923076923    176.163  
 0.0    176.296  
 6.92307692308    176.429  
 0.0    176.563  
 7.07692307692    176.696  
 0.0    176.83  
 7.23076923077    176.963  
 0.0    177.097  
 7.38461538462    177.23  
 0.0    177.364  
 7.53846153846    177.497  
 0.0    177.63  
 7.69230769231    177.764  
 0.0    177.898  
 7.84615384615    178.031  
 0.0    178.164  
 8.0    178.297  
 0.0    178.431  
 8.15384615385    178.564  
 0.0    178.698  
 8.30769230769    178.831  
 0.0    178.965  
 8.46153846154    179.098  
 0.0    179.232  
 8.61538461538    179.365  
 0.0    179.498  
 8.76923076923    179.632  
 0.0    179.765  
 8.92307692308    179.898  
 0.0    180.032  
 9.07692307692    180.165  
 0.0    180.299  
 9.23076923077    180.432  
 0.0    180.566  
 9.38461538462    180.699  
 0.0    180.833  
 9.53846153846    180.966  
 0.0    181.1  
 9.69230769231    181.233  
 0.0    181.366  
 9.84615384615    181.499  
 0.0    181.633  
 10.0    181.766  
 0.0    181.9  
 10.1538461538    182.033  
 0.0    182.167  
 10.3076923077    182.3  
 0.0    182.434  
 10.4615384615    182.567  
 0.0    182.701  
 10.6153846154    182.834  
 0.0    182.967  
 10.7692307692    183.101  
 0.0    183.234  
 10.9230769231    183.368  
 0.0    183.501  
 11.0769230769    183.635  
 0.0    183.768  
 11.2307692308    183.901  
 0.0    184.035  
 11.3846153846    184.168  
 0.0    184.302  
 11.5384615385    184.436  
 0.0    184.569  
 11.6923076923    184.702  
 0.0    184.836  
 11.8461538462    184.969  
 0.0    185.102  
 12.0    185.236  
 0.0    185.369  
 12.1538461538    185.503  
 0.0    185.636  
 12.3076923077    185.77  
 0.0    185.903  
 12.4615384615    186.036  
 0.0    186.17  
 12.6153846154    186.303  
 0.0    186.437  
 12.7692307692    186.57  
 0.0    186.703  
 12.9230769231    186.837  
 0.0    186.97  
 13.0769230769    187.104  
 0.0    187.237  
 13.2307692308    187.371  
 0.0    187.504  
 13.3846153846    187.638  
 0.0    187.772  
 13.5384615385    187.905  
 0.0    188.038  
 13.6923076923    188.171  
 0.0    188.305  
 13.8461538462    188.438  
 0.0    188.572  
 14.0    188.705  
 0.0    188.838  
 14.1538461538    188.972  
 0.0    189.107  
 14.3076923077    189.24  
 0.0    189.373  
 14.4615384615    189.506  
 0.0    189.639  
 14.6153846154    189.773  
 0.0    189.906  
 14.7692307692    190.039  
 0.0    190.173  
 14.9230769231    190.306  
 0.0    190.44  
 15.0769230769    190.573  
 0.0    190.706  
 15.2307692308    190.84  
 0.0    190.973  
 15.3846153846    191.108  
 0.0    191.241  
 15.5384615385    191.374  
 0.0    191.507  
 15.6923076923    191.641  
 0.0    191.774  
 15.8461538462    191.907  
 0.0    192.041  
 16.0    192.174  
 0.0    192.308  
 16.1538461538    192.441  
 0.0    192.574  
 16.3076923077    192.708  
 0.0    192.841  
 16.4615384615    192.975  
 0.0    193.108  
 16.6153846154    193.242  
 0.0    193.375  
 16.7692307692    193.509  
 0.0    193.642  
 16.9230769231    193.775  
 0.0    193.909  
 17.0769230769    194.043  
 0.0    194.176  
 17.2307692308    194.309  
 0.0    194.443  
 17.3846153846    194.577  
 0.0    194.71  
 17.5384615385    194.843  
 0.0    194.976  
 17.6923076923    195.11  
 0.0    195.243  
 17.8461538462    195.377  
 0.0    195.51  
 18.0    195.644  
 0.0    195.777  
 18.1538461538    195.91  
 0.0    196.044  
 18.3076923077    196.177  
 0.0    196.311  
 18.4615384615    196.444  
 0.0    196.577  
 18.6153846154    196.711  
 0.0    196.844  
 18.7692307692    196.978  
 0.0    197.111  
 18.9230769231    197.245  
 0.0    197.378  
 19.0769230769    197.512  
 0.0    197.645  
 19.2307692308    197.779  
 0.0    197.913  
 19.3846153846    198.046  
 0.0    198.179  
 19.5384615385    198.313  
 0.0    198.446  
 19.6923076923    198.58  
 0.0    198.713  
 19.8461538462    198.846  
 0.0    198.992  
 4.0    199.128  
 0.0    199.263  
 4.15384615385    199.396  
 0.0    199.529  
 4.30769230769    199.663  
 0.0    199.796  
 4.46153846154    199.93  
 0.0    200.063  
 4.61538461538    200.197  
 0.0    200.33  
 4.76923076923    200.464  
 0.0    200.597  
 4.92307692308    200.73  
 0.0    200.864  
 5.07692307692    200.997  
 0.0    201.131  
 5.23076923077    201.264  
 0.0    201.398  
 5.38461538462    201.531  
 0.0    201.664  
 5.53846153846    201.798  
 0.0    201.931  
 5.69230769231    202.065  
 0.0    202.198  
 5.84615384615    202.332  
 0.0    202.465  
 6.0    202.598  
 0.0    202.732  
 6.15384615385    202.865  
 0.0    202.999  
 6.30769230769    203.132  
 0.0    203.266  
 6.46153846154    203.399  
 0.0    203.532  
 6.61538461538    203.666  
 0.0    203.799  
 6.76923076923    203.933  
 0.0    204.066  
 6.92307692308    204.2  
 0.0    204.333  
 7.07692307692    204.467  
 0.0    204.6  
 7.23076923077    204.734  
 0.0    204.867  
 7.38461538462    205.0  
 0.0    205.134  
 7.53846153846    205.267  
 0.0    205.4  
 7.69230769231    205.534  
 0.0    205.667  
 7.84615384615    205.801  
 0.0    205.934  
 8.0    206.068  
 0.0    206.201  
 8.15384615385    206.334  
 0.0    206.468  
 8.30769230769    206.601  
 0.0    206.735  
 8.46153846154    206.868  
 0.0    207.002  
 8.61538461538    207.135  
 0.0    207.268  
 8.76923076923    207.402  
 0.0    207.535  
 8.92307692308    207.669  
 0.0    207.803  
 9.07692307692    207.937  
 0.0    208.07  
 9.23076923077    208.203  
 0.0    208.336  
 9.38461538462    208.469  
 0.0    208.603  
 9.53846153846    208.736  
 0.0    208.87  
 9.69230769231    209.003  
 0.0    209.136  
 9.84615384615    209.27  
 0.0    209.403  
 10.0    209.537  
 0.0    209.67  
 10.1538461538    209.803  
 0.0    209.937  
 10.3076923077    210.07  
 0.0    210.204  
 10.4615384615    210.337  
 0.0    210.471  
 10.6153846154    210.604  
 0.0    210.738  
 10.7692307692    210.871  
 0.0    211.004  
 10.9230769231    211.139  
 0.0    211.272  
 11.0769230769    211.405  
 0.0    211.538  
 11.2307692308    211.672  
 0.0    211.805  
 11.3846153846    211.938  
 0.0    212.072  
 11.5384615385    212.205  
 0.0    212.339  
 11.6923076923    212.472  
 0.0    212.606  
 11.8461538462    212.739  
 0.0    212.872  
 12.0    213.006  
 0.0    213.139  
 12.1538461538    213.273  
 0.0    213.406  
 12.3076923077    213.54  
 0.0    213.673  
 12.4615384615    213.807  
 0.0    213.94  
 12.6153846154    214.074  
 0.0    214.207  
 12.7692307692    214.34  
 0.0    214.474  
 12.9230769231    214.608  
 0.0    214.741  
 13.0769230769    214.874  
 0.0    215.007  
 13.2307692308    215.141  
 0.0    215.274  
 13.3846153846    215.408  
 0.0    215.541  
 13.5384615385    215.675  
 0.0    215.808  
 13.6923076923    215.942  
 0.0    216.075  
 13.8461538462    216.208  
 0.0    216.342  
 14.0    216.475  
 0.0    216.608  
 14.1538461538    216.742  
 0.0    216.876  
 14.3076923077    217.009  
 0.0    217.142  
 14.4615384615    217.276  
 0.0    217.409  
 14.6153846154    217.543  
 0.0    217.676  
 14.7692307692    217.81  
 0.0    217.943  
 14.9230769231    218.076  
 0.0    218.21  
 15.0769230769    218.343  
 0.0    218.477  
 15.2307692308    218.61  
 0.0    218.743  
 15.3846153846    218.877  
 0.0    219.01  
 15.5384615385    219.144  
 0.0    219.277  
 15.6923076923    219.411  
 0.0    219.544  
 15.8461538462    219.677  
 0.0    219.811  
 16.0    219.944  
 0.0    220.078  
 16.1538461538    220.211  
 0.0    220.345  
 16.3076923077    220.478  
 0.0    220.611  
 16.4615384615    220.745  
 0.0    220.878  
 16.6153846154    221.012  
 0.0    221.146  
 16.7692307692    221.279  
 0.0    221.412  
 16.9230769231    221.546  
 0.0    221.679  
 17.0769230769    221.812  
 0.0    221.946  
 17.2307692308    222.079  
 0.0    222.213  
 17.3846153846    222.346  
 0.0    222.479  
 17.5384615385    222.613  
 0.0    222.746  
 17.6923076923    222.88  
 0.0    223.013  
 17.8461538462    223.147  
 0.0    223.28  
 18.0    223.414  
 0.0    223.547  
 18.1538461538    223.681  
 0.0    223.814  
 18.3076923077    223.947  
 0.0    224.081  
 18.4615384615    224.214  
 0.0    224.347  
 18.6153846154    224.482  
 0.0    224.615  
 18.7692307692    224.748  
 0.0    224.882  
 18.9230769231    225.015  
 0.0    225.148  
 19.0769230769    225.282  
 0.0    225.415  
 19.2307692308    225.549  
 0.0    225.682  
 19.3846153846    225.815  
 0.0    225.949  
 19.5384615385    226.082  
 0.0    226.216  
 19.6923076923    226.349  
 0.0    226.483  
 19.8461538462    226.616  
 0.0    226.763  
 4.0    226.898  
 0.0    227.033  
 4.15384615385    227.166  
 0.0    227.3  
 4.30769230769    227.433  
 0.0    227.567  
 4.46153846154    227.7  
 0.0    227.834  
 4.61538461538    227.968  
 0.0    228.101  
 4.76923076923    228.234  
 0.0    228.367  
 4.92307692308    228.501  
 0.0    228.634  
 5.07692307692    228.768  
 0.0    228.901  
 5.23076923077    229.034  
 0.0    229.168  
 5.38461538462    229.301  
 0.0    229.434  
 5.53846153846    229.568  
 0.0    229.701  
 5.69230769231    229.835  
 0.0    229.968  
 5.84615384615    230.102  
 0.0    230.235  
 6.0    230.368  
 0.0    230.502  
 6.15384615385    230.635  
 0.0    230.769  
 6.30769230769    230.902  
 0.0    231.036  
 6.46153846154    231.17  
 0.0    231.303  
 6.61538461538    231.436  
 0.0    231.569  
 6.76923076923    231.703  
 0.0    231.836  
 6.92307692308    231.97  
 0.0    232.103  
 7.07692307692    232.237  
 0.0    232.37  
 7.23076923077    232.503  
 0.0    232.637  
 7.38461538462    232.77  
 0.0    232.904  
 7.53846153846    233.037  
 0.0    233.171  
 7.69230769231    233.304  
 0.0    233.437  
 7.84615384615    233.571  
 0.0    233.704  
 8.0    233.838  
 0.0    233.971  
 8.15384615385    234.105  
 0.0    234.238  
 8.30769230769    234.372  
 0.0    234.506  
 8.46153846154    234.639  
 0.0    234.772  
 8.61538461538    234.905  
 0.0    235.039  
 8.76923076923    235.172  
 0.0    235.305  
 8.92307692308    235.439  
 0.0    235.572  
 9.07692307692    235.706  
 0.0    235.839  
 9.23076923077    235.973  
 0.0    236.106  
 9.38461538462    236.24  
 0.0    236.373  
 9.53846153846    236.506  
 0.0    236.64  
 9.69230769231    236.773  
 0.0    236.907  
 9.84615384615    237.04  
 0.0    237.173  
 10.0    237.307  
 0.0    237.44  
 10.1538461538    237.574  
 0.0    237.707  
 10.3076923077    237.842  
 0.0    237.975  
 10.4615384615    238.108  
 0.0    238.241  
 10.6153846154    238.374  
 0.0    238.508  
 10.7692307692    238.641  
 0.0    238.775  
 10.9230769231    238.908  
 0.0    239.041  
 11.0769230769    239.175  
 0.0    239.308  
 11.2307692308    239.442  
 0.0    239.575  
 11.3846153846    239.709  
 0.0    239.842  
 11.5384615385    239.976  
 0.0    240.109  
 11.6923076923    240.242  
 0.0    240.376  
 11.8461538462    240.509  
 0.0    240.643  
 12.0    240.776  
 0.0    240.909  
 12.1538461538    241.043  
 0.0    241.177  
 12.3076923077    241.311  
 0.0    241.444  
 12.4615384615    241.577  
 0.0    241.711  
 12.6153846154    241.844  
 0.0    241.977  
 12.7692307692    242.111  
 0.0    242.244  
 12.9230769231    242.377  
 0.0    242.511  
 13.0769230769    242.645  
 0.0    242.778  
 13.2307692308    242.912  
 0.0    243.045  
 13.3846153846    243.178  
 0.0    243.312  
 13.5384615385    243.445  
 0.0    243.578  
 13.6923076923    243.712  
 0.0    243.845  
 13.8461538462    243.979  
 0.0    244.112  
 14.0    244.245  
 0.0    244.379  
 14.1538461538    244.514  
 0.0    244.647  
 14.3076923077    244.781  
 0.0    244.914  
 14.4615384615    245.047  
 0.0    245.181  
 14.6153846154    245.314  
 0.0    245.447  
 14.7692307692    245.58  
 0.0    245.714  
 14.9230769231    245.847  
 0.0    245.98  
 15.0769230769    246.113  
 0.0    246.247  
 15.2307692308    246.38  
 0.0    246.514  
 15.3846153846    246.647  
 0.0    246.78  
 15.5384615385    246.914  
 0.0    247.047  
 15.6923076923    247.181  
 0.0    247.314  
 15.8461538462    247.448  
 0.0    247.581  
 16.0    247.715  
 0.0    247.849  
 16.1538461538    247.982  
 0.0    248.115  
 16.3076923077    248.249  
 0.0    248.382  
 16.4615384615    248.516  
 0.0    248.649  
 16.6153846154    248.782  
 0.0    248.915  
 16.7692307692    249.049  
 0.0    249.182  
 16.9230769231    249.316  
 0.0    249.449  
 17.0769230769    249.583  
 0.0    249.716  
 17.2307692308    249.85  
 0.0    249.983  
 17.3846153846    250.116  
 0.0    250.25  
 17.5384615385    250.383  
 0.0    250.516  
 17.6923076923    250.65  
 0.0    250.783  
 17.8461538462    250.917  
 0.0    251.05  
 18.0    251.185  
 0.0    251.318  
 18.1538461538    251.451  
 0.0    251.585  
 18.3076923077    251.718  
 0.0    251.851  
 18.4615384615    251.984  
 0.0    252.118  
 18.6153846154    252.251  
 0.0    252.384  
 18.7692307692    252.518  
 0.0    252.651  
 18.9230769231    252.785  
 0.0    252.918  
 19.0769230769    253.052  
 0.0    253.185  
 19.2307692308    253.319  
 0.0    253.456  
 19.3846153846    253.589  
 0.0    253.722  
 19.5384615385    253.856  
 0.0    253.989  
 19.6923076923    254.122  
 0.0    254.256  
 19.8461538462    254.389  
 0.0    254.538  
 4.0    254.672  
 0.0    254.805  
 4.15384615385    254.938  
 0.0    255.071  
 4.30769230769    255.205  
 0.0    255.338  
 4.46153846154    255.471  
 0.0    255.604  
 4.61538461538    255.738  
 0.0    255.871  
 4.76923076923    256.004  
 0.0    256.137  
 4.92307692308    256.271  
 0.0    256.404  
 5.07692307692    256.538  
 0.0    256.671  
 5.23076923077    256.804  
 0.0    256.938  
 5.38461538462    257.071  
 0.0    257.205  
 5.53846153846    257.338  
 0.0    257.472  
 5.69230769231    257.605  
 0.0    257.738  
 5.84615384615    257.873  
 0.0    258.006  
 6.0    258.139  
 0.0    258.272  
 6.15384615385    258.406  
 0.0    258.539  
 6.30769230769    258.672  
 0.0    258.806  
 6.46153846154    258.939  
 0.0    259.073  
 6.61538461538    259.206  
 0.0    259.34  
 6.76923076923    259.473  
 0.0    259.606  
 6.92307692308    259.74  
 0.0    259.873  
 7.07692307692    260.007  
 0.0    260.14  
 7.23076923077    260.274  
 0.0    260.407  
 7.38461538462    260.54  
 0.0    260.674  
 7.53846153846    260.807  
 0.0    260.941  
 7.69230769231    261.074  
 0.0    261.208  
 7.84615384615    261.342  
 0.0    261.475  
 8.0    261.608  
 0.0    261.741  
 8.15384615385    261.875  
 0.0    262.008  
 8.30769230769    262.142  
 0.0    262.275  
 8.46153846154    262.409  
 0.0    262.542  
 8.61538461538    262.675  
 0.0    262.809  
 8.76923076923    262.942  
 0.0    263.076  
 8.92307692308    263.209  
 0.0    263.342  
 9.07692307692    263.476  
 0.0    263.609  
 9.23076923077    263.743  
 0.0    263.876  
 9.38461538462    264.01  
 0.0    264.143  
 9.53846153846    264.277  
 0.0    264.41  
 9.69230769231    264.545  
 0.0    264.678  
 9.84615384615    264.811  
 0.0    264.944  
 10.0    265.078  
 0.0    265.211  
 10.1538461538    265.344  
 0.0    265.478  
 10.3076923077    265.611  
 0.0    265.745  
 10.4615384615    265.878  
 0.0    266.011  
 10.6153846154    266.144  
 0.0    266.278  
 10.7692307692    266.411  
 0.0    266.545  
 10.9230769231    266.678  
 0.0    266.812  
 11.0769230769    266.945  
 0.0    267.078  
 11.2307692308    267.212  
 0.0    267.345  
 11.3846153846    267.479  
 0.0    267.612  
 11.5384615385    267.746  
 0.0    267.88  
 11.6923076923    268.013  
 0.0    268.146  
 11.8461538462    268.28  
 0.0    268.413  
 12.0    268.547  
 0.0    268.68  
 12.1538461538    268.814  
 0.0    268.947  
 12.3076923077    269.08  
 0.0    269.213  
 12.4615384615    269.347  
 0.0    269.481  
 12.6153846154    269.614  
 0.0    269.747  
 12.7692307692    269.881  
 0.0    270.014  
 12.9230769231    270.148  
 0.0    270.281  
 13.0769230769    270.414  
 0.0    270.548  
 13.2307692308    270.681  
 0.0    270.815  
 13.3846153846    270.948  
 0.0    271.081  
 13.5384615385    271.216  
 0.0    271.349  
 13.6923076923    271.482  
 0.0    271.616  
 13.8461538462    271.749  
 0.0    271.882  
 14.0    272.015  
 0.0    272.149  
 14.1538461538    272.282  
 0.0    272.416  
 14.3076923077    272.549  
 0.0    272.683  
 14.4615384615    272.816  
 0.0    272.949  
 14.6153846154    273.083  
 0.0    273.216  
 14.7692307692    273.35  
 0.0    273.483  
 14.9230769231    273.617  
 0.0    273.75  
 15.0769230769    273.884  
 0.0    274.017  
 15.2307692308    274.15  
 0.0    274.284  
 15.3846153846    274.417  
 0.0    274.552  
 15.5384615385    274.685  
 0.0    274.819  
 15.6923076923    274.952  
 0.0    275.085  
 15.8461538462    275.219  
 0.0    275.352  
 16.0    275.486  
 0.0    275.619  
 16.1538461538    275.752  
 0.0    275.886  
 16.3076923077    276.02  
 0.0    276.153  
 16.4615384615    276.286  
 0.0    276.42  
 16.6153846154    276.553  
 0.0    276.686  
 16.7692307692    276.82  
 0.0    276.953  
 16.9230769231    277.086  
 0.0    277.22  
 17.0769230769    277.353  
 0.0    277.486  
 17.2307692308    277.62  
 0.0    277.753  
 17.3846153846    277.887  
 0.0    278.021  
 17.5384615385    278.154  
 0.0    278.287  
 17.6923076923    278.421  
 0.0    278.554  
 17.8461538462    278.688  
 0.0    278.821  
 18.0    278.954  
 0.0    279.088  
 18.1538461538    279.221  
 0.0    279.354  
 18.3076923077    279.488  
 0.0    279.621  
 18.4615384615    279.754  
 0.0    279.888  
 18.6153846154    280.021  
 0.0    280.155  
 18.7692307692    280.288  
 0.0    280.421  
 18.9230769231    280.555  
 0.0    280.688  
 19.0769230769    280.822  
 0.0    280.955  
 19.2307692308    281.089  
 0.0    281.223  
 19.3846153846    281.357  
 0.0    281.49  
 19.5384615385    281.624  
 0.0    281.757  
 19.6923076923    281.891  
 0.0    282.024  
 19.8461538462    282.158  
 0.0    282.308  
 4.0    282.441  
 0.0    282.574  
 4.15384615385    282.708  
 0.0    282.841  
 4.30769230769    282.974  
 0.0    283.108  
 4.46153846154    283.241  
 0.0    283.374  
 4.61538461538    283.508  
 0.0    283.641  
 4.76923076923    283.775  
 0.0    283.908  
 4.92307692308    284.041  
 0.0    284.174  
 5.07692307692    284.308  
 0.0    284.441  
 5.23076923077    284.575  
 0.0    284.709  
 5.38461538462    284.842  
 0.0    284.975  
 5.53846153846    285.11  
 0.0    285.243  
 5.69230769231    285.376  
 0.0    285.51  
 5.84615384615    285.643  
 0.0    285.776  
 6.0    285.91  
 0.0    286.043  
 6.15384615385    286.177  
 0.0    286.31  
 6.30769230769    286.444  
 0.0    286.578  
 6.46153846154    286.711  
 0.0    286.844  
 6.61538461538    286.978  
 0.0    287.112  
 6.76923076923    287.246  
 0.0    287.379  
 6.92307692308    287.513  
 0.0    287.646  
 7.07692307692    287.78  
 0.0    287.914  
 7.23076923077    288.047  
 0.0    288.181  
 7.38461538462    288.314  
 0.0    288.448  
 7.53846153846    288.582  
 0.0    288.727  
 7.69230769231    288.861  
 0.0    288.994  
 7.84615384615    289.128  
 0.0    289.261  
 8.0    289.395  
 0.0    289.528  
 8.15384615385    289.662  
 0.0    289.795  
 8.30769230769    289.928  
 0.0    290.062  
 8.46153846154    290.195  
 0.0    290.329  
 8.61538461538    290.462  
 0.0    290.595  
 8.76923076923    290.729  
 0.0    290.862  
 8.92307692308    290.996  
 0.0    291.129  
 9.07692307692    291.264  
 0.0    291.397  
 9.23076923077    291.531  
 0.0    291.664  
 9.38461538462    291.798  
 0.0    291.931  
 9.53846153846    292.064  
 0.0    292.198  
 9.69230769231    292.331  
 0.0    292.464  
 9.84615384615    292.598  
 0.0    292.731  
 10.0    292.864  
 0.0    292.998  
 10.1538461538    293.131  
 0.0    293.264  
 10.3076923077    293.398  
 0.0    293.531  
 10.4615384615    293.664  
 0.0    293.798  
 10.6153846154    293.931  
 0.0    294.065  
 10.7692307692    294.198  
 0.0    294.332  
 10.9230769231    294.465  
 0.0    294.599  
 11.0769230769    294.733  
 0.0    294.866  
 11.2307692308    295.0  
 0.0    295.133  
 11.3846153846    295.267  
 0.0    295.4  
 11.5384615385    295.534  
 0.0    295.667  
 11.6923076923    295.801  
 0.0    295.934  
 11.8461538462    296.068  
 0.0    296.201  
 12.0    296.335  
 0.0    296.468  
 12.1538461538    296.602  
 0.0    296.735  
 12.3076923077    296.869  
 0.0    297.002  
 12.4615384615    297.135  
 0.0    297.269  
 12.6153846154    297.402  
 0.0    297.536  
 12.7692307692    297.669  
 0.0    297.803  
 12.9230769231    297.936  
 0.0    298.07  
 13.0769230769    298.203  
 0.0    298.337  
 13.2307692308    298.47  
 0.0    298.603  
 13.3846153846    298.737  
 0.0    298.87  
 13.5384615385    299.004  
 0.0    299.137  
 13.6923076923    299.271  
 0.0    299.404  
 13.8461538462    299.538  
 0.0    299.671  
 14.0    299.805  
 0.0    299.938  
 14.1538461538    300.072  
 0.0    300.205  
 14.3076923077    300.338  
 0.0    300.472  
 14.4615384615    300.605  
 0.0    300.739  
 14.6153846154    300.872  
 0.0    301.006  
 14.7692307692    301.139  
 0.0    301.273  
 14.9230769231    301.42  
 0.0    301.553  
 15.0769230769    301.687  
 0.0    301.82  
 15.2307692308    301.954  
 0.0    302.087  
 15.3846153846    302.221  
 0.0    302.354  
 15.5384615385    302.488  
 0.0    302.621  
 15.6923076923    302.754  
 0.0    302.888  
 15.8461538462    303.021  
 0.0    303.155  
 16.0    303.288  
 0.0    303.422  
 16.1538461538    303.555  
 0.0    303.688  
 16.3076923077    303.822  
 0.0    303.956  
 16.4615384615    304.089  
 0.0    304.223  
 16.6153846154    304.356  
 0.0    304.49  
 16.7692307692    304.624  
 0.0    304.757  
 16.9230769231    304.891  
 0.0    305.024  
 17.0769230769    305.158  
 0.0    305.291  
 17.2307692308    305.435  
 0.0    305.572  
 17.3846153846    305.707  
 0.0    305.84  
 17.5384615385    305.973  
 0.0    306.107  
 17.6923076923    306.24  
 0.0    306.374  
 17.8461538462    306.507  
 0.0    306.64  
 18.0    306.774  
 0.0    306.907  
 18.1538461538    307.041  
 0.0    307.174  
 18.3076923077    307.308  
 0.0    307.442  
 18.4615384615    307.575  
 0.0    307.709  
 18.6153846154    307.842  
 0.0    307.976  
 18.7692307692    308.109  
 0.0    308.243  
 18.9230769231    308.376  
 0.0    308.51  
 19.0769230769    308.644  
 0.0    308.778  
 19.2307692308    308.912  
 0.0    309.046  
 19.3846153846    309.179  
 0.0    309.312  
 19.5384615385    309.459  
 0.0    309.593  
 19.6923076923    309.726  
 0.0    309.859  
 19.8461538462    309.993  
