 [248.5, 245.25, 235.5, 47.0]  
 [42.739, 43.006, 43.807, 59.284]  
 [43.273, 44.607, 59.818]  
 [173.75, 125.0, 108.75, 95.75]  
 [77.698, 81.701, 83.035, 84.102]  
 [82.101, 83.835, 84.903]  
 [339.5, 287.5, 173.75, 112.0]  
 [92.909, 97.178, 106.519, 111.589]  
 [106.919, 111.989]  
 [355.75, 342.75, 297.25, 37.25]  
 [120.395, 121.463, 125.199, 146.548]  
 [120.796, 121.996, 125.599, 147.082]  
 [118.5, 108.75, 82.75, 47.0]  
 [168.713, 169.514, 171.649, 174.584]  
 [175.118]  
 [329.75, 300.5, 274.5, 34.0]  
 [180.205, 182.607, 184.742, 204.49]  
 [180.739, 185.409, 204.89]  
 [300.5, 251.75, 183.5, 86.0]  
 [211.444, 215.447, 221.051, 229.057]  
 [215.848, 229.457]  
 [359.0, 294.0, 251.75, 95.75]  
 [235.471, 240.816, 244.285, 257.094]  
 [236.012, 241.349, 257.895]  
 [225.75, 203.0, 125.0, 118.5]  
 [275.257, 277.125, 283.53, 284.064]  
 [275.791, 277.659, 284.064, 284.731]  
 [333.0, 138.0, 131.5, 89.25]  
 [295.288, 311.3, 311.834, 315.303]  
 [295.689, 311.835, 312.634, 315.837]  
