 33.525    33.525  
 0.0    33.542  
 1.0    33.673  
 0.0    33.806  
 4.25    33.94  
 0.0    34.073  
 7.5    34.206  
 0.0    34.34  
 10.75    34.473  
 0.0    34.607  
 14.0    34.74  
 0.0    34.874  
 17.25    35.007  
 0.0    35.14  
 20.5    35.274  
 0.0    35.407  
 23.75    35.541  
 0.0    35.674  
 27.0    35.808  
 0.0    35.941  
 30.25    36.074  
 0.0    36.208  
 33.5    36.341  
 0.0    36.475  
 36.75    36.608  
 0.0    36.742  
 40.0    36.875  
 0.0    37.008  
 43.25    37.142  
 0.0    37.275  
 46.5    37.409  
 0.0    37.542  
 49.75    37.676  
 0.0    37.809  
 53.0    37.942  
 0.0    38.076  
 56.25    38.209  
 0.0    38.343  
 59.5    38.476  
 0.0    38.61  
 62.75    38.743  
 0.0    38.876  
 66.0    39.01  
 0.0    39.143  
 69.25    39.277  
 0.0    39.41  
 72.5    39.544  
 0.0    39.677  
 75.75    39.811  
 0.0    39.944  
 79.0    40.077  
 0.0    40.211  
 82.25    40.344  
 0.0    40.478  
 85.5    40.611  
 0.0    40.744  
 88.75    40.878  
 0.0    41.011  
 92.0    41.145  
 0.0    41.278  
 95.25    41.412  
 0.0    41.545  
 98.5    41.679  
 0.0    41.812  
 101.75    41.945  
 0.0    42.079  
 105.0    42.212  
 0.0    42.346  
 108.25    42.479  
 0.0    42.612  
 111.5    42.746  
 0.0    42.879  
 114.75    43.013  
 0.0    43.146  
 118.0    43.28  
 0.0    43.413  
 121.25    43.547  
 0.0    43.68  
 124.5    43.813  
 0.0    43.947  
 127.75    44.08  
 0.0    44.214  
 131.0    44.347  
 0.0    44.481  
 134.25    44.614  
 0.0    44.747  
 137.5    44.881  
 0.0    45.014  
 140.75    45.148  
 0.0    45.281  
 144.0    45.414  
 0.0    45.548  
 147.25    45.681  
 0.0    45.815  
 150.5    45.948  
 0.0    46.082  
 153.75    46.215  
 0.0    46.349  
 157.0    46.482  
 0.0    46.615  
 160.25    46.749  
 0.0    46.882  
 163.5    47.016  
 0.0    47.149  
 166.75    47.283  
 0.0    47.416  
 170.0    47.549  
 0.0    47.683  
 173.25    47.816  
 0.0    47.95  
 176.5    48.083  
 0.0    48.217  
 179.75    48.35  
 0.0    48.483  
 183.0    48.617  
 0.0    48.75  
 186.25    48.884  
 0.0    49.017  
 189.5    49.151  
 0.0    49.284  
 192.75    49.417  
 0.0    49.551  
 196.0    49.684  
 0.0    49.818  
 199.25    49.951  
 0.0    50.085  
 202.5    50.218  
 0.0    50.351  
 205.75    50.485  
 0.0    50.618  
 209.0    50.752  
 0.0    50.885  
 212.25    51.019  
 0.0    51.152  
 215.5    51.285  
 0.0    51.419  
 218.75    51.552  
 0.0    51.686  
 222.0    51.819  
 0.0    51.953  
 225.25    52.086  
 0.0    52.219  
 228.5    52.353  
 0.0    52.486  
 231.75    52.62  
 0.0    52.753  
 235.0    52.887  
 0.0    53.02  
 238.25    53.153  
 0.0    53.287  
 241.5    53.42  
 0.0    53.554  
 244.75    53.687  
 0.0    53.821  
 248.0    53.954  
 0.0    54.088  
 251.25    54.221  
 0.0    54.354  
 254.5    54.488  
 0.0    54.621  
 257.75    54.755  
 0.0    54.888  
 261.0    55.021  
 0.0    55.155  
 264.25    55.288  
 0.0    55.422  
 267.5    55.555  
 0.0    55.689  
 270.75    55.822  
 0.0    55.956  
 274.0    56.089  
 0.0    56.222  
 277.25    56.356  
 0.0    56.49  
 280.5    56.623  
 0.0    56.756  
 283.75    56.89  
 0.0    57.023  
 287.0    57.156  
 0.0    57.29  
 290.25    57.423  
 0.0    57.557  
 293.5    57.69  
 0.0    57.824  
 296.75    57.957  
 0.0    58.09  
 300.0    58.224  
 0.0    58.357  
 303.25    58.491  
 0.0    58.624  
 306.5    58.758  
 0.0    58.891  
 309.75    59.024  
 0.0    59.158  
 313.0    59.291  
 0.0    59.425  
 316.25    59.558  
 0.0    59.692  
 319.5    59.825  
 0.0    59.958  
 322.75    60.092  
 0.0    60.225  
 326.0    60.359  
 0.0    60.492  
 329.25    60.626  
 0.0    60.759  
 332.5    60.893  
 0.0    61.026  
 335.75    61.159  
 0.0    61.293  
 339.0    61.426  
 0.0    61.56  
 342.25    61.693  
 0.0    61.826  
 345.5    61.96  
 0.0    62.093  
 348.75    62.227  
 0.0    62.363  
 1.0    62.493  
 0.0    62.627  
 4.25    62.76  
 0.0    62.894  
 7.5    63.027  
 0.0    63.161  
 10.75    63.294  
 0.0    63.428  
 14.0    63.561  
 0.0    63.694  
 17.25    63.828  
 0.0    63.961  
 20.5    64.095  
 0.0    64.228  
 23.75    64.361  
 0.0    64.495  
 27.0    64.628  
 0.0    64.762  
 30.25    64.895  
 0.0    65.029  
 33.5    65.162  
 0.0    65.296  
 36.75    65.429  
 0.0    65.563  
 40.0    65.696  
 0.0    65.829  
 43.25    65.963  
 0.0    66.096  
 46.5    66.23  
 0.0    66.363  
 49.75    66.496  
 0.0    66.63  
 53.0    66.763  
 0.0    66.897  
 56.25    67.03  
 0.0    67.164  
 59.5    67.297  
 0.0    67.43  
 62.75    67.564  
 0.0    67.697  
 66.0    67.831  
 0.0    67.964  
 69.25    68.098  
 0.0    68.231  
 72.5    68.364  
 0.0    68.498  
 75.75    68.631  
 0.0    68.765  
 79.0    68.898  
 0.0    69.032  
 82.25    69.165  
 0.0    69.298  
 85.5    69.432  
 0.0    69.565  
 88.75    69.699  
 0.0    69.832  
 92.0    69.966  
 0.0    70.099  
 95.25    70.232  
 0.0    70.366  
 98.5    70.499  
 0.0    70.633  
 101.75    70.766  
 0.0    70.9  
 105.0    71.033  
 0.0    71.166  
 108.25    71.3  
 0.0    71.433  
 111.5    71.567  
 0.0    71.7  
 114.75    71.834  
 0.0    71.967  
 118.0    72.101  
 0.0    72.234  
 121.25    72.367  
 0.0    72.501  
 124.5    72.634  
 0.0    72.768  
 127.75    72.901  
 0.0    73.035  
 131.0    73.168  
 0.0    73.301  
 134.25    73.435  
 0.0    73.568  
 137.5    73.702  
 0.0    73.835  
 140.75    73.968  
 0.0    74.102  
 144.0    74.235  
 0.0    74.369  
 147.25    74.502  
 0.0    74.636  
 150.5    74.769  
 0.0    74.903  
 153.75    75.036  
 0.0    75.169  
 157.0    75.303  
 0.0    75.436  
 160.25    75.57  
 0.0    75.703  
 163.5    75.837  
 0.0    75.97  
 166.75    76.103  
 0.0    76.237  
 170.0    76.371  
 0.0    76.504  
 173.25    76.637  
 0.0    76.771  
 176.5    76.904  
 0.0    77.037  
 179.75    77.171  
 0.0    77.304  
 183.0    77.438  
 0.0    77.571  
 186.25    77.705  
 0.0    77.838  
 189.5    77.971  
 0.0    78.105  
 192.75    78.238  
 0.0    78.372  
 196.0    78.505  
 0.0    78.639  
 199.25    78.772  
 0.0    78.905  
 202.5    79.039  
 0.0    79.172  
 205.75    79.306  
 0.0    79.439  
 209.0    79.573  
 0.0    79.706  
 212.25    79.84  
 0.0    79.973  
 215.5    80.106  
 0.0    80.24  
 218.75    80.373  
 0.0    80.507  
 222.0    80.64  
 0.0    80.773  
 225.25    80.907  
 0.0    81.04  
 228.5    81.174  
 0.0    81.307  
 231.75    81.441  
 0.0    81.574  
 235.0    81.708  
 0.0    81.841  
 238.25    81.974  
 0.0    82.108  
 241.5    82.241  
 0.0    82.375  
 244.75    82.508  
 0.0    82.641  
 248.0    82.775  
 0.0    82.908  
 251.25    83.042  
 0.0    83.175  
 254.5    83.309  
 0.0    83.442  
 257.75    83.575  
 0.0    83.709  
 261.0    83.842  
 0.0    83.976  
 264.25    84.109  
 0.0    84.243  
 267.5    84.376  
 0.0    84.51  
 270.75    84.643  
 0.0    84.776  
 274.0    84.91  
 0.0    85.043  
 277.25    85.177  
 0.0    85.31  
 280.5    85.443  
 0.0    85.577  
 283.75    85.71  
 0.0    85.844  
 287.0    85.977  
 0.0    86.111  
 290.25    86.244  
 0.0    86.378  
 293.5    86.511  
 0.0    86.644  
 296.75    86.778  
 0.0    86.911  
 300.0    87.045  
 0.0    87.178  
 303.25    87.312  
 0.0    87.445  
 306.5    87.578  
 0.0    87.712  
 309.75    87.845  
 0.0    87.979  
 313.0    88.112  
 0.0    88.246  
 316.25    88.379  
 0.0    88.512  
 319.5    88.646  
 0.0    88.779  
 322.75    88.913  
 0.0    89.046  
 326.0    89.179  
 0.0    89.313  
 329.25    89.446  
 0.0    89.58  
 332.5    89.713  
 0.0    89.847  
 335.75    89.98  
 0.0    90.114  
 339.0    90.247  
 0.0    90.38  
 342.25    90.514  
 0.0    90.647  
 345.5    90.781  
 0.0    90.914  
 348.75    91.047  
 0.0    91.184  
 1.0    91.314  
 0.0    91.448  
 4.25    91.581  
 0.0    91.715  
 7.5    91.848  
 0.0    91.982  
 10.75    92.115  
 0.0    92.248  
 14.0    92.382  
 0.0    92.515  
 17.25    92.649  
 0.0    92.782  
 20.5    92.916  
 0.0    93.049  
 23.75    93.182  
 0.0    93.316  
 27.0    93.449  
 0.0    93.583  
 30.25    93.716  
 0.0    93.849  
 33.5    93.983  
 0.0    94.116  
 36.75    94.25  
 0.0    94.383  
 40.0    94.517  
 0.0    94.65  
 43.25    94.784  
 0.0    94.917  
 46.5    95.05  
 0.0    95.184  
 49.75    95.317  
 0.0    95.451  
 53.0    95.584  
 0.0    95.718  
 56.25    95.851  
 0.0    95.984  
 59.5    96.118  
 0.0    96.251  
 62.75    96.385  
 0.0    96.518  
 66.0    96.652  
 0.0    96.785  
 69.25    96.918  
 0.0    97.052  
 72.5    97.185  
 0.0    97.319  
 75.75    97.452  
 0.0    97.586  
 79.0    97.719  
 0.0    97.852  
 82.25    97.986  
 0.0    98.119  
 85.5    98.253  
 0.0    98.386  
 88.75    98.52  
 0.0    98.653  
 92.0    98.786  
 0.0    98.92  
 95.25    99.053  
 0.0    99.187  
 98.5    99.32  
 0.0    99.454  
 101.75    99.587  
 0.0    99.72  
 105.0    99.854  
 0.0    99.987  
 108.25    100.121  
 0.0    100.254  
 111.5    100.388  
 0.0    100.521  
 114.75    100.654  
 0.0    100.788  
 118.0    100.921  
 0.0    101.055  
 121.25    101.188  
 0.0    101.322  
 124.5    101.455  
 0.0    101.588  
 127.75    101.722  
 0.0    101.855  
 131.0    101.989  
 0.0    102.123  
 134.25    102.256  
 0.0    102.389  
 137.5    102.522  
 0.0    102.656  
 140.75    102.789  
 0.0    102.923  
 144.0    103.056  
 0.0    103.19  
 147.25    103.323  
 0.0    103.457  
 150.5    103.59  
 0.0    103.723  
 153.75    103.857  
 0.0    103.99  
 157.0    104.124  
 0.0    104.257  
 160.25    104.391  
 0.0    104.524  
 163.5    104.657  
 0.0    104.791  
 166.75    104.924  
 0.0    105.058  
 170.0    105.191  
 0.0    105.324  
 173.25    105.458  
 0.0    105.591  
 176.5    105.725  
 0.0    105.858  
 179.75    105.992  
 0.0    106.125  
 183.0    106.259  
 0.0    106.392  
 186.25    106.525  
 0.0    106.659  
 189.5    106.792  
 0.0    106.926  
 192.75    107.059  
 0.0    107.193  
 196.0    107.326  
 0.0    107.459  
 199.25    107.593  
 0.0    107.726  
 202.5    107.86  
 0.0    107.993  
 205.75    108.127  
 0.0    108.26  
 209.0    108.393  
 0.0    108.527  
 212.25    108.66  
 0.0    108.794  
 215.5    108.927  
 0.0    109.061  
 218.75    109.194  
 0.0    109.327  
 222.0    109.461  
 0.0    109.594  
 225.25    109.728  
 0.0    109.861  
 228.5    109.995  
 0.0    110.128  
 231.75    110.261  
 0.0    110.395  
 235.0    110.528  
 0.0    110.662  
 238.25    110.795  
 0.0    110.929  
 241.5    111.062  
 0.0    111.195  
 244.75    111.329  
 0.0    111.462  
 248.0    111.596  
 0.0    111.729  
 251.25    111.863  
 0.0    111.996  
 254.5    112.129  
 0.0    112.263  
 257.75    112.396  
 0.0    112.53  
 261.0    112.663  
 0.0    112.797  
 264.25    112.93  
 0.0    113.063  
 267.5    113.197  
 0.0    113.33  
 270.75    113.464  
 0.0    113.597  
 274.0    113.731  
 0.0    113.864  
 277.25    113.997  
 0.0    114.131  
 280.5    114.264  
 0.0    114.398  
 283.75    114.531  
 0.0    114.665  
 287.0    114.798  
 0.0    114.931  
 290.25    115.065  
 0.0    115.198  
 293.5    115.332  
 0.0    115.465  
 296.75    115.599  
 0.0    115.732  
 300.0    115.866  
 0.0    115.999  
 303.25    116.132  
 0.0    116.266  
 306.5    116.399  
 0.0    116.533  
 309.75    116.666  
 0.0    116.799  
 313.0    116.933  
 0.0    117.066  
 316.25    117.2  
 0.0    117.333  
 319.5    117.467  
 0.0    117.6  
 322.75    117.733  
 0.0    117.867  
 326.0    118.0  
 0.0    118.134  
 329.25    118.267  
 0.0    118.401  
 332.5    118.534  
 0.0    118.668  
 335.75    118.801  
 0.0    118.935  
 339.0    119.068  
 0.0    119.202  
 342.25    119.335  
 0.0    119.468  
 345.5    119.602  
 0.0    119.735  
 348.75    119.868  
 0.0    120.008  
 1.0    120.138  
 0.0    120.269  
 4.25    120.402  
 0.0    120.536  
 7.5    120.669  
 0.0    120.802  
 10.75    120.936  
 0.0    121.069  
 14.0    121.203  
 0.0    121.336  
 17.25    121.47  
 0.0    121.603  
 20.5    121.736  
 0.0    121.87  
 23.75    122.003  
 0.0    122.137  
 27.0    122.27  
 0.0    122.404  
 30.25    122.537  
 0.0    122.67  
 33.5    122.804  
 0.0    122.937  
 36.75    123.071  
 0.0    123.204  
 40.0    123.338  
 0.0    123.471  
 43.25    123.604  
 0.0    123.738  
 46.5    123.871  
 0.0    124.005  
 49.75    124.138  
 0.0    124.272  
 53.0    124.405  
 0.0    124.538  
 56.25    124.672  
 0.0    124.805  
 59.5    124.939  
 0.0    125.072  
 62.75    125.206  
 0.0    125.339  
 66.0    125.472  
 0.0    125.606  
 69.25    125.739  
 0.0    125.873  
 72.5    126.006  
 0.0    126.14  
 75.75    126.273  
 0.0    126.406  
 79.0    126.54  
 0.0    126.673  
 82.25    126.807  
 0.0    126.94  
 85.5    127.074  
 0.0    127.207  
 88.75    127.34  
 0.0    127.474  
 92.0    127.607  
 0.0    127.741  
 95.25    127.874  
 0.0    128.008  
 98.5    128.141  
 0.0    128.274  
 101.75    128.408  
 0.0    128.541  
 105.0    128.675  
 0.0    128.808  
 108.25    128.942  
 0.0    129.075  
 111.5    129.209  
 0.0    129.342  
 114.75    129.476  
 0.0    129.609  
 118.0    129.742  
 0.0    129.876  
 121.25    130.009  
 0.0    130.142  
 124.5    130.276  
 0.0    130.409  
 127.75    130.543  
 0.0    130.676  
 131.0    130.81  
 0.0    130.943  
 134.25    131.077  
 0.0    131.21  
 137.5    131.343  
 0.0    131.477  
 140.75    131.61  
 0.0    131.744  
 144.0    131.877  
 0.0    132.011  
 147.25    132.144  
 0.0    132.277  
 150.5    132.411  
 0.0    132.544  
 153.75    132.678  
 0.0    132.811  
 157.0    132.944  
 0.0    133.078  
 160.25    133.211  
 0.0    133.345  
 163.5    133.478  
 0.0    133.612  
 166.75    133.745  
 0.0    133.878  
 170.0    134.012  
 0.0    134.145  
 173.25    134.279  
 0.0    134.412  
 176.5    134.546  
 0.0    134.679  
 179.75    134.813  
 0.0    134.946  
 183.0    135.079  
 0.0    135.213  
 186.25    135.346  
 0.0    135.48  
 189.5    135.613  
 0.0    135.747  
 192.75    135.88  
 0.0    136.013  
 196.0    136.147  
 0.0    136.28  
 199.25    136.414  
 0.0    136.547  
 202.5    136.681  
 0.0    136.814  
 205.75    136.947  
 0.0    137.081  
 209.0    137.214  
 0.0    137.348  
 212.25    137.481  
 0.0    137.614  
 215.5    137.748  
 0.0    137.881  
 218.75    138.015  
 0.0    138.148  
 222.0    138.282  
 0.0    138.415  
 225.25    138.549  
 0.0    138.682  
 228.5    138.815  
 0.0    138.949  
 231.75    139.082  
 0.0    139.216  
 235.0    139.349  
 0.0    139.483  
 238.25    139.616  
 0.0    139.749  
 241.5    139.883  
 0.0    140.017  
 244.75    140.15  
 0.0    140.283  
 248.0    140.417  
 0.0    140.55  
 251.25    140.683  
 0.0    140.817  
 254.5    140.95  
 0.0    141.084  
 257.75    141.217  
 0.0    141.351  
 261.0    141.484  
 0.0    141.617  
 264.25    141.751  
 0.0    141.884  
 267.5    142.018  
 0.0    142.151  
 270.75    142.285  
 0.0    142.418  
 274.0    142.551  
 0.0    142.685  
 277.25    142.818  
 0.0    142.952  
 280.5    143.085  
 0.0    143.219  
 283.75    143.352  
 0.0    143.485  
 287.0    143.619  
 0.0    143.752  
 290.25    143.886  
 0.0    144.019  
 293.5    144.153  
 0.0    144.286  
 296.75    144.419  
 0.0    144.553  
 300.0    144.686  
 0.0    144.82  
 303.25    144.953  
 0.0    145.087  
 306.5    145.22  
 0.0    145.354  
 309.75    145.487  
 0.0    145.62  
 313.0    145.754  
 0.0    145.887  
 316.25    146.021  
 0.0    146.154  
 319.5    146.288  
 0.0    146.421  
 322.75    146.554  
 0.0    146.688  
 326.0    146.821  
 0.0    146.955  
 329.25    147.088  
 0.0    147.222  
 332.5    147.355  
 0.0    147.489  
 335.75    147.622  
 0.0    147.755  
 339.0    147.889  
 0.0    148.022  
 342.25    148.156  
 0.0    148.289  
 345.5    148.422  
 0.0    148.556  
 348.75    148.689  
 0.0    148.832  
 1.0    148.973  
 0.0    149.106  
 4.25    149.24  
 0.0    149.373  
 7.5    149.507  
 0.0    149.64  
 10.75    149.773  
 0.0    149.907  
 14.0    150.04  
 0.0    150.174  
 17.25    150.307  
 0.0    150.441  
 20.5    150.574  
 0.0    150.707  
 23.75    150.841  
 0.0    150.974  
 27.0    151.108  
 0.0    151.241  
 30.25    151.375  
 0.0    151.508  
 33.5    151.641  
 0.0    151.775  
 36.75    151.908  
 0.0    152.042  
 40.0    152.175  
 0.0    152.309  
 43.25    152.442  
 0.0    152.575  
 46.5    152.709  
 0.0    152.842  
 49.75    152.976  
 0.0    153.109  
 53.0    153.243  
 0.0    153.376  
 56.25    153.509  
 0.0    153.643  
 59.5    153.776  
 0.0    153.91  
 62.75    154.043  
 0.0    154.177  
 66.0    154.31  
 0.0    154.443  
 69.25    154.577  
 0.0    154.71  
 72.5    154.844  
 0.0    154.977  
 75.75    155.111  
 0.0    155.244  
 79.0    155.378  
 0.0    155.511  
 82.25    155.644  
 0.0    155.778  
 85.5    155.911  
 0.0    156.045  
 88.75    156.178  
 0.0    156.311  
 92.0    156.445  
 0.0    156.578  
 95.25    156.712  
 0.0    156.845  
 98.5    156.979  
 0.0    157.112  
 101.75    157.245  
 0.0    157.379  
 105.0    157.512  
 0.0    157.646  
 108.25    157.779  
 0.0    157.913  
 111.5    158.046  
 0.0    158.179  
 114.75    158.313  
 0.0    158.446  
 118.0    158.58  
 0.0    158.713  
 121.25    158.847  
 0.0    158.98  
 124.5    159.113  
 0.0    159.247  
 127.75    159.38  
 0.0    159.514  
 131.0    159.647  
 0.0    159.781  
 134.25    159.914  
 0.0    160.047  
 137.5    160.181  
 0.0    160.314  
 140.75    160.448  
 0.0    160.581  
 144.0    160.715  
 0.0    160.848  
 147.25    160.982  
 0.0    161.115  
 150.5    161.248  
 0.0    161.382  
 153.75    161.515  
 0.0    161.649  
 157.0    161.782  
 0.0    161.916  
 160.25    162.049  
 0.0    162.182  
 163.5    162.316  
 0.0    162.449  
 166.75    162.583  
 0.0    162.716  
 170.0    162.85  
 0.0    162.983  
 173.25    163.116  
 0.0    163.25  
 176.5    163.383  
 0.0    163.517  
 179.75    163.65  
 0.0    163.783  
 183.0    163.917  
 0.0    164.05  
 186.25    164.184  
 0.0    164.317  
 189.5    164.451  
 0.0    164.584  
 192.75    164.718  
 0.0    164.851  
 196.0    164.984  
 0.0    165.118  
 199.25    165.251  
 0.0    165.385  
 202.5    165.518  
 0.0    165.652  
 205.75    165.785  
 0.0    165.918  
 209.0    166.052  
 0.0    166.185  
 212.25    166.319  
 0.0    166.452  
 215.5    166.586  
 0.0    166.719  
 218.75    166.852  
 0.0    166.986  
 222.0    167.119  
 0.0    167.253  
 225.25    167.386  
 0.0    167.519  
 228.5    167.653  
 0.0    167.786  
 231.75    167.92  
 0.0    168.053  
 235.0    168.187  
 0.0    168.32  
 238.25    168.454  
 0.0    168.587  
 241.5    168.72  
 0.0    168.854  
 244.75    168.987  
 0.0    169.121  
 248.0    169.254  
 0.0    169.388  
 251.25    169.521  
 0.0    169.654  
 254.5    169.788  
 0.0    169.921  
 257.75    170.055  
 0.0    170.188  
 261.0    170.322  
 0.0    170.455  
 264.25    170.588  
 0.0    170.722  
 267.5    170.855  
 0.0    170.989  
 270.75    171.122  
 0.0    171.256  
 274.0    171.389  
 0.0    171.522  
 277.25    171.656  
 0.0    171.789  
 280.5    171.923  
 0.0    172.056  
 283.75    172.19  
 0.0    172.323  
 287.0    172.456  
 0.0    172.59  
 290.25    172.723  
 0.0    172.857  
 293.5    172.99  
 0.0    173.124  
 296.75    173.257  
 0.0    173.39  
 300.0    173.524  
 0.0    173.657  
 303.25    173.791  
 0.0    173.924  
 306.5    174.058  
 0.0    174.191  
 309.75    174.324  
 0.0    174.458  
 313.0    174.591  
 0.0    174.725  
 316.25    174.858  
 0.0    174.992  
 319.5    175.125  
 0.0    175.259  
 322.75    175.392  
 0.0    175.525  
 326.0    175.659  
 0.0    175.792  
 329.25    175.926  
 0.0    176.059  
 332.5    176.193  
 0.0    176.326  
 335.75    176.459  
 0.0    176.593  
 339.0    176.726  
 0.0    176.86  
 342.25    176.993  
 0.0    177.126  
 345.5    177.26  
 0.0    177.393  
 348.75    177.527  
 0.0    177.669  
 1.0    177.81  
 0.0    177.944  
 4.25    178.077  
 0.0    178.211  
 7.5    178.344  
 0.0    178.477  
 10.75    178.611  
 0.0    178.744  
 14.0    178.878  
 0.0    179.011  
 17.25    179.145  
 0.0    179.278  
 20.5    179.412  
 0.0    179.545  
 23.75    179.678  
 0.0    179.812  
 27.0    179.945  
 0.0    180.079  
 30.25    180.212  
 0.0    180.346  
 33.5    180.479  
 0.0    180.612  
 36.75    180.746  
 0.0    180.879  
 40.0    181.013  
 0.0    181.146  
 43.25    181.28  
 0.0    181.413  
 46.5    181.546  
 0.0    181.68  
 49.75    181.813  
 0.0    181.947  
 53.0    182.08  
 0.0    182.214  
 56.25    182.347  
 0.0    182.48  
 59.5    182.614  
 0.0    182.747  
 62.75    182.881  
 0.0    183.014  
 66.0    183.148  
 0.0    183.281  
 69.25    183.414  
 0.0    183.548  
 72.5    183.681  
 0.0    183.815  
 75.75    183.948  
 0.0    184.082  
 79.0    184.215  
 0.0    184.348  
 82.25    184.482  
 0.0    184.615  
 85.5    184.749  
 0.0    184.882  
 88.75    185.016  
 0.0    185.149  
 92.0    185.282  
 0.0    185.416  
 95.25    185.549  
 0.0    185.683  
 98.5    185.816  
 0.0    185.95  
 101.75    186.083  
 0.0    186.216  
 105.0    186.35  
 0.0    186.483  
 108.25    186.617  
 0.0    186.75  
 111.5    186.884  
 0.0    187.017  
 114.75    187.15  
 0.0    187.284  
 118.0    187.417  
 0.0    187.551  
 121.25    187.684  
 0.0    187.818  
 124.5    187.951  
 0.0    188.084  
 127.75    188.218  
 0.0    188.351  
 131.0    188.485  
 0.0    188.618  
 134.25    188.752  
 0.0    188.885  
 137.5    189.018  
 0.0    189.152  
 140.75    189.285  
 0.0    189.419  
 144.0    189.552  
 0.0    189.686  
 147.25    189.819  
 0.0    189.952  
 150.5    190.086  
 0.0    190.219  
 153.75    190.353  
 0.0    190.487  
 157.0    190.62  
 0.0    190.753  
 160.25    190.886  
 0.0    191.02  
 163.5    191.153  
 0.0    191.287  
 166.75    191.42  
 0.0    191.554  
 170.0    191.687  
 0.0    191.82  
 173.25    191.954  
 0.0    192.087  
 176.5    192.221  
 0.0    192.354  
 179.75    192.488  
 0.0    192.621  
 183.0    192.754  
 0.0    192.888  
 186.25    193.021  
 0.0    193.155  
 189.5    193.288  
 0.0    193.422  
 192.75    193.555  
 0.0    193.688  
 196.0    193.822  
 0.0    193.955  
 199.25    194.089  
 0.0    194.222  
 202.5    194.356  
 0.0    194.489  
 205.75    194.622  
 0.0    194.756  
 209.0    194.889  
 0.0    195.023  
 212.25    195.156  
 0.0    195.29  
 215.5    195.423  
 0.0    195.557  
 218.75    195.69  
 0.0    195.823  
 222.0    195.957  
 0.0    196.09  
 225.25    196.224  
 0.0    196.357  
 228.5    196.491  
 0.0    196.624  
 231.75    196.757  
 0.0    196.891  
 235.0    197.024  
 0.0    197.158  
 238.25    197.291  
 0.0    197.425  
 241.5    197.558  
 0.0    197.691  
 244.75    197.825  
 0.0    197.958  
 248.0    198.092  
 0.0    198.225  
 251.25    198.359  
 0.0    198.492  
 254.5    198.625  
 0.0    198.759  
 257.75    198.892  
 0.0    199.026  
 261.0    199.159  
 0.0    199.293  
 264.25    199.426  
 0.0    199.559  
 267.5    199.693  
 0.0    199.826  
 270.75    199.96  
 0.0    200.093  
 274.0    200.227  
 0.0    200.36  
 277.25    200.493  
 0.0    200.627  
 280.5    200.76  
 0.0    200.894  
 283.75    201.027  
 0.0    201.161  
 287.0    201.294  
 0.0    201.427  
 290.25    201.561  
 0.0    201.694  
 293.5    201.828  
 0.0    201.961  
 296.75    202.095  
 0.0    202.228  
 300.0    202.361  
 0.0    202.495  
 303.25    202.629  
 0.0    202.762  
 306.5    202.896  
 0.0    203.029  
 309.75    203.162  
 0.0    203.295  
 313.0    203.429  
 0.0    203.562  
 316.25    203.696  
 0.0    203.829  
 319.5    203.963  
 0.0    204.096  
 322.75    204.229  
 0.0    204.363  
 326.0    204.496  
 0.0    204.63  
 329.25    204.763  
 0.0    204.897  
 332.5    205.03  
 0.0    205.163  
 335.75    205.297  
 0.0    205.43  
 339.0    205.564  
 0.0    205.697  
 342.25    205.831  
 0.0    205.964  
 345.5    206.097  
 0.0    206.231  
 348.75    206.364  
 0.0    206.509  
 1.0    206.648  
 0.0    206.781  
 4.25    206.915  
 0.0    207.048  
 7.5    207.182  
 0.0    207.315  
 10.75    207.448  
 0.0    207.582  
 14.0    207.715  
 0.0    207.849  
 17.25    207.982  
 0.0    208.116  
 20.5    208.249  
 0.0    208.382  
 23.75    208.516  
 0.0    208.649  
 27.0    208.783  
 0.0    208.916  
 30.25    209.05  
 0.0    209.183  
 33.5    209.316  
 0.0    209.45  
 36.75    209.583  
 0.0    209.717  
 40.0    209.85  
 0.0    209.984  
 43.25    210.117  
 0.0    210.25  
 46.5    210.384  
 0.0    210.517  
 49.75    210.651  
 0.0    210.784  
 53.0    210.918  
 0.0    211.051  
 56.25    211.185  
 0.0    211.318  
 59.5    211.451  
 0.0    211.585  
 62.75    211.718  
 0.0    211.852  
 66.0    211.985  
 0.0    212.119  
 69.25    212.252  
 0.0    212.385  
 72.5    212.519  
 0.0    212.652  
 75.75    212.786  
 0.0    212.919  
 79.0    213.052  
 0.0    213.186  
 82.25    213.319  
 0.0    213.453  
 85.5    213.586  
 0.0    213.72  
 88.75    213.853  
 0.0    213.987  
 92.0    214.12  
 0.0    214.253  
 95.25    214.387  
 0.0    214.52  
 98.5    214.654  
 0.0    214.787  
 101.75    214.92  
 0.0    215.054  
 105.0    215.187  
 0.0    215.321  
 108.25    215.454  
 0.0    215.588  
 111.5    215.721  
 0.0    215.855  
 114.75    215.988  
 0.0    216.121  
 118.0    216.255  
 0.0    216.388  
 121.25    216.522  
 0.0    216.655  
 124.5    216.788  
 0.0    216.922  
 127.75    217.055  
 0.0    217.189  
 131.0    217.322  
 0.0    217.456  
 134.25    217.589  
 0.0    217.722  
 137.5    217.856  
 0.0    217.989  
 140.75    218.123  
 0.0    218.256  
 144.0    218.39  
 0.0    218.523  
 147.25    218.657  
 0.0    218.79  
 150.5    218.923  
 0.0    219.057  
 153.75    219.19  
 0.0    219.324  
 157.0    219.457  
 0.0    219.591  
 160.25    219.724  
 0.0    219.857  
 163.5    219.991  
 0.0    220.124  
 166.75    220.258  
 0.0    220.391  
 170.0    220.525  
 0.0    220.658  
 173.25    220.791  
 0.0    220.925  
 176.5    221.058  
 0.0    221.192  
 179.75    221.325  
 0.0    221.459  
 183.0    221.592  
 0.0    221.726  
 186.25    221.859  
 0.0    221.992  
 189.5    222.126  
 0.0    222.259  
 192.75    222.393  
 0.0    222.526  
 196.0    222.659  
 0.0    222.793  
 199.25    222.926  
 0.0    223.06  
 202.5    223.193  
 0.0    223.327  
 205.75    223.46  
 0.0    223.593  
 209.0    223.727  
 0.0    223.86  
 212.25    223.994  
 0.0    224.127  
 215.5    224.261  
 0.0    224.394  
 218.75    224.527  
 0.0    224.661  
 222.0    224.794  
 0.0    224.928  
 225.25    225.061  
 0.0    225.195  
 228.5    225.328  
 0.0    225.461  
 231.75    225.595  
 0.0    225.728  
 235.0    225.862  
 0.0    225.995  
 238.25    226.129  
 0.0    226.262  
 241.5    226.396  
 0.0    226.529  
 244.75    226.662  
 0.0    226.796  
 248.0    226.929  
 0.0    227.063  
 251.25    227.196  
 0.0    227.329  
 254.5    227.463  
 0.0    227.596  
 257.75    227.73  
 0.0    227.863  
 261.0    227.997  
 0.0    228.13  
 264.25    228.264  
 0.0    228.397  
 267.5    228.53  
 0.0    228.664  
 270.75    228.797  
 0.0    228.931  
 274.0    229.064  
 0.0    229.198  
 277.25    229.331  
 0.0    229.464  
 280.5    229.598  
 0.0    229.731  
 283.75    229.865  
 0.0    229.998  
 287.0    230.132  
 0.0    230.265  
 290.25    230.399  
 0.0    230.532  
 293.5    230.665  
 0.0    230.799  
 296.75    230.932  
 0.0    231.066  
 300.0    231.199  
 0.0    231.332  
 303.25    231.466  
 0.0    231.599  
 306.5    231.733  
 0.0    231.866  
 309.75    232.0  
 0.0    232.133  
 313.0    232.266  
 0.0    232.4  
 316.25    232.533  
 0.0    232.667  
 319.5    232.8  
 0.0    232.934  
 322.75    233.067  
 0.0    233.2  
 326.0    233.334  
 0.0    233.467  
 329.25    233.601  
 0.0    233.734  
 332.5    233.868  
 0.0    234.001  
 335.75    234.134  
 0.0    234.268  
 339.0    234.401  
 0.0    234.535  
 342.25    234.668  
 0.0    234.802  
 345.5    234.935  
 0.0    235.068  
 348.75    235.202  
 0.0    235.345  
 1.0    235.487  
 0.0    235.619  
 4.25    235.752  
 0.0    235.886  
 7.5    236.019  
 0.0    236.152  
 10.75    236.286  
 0.0    236.419  
 14.0    236.553  
 0.0    236.686  
 17.25    236.82  
 0.0    236.953  
 20.5    237.087  
 0.0    237.22  
 23.75    237.353  
 0.0    237.487  
 27.0    237.62  
 0.0    237.754  
 30.25    237.887  
 0.0    238.02  
 33.5    238.154  
 0.0    238.287  
 36.75    238.421  
 0.0    238.554  
 40.0    238.688  
 0.0    238.821  
 43.25    238.955  
 0.0    239.088  
 46.5    239.221  
 0.0    239.355  
 49.75    239.488  
 0.0    239.622  
 53.0    239.755  
 0.0    239.889  
 56.25    240.022  
 0.0    240.155  
 59.5    240.289  
 0.0    240.422  
 62.75    240.556  
 0.0    240.689  
 66.0    240.823  
 0.0    240.956  
 69.25    241.089  
 0.0    241.223  
 72.5    241.356  
 0.0    241.49  
 75.75    241.623  
 0.0    241.757  
 79.0    241.89  
 0.0    242.023  
 82.25    242.157  
 0.0    242.29  
 85.5    242.424  
 0.0    242.557  
 88.75    242.691  
 0.0    242.824  
 92.0    242.957  
 0.0    243.091  
 95.25    243.224  
 0.0    243.358  
 98.5    243.491  
 0.0    243.625  
 101.75    243.758  
 0.0    243.891  
 105.0    244.025  
 0.0    244.158  
 108.25    244.292  
 0.0    244.425  
 111.5    244.559  
 0.0    244.692  
 114.75    244.826  
 0.0    244.959  
 118.0    245.092  
 0.0    245.226  
 121.25    245.359  
 0.0    245.493  
 124.5    245.626  
 0.0    245.759  
 127.75    245.893  
 0.0    246.026  
 131.0    246.16  
 0.0    246.293  
 134.25    246.427  
 0.0    246.56  
 137.5    246.694  
 0.0    246.827  
 140.75    246.96  
 0.0    247.094  
 144.0    247.227  
 0.0    247.361  
 147.25    247.494  
 0.0    247.628  
 150.5    247.761  
 0.0    247.894  
 153.75    248.028  
 0.0    248.161  
 157.0    248.295  
 0.0    248.428  
 160.25    248.562  
 0.0    248.695  
 163.5    248.828  
 0.0    248.962  
 166.75    249.095  
 0.0    249.229  
 170.0    249.362  
 0.0    249.496  
 173.25    249.629  
 0.0    249.762  
 176.5    249.896  
 0.0    250.029  
 179.75    250.163  
 0.0    250.296  
 183.0    250.43  
 0.0    250.563  
 186.25    250.696  
 0.0    250.83  
 189.5    250.963  
 0.0    251.097  
 192.75    251.23  
 0.0    251.363  
 196.0    251.497  
 0.0    251.63  
 199.25    251.764  
 0.0    251.897  
 202.5    252.031  
 0.0    252.164  
 205.75    252.298  
 0.0    252.431  
 209.0    252.564  
 0.0    252.698  
 212.25    252.831  
 0.0    252.965  
 215.5    253.098  
 0.0    253.232  
 218.75    253.365  
 0.0    253.498  
 222.0    253.632  
 0.0    253.765  
 225.25    253.899  
 0.0    254.032  
 228.5    254.166  
 0.0    254.299  
 231.75    254.432  
 0.0    254.566  
 235.0    254.699  
 0.0    254.833  
 238.25    254.966  
 0.0    255.1  
 241.5    255.233  
 0.0    255.366  
 244.75    255.5  
 0.0    255.633  
 248.0    255.767  
 0.0    255.9  
 251.25    256.034  
 0.0    256.167  
 254.5    256.301  
 0.0    256.434  
 257.75    256.567  
 0.0    256.701  
 261.0    256.834  
 0.0    256.968  
 264.25    257.101  
 0.0    257.234  
 267.5    257.368  
 0.0    257.501  
 270.75    257.635  
 0.0    257.768  
 274.0    257.902  
 0.0    258.035  
 277.25    258.169  
 0.0    258.302  
 280.5    258.435  
 0.0    258.569  
 283.75    258.702  
 0.0    258.836  
 287.0    258.969  
 0.0    259.102  
 290.25    259.236  
 0.0    259.369  
 293.5    259.503  
 0.0    259.636  
 296.75    259.77  
 0.0    259.903  
 300.0    260.036  
 0.0    260.17  
 303.25    260.303  
 0.0    260.437  
 306.5    260.57  
 0.0    260.704  
 309.75    260.837  
 0.0    260.971  
 313.0    261.104  
 0.0    261.237  
 316.25    261.371  
 0.0    261.504  
 319.5    261.638  
 0.0    261.771  
 322.75    261.905  
 0.0    262.038  
 326.0    262.171  
 0.0    262.305  
 329.25    262.438  
 0.0    262.572  
 332.5    262.705  
 0.0    262.838  
 335.75    262.972  
 0.0    263.105  
 339.0    263.239  
 0.0    263.372  
 342.25    263.506  
 0.0    263.639  
 345.5    263.772  
 0.0    263.906  
 348.75    264.039  
 0.0    264.181  
 1.0    264.323  
 0.0    264.456  
 4.25    264.59  
 0.0    264.723  
 7.5    264.857  
 0.0    264.99  
 10.75    265.124  
 0.0    265.257  
 14.0    265.39  
 0.0    265.524  
 17.25    265.657  
 0.0    265.791  
 20.5    265.924  
 0.0    266.058  
 23.75    266.191  
 0.0    266.324  
 27.0    266.458  
 0.0    266.591  
 30.25    266.725  
 0.0    266.858  
 33.5    266.992  
 0.0    267.125  
 36.75    267.258  
 0.0    267.392  
 40.0    267.525  
 0.0    267.659  
 43.25    267.792  
 0.0    267.926  
 46.5    268.059  
 0.0    268.192  
 49.75    268.326  
 0.0    268.459  
 53.0    268.593  
 0.0    268.726  
 56.25    268.86  
 0.0    268.993  
 59.5    269.126  
 0.0    269.26  
 62.75    269.393  
 0.0    269.527  
 66.0    269.66  
 0.0    269.794  
 69.25    269.927  
 0.0    270.06  
 72.5    270.194  
 0.0    270.327  
 75.75    270.461  
 0.0    270.594  
 79.0    270.728  
 0.0    270.861  
 82.25    270.994  
 0.0    271.128  
 85.5    271.261  
 0.0    271.395  
 88.75    271.528  
 0.0    271.662  
 92.0    271.795  
 0.0    271.928  
 95.25    272.062  
 0.0    272.195  
 98.5    272.329  
 0.0    272.462  
 101.75    272.596  
 0.0    272.729  
 105.0    272.862  
 0.0    272.996  
 108.25    273.129  
 0.0    273.263  
 111.5    273.396  
 0.0    273.53  
 114.75    273.663  
 0.0    273.796  
 118.0    273.93  
 0.0    274.063  
 121.25    274.197  
 0.0    274.33  
 124.5    274.464  
 0.0    274.597  
 127.75    274.73  
 0.0    274.864  
 131.0    274.997  
 0.0    275.131  
 134.25    275.264  
 0.0    275.398  
 137.5    275.531  
 0.0    275.664  
 140.75    275.798  
 0.0    275.931  
 144.0    276.065  
 0.0    276.198  
 147.25    276.332  
 0.0    276.465  
 150.5    276.598  
 0.0    276.732  
 153.75    276.865  
 0.0    276.999  
 157.0    277.132  
 0.0    277.266  
 160.25    277.399  
 0.0    277.533  
 163.5    277.666  
 0.0    277.799  
 166.75    277.933  
 0.0    278.066  
 170.0    278.2  
 0.0    278.333  
 173.25    278.467  
 0.0    278.6  
 176.5    278.733  
 0.0    278.867  
 179.75    279.001  
 0.0    279.134  
 183.0    279.267  
 0.0    279.401  
 186.25    279.534  
 0.0    279.667  
 189.5    279.801  
 0.0    279.934  
 192.75    280.068  
 0.0    280.201  
 196.0    280.335  
 0.0    280.468  
 199.25    280.601  
 0.0    280.735  
 202.5    280.868  
 0.0    281.002  
 205.75    281.135  
 0.0    281.268  
 209.0    281.402  
 0.0    281.535  
 212.25    281.669  
 0.0    281.802  
 215.5    281.936  
 0.0    282.069  
 218.75    282.202  
 0.0    282.336  
 222.0    282.469  
 0.0    282.603  
 225.25    282.736  
 0.0    282.87  
 228.5    283.003  
 0.0    283.136  
 231.75    283.27  
 0.0    283.403  
 235.0    283.537  
 0.0    283.67  
 238.25    283.804  
 0.0    283.937  
 241.5    284.071  
 0.0    284.204  
 244.75    284.337  
 0.0    284.471  
 248.0    284.604  
 0.0    284.738  
 251.25    284.871  
 0.0    285.005  
 254.5    285.138  
 0.0    285.271  
 257.75    285.405  
 0.0    285.538  
 261.0    285.672  
 0.0    285.805  
 264.25    285.939  
 0.0    286.072  
 267.5    286.205  
 0.0    286.339  
 270.75    286.472  
 0.0    286.606  
 274.0    286.739  
 0.0    286.873  
 277.25    287.006  
 0.0    287.139  
 280.5    287.273  
 0.0    287.406  
 283.75    287.54  
 0.0    287.673  
 287.0    287.807  
 0.0    287.94  
 290.25    288.073  
 0.0    288.207  
 293.5    288.34  
 0.0    288.474  
 296.75    288.607  
 0.0    288.741  
 300.0    288.874  
 0.0    289.007  
 303.25    289.141  
 0.0    289.274  
 306.5    289.408  
 0.0    289.541  
 309.75    289.675  
 0.0    289.808  
 313.0    289.941  
 0.0    290.075  
 316.25    290.208  
 0.0    290.342  
 319.5    290.475  
 0.0    290.609  
 322.75    290.742  
 0.0    290.876  
 326.0    291.009  
 0.0    291.142  
 329.25    291.276  
 0.0    291.409  
 332.5    291.543  
 0.0    291.676  
 335.75    291.809  
 0.0    291.943  
 339.0    292.076  
 0.0    292.21  
 342.25    292.343  
 0.0    292.477  
 345.5    292.61  
 0.0    292.743  
 348.75    292.877  
 0.0    293.02  
 1.0    293.161  
 0.0    293.294  
 4.25    293.427  
 0.0    293.561  
 7.5    293.694  
 0.0    293.828  
 10.75    293.961  
 0.0    294.095  
 14.0    294.228  
 0.0    294.361  
 17.25    294.495  
 0.0    294.628  
 20.5    294.762  
 0.0    294.895  
 23.75    295.028  
 0.0    295.162  
 27.0    295.295  
 0.0    295.429  
 30.25    295.562  
 0.0    295.696  
 33.5    295.829  
 0.0    295.962  
 36.75    296.096  
 0.0    296.229  
 40.0    296.363  
 0.0    296.496  
 43.25    296.63  
 0.0    296.763  
 46.5    296.897  
 0.0    297.03  
 49.75    297.163  
 0.0    297.297  
 53.0    297.43  
 0.0    297.564  
 56.25    297.697  
 0.0    297.831  
 59.5    297.964  
 0.0    298.097  
 62.75    298.231  
 0.0    298.364  
 66.0    298.498  
 0.0    298.631  
 69.25    298.764  
 0.0    298.898  
 72.5    299.031  
 0.0    299.165  
 75.75    299.298  
 0.0    299.432  
 79.0    299.565  
 0.0    299.698  
 82.25    299.832  
 0.0    299.965  
 85.5    300.099  
 0.0    300.232  
 88.75    300.366  
 0.0    300.499  
 92.0    300.632  
 0.0    300.766  
 95.25    300.899  
 0.0    301.033  
 98.5    301.166  
 0.0    301.3  
 101.75    301.433  
 0.0    301.567  
 105.0    301.7  
 0.0    301.833  
 108.25    301.967  
 0.0    302.1  
 111.5    302.234  
 0.0    302.367  
 114.75    302.501  
 0.0    302.634  
 118.0    302.767  
 0.0    302.901  
 121.25    303.034  
 0.0    303.168  
 124.5    303.301  
 0.0    303.435  
 127.75    303.568  
 0.0    303.701  
 131.0    303.835  
 0.0    303.968  
 134.25    304.102  
 0.0    304.235  
 137.5    304.369  
 0.0    304.502  
 140.75    304.635  
 0.0    304.769  
 144.0    304.902  
 0.0    305.036  
 147.25    305.169  
 0.0    305.303  
 150.5    305.436  
 0.0    305.569  
 153.75    305.703  
 0.0    305.836  
 157.0    305.97  
 0.0    306.103  
 160.25    306.237  
 0.0    306.37  
 163.5    306.503  
 0.0    306.637  
 166.75    306.77  
 0.0    306.904  
 170.0    307.037  
 0.0    307.171  
 173.25    307.304  
 0.0    307.438  
 176.5    307.571  
 0.0    307.704  
 179.75    307.838  
 0.0    307.971  
 183.0    308.105  
 0.0    308.238  
 186.25    308.372  
 0.0    308.505  
 189.5    308.638  
 0.0    308.772  
 192.75    308.905  
 0.0    309.039  
 196.0    309.172  
 0.0    309.306  
 199.25    309.439  
 0.0    309.572  
 202.5    309.706  
 0.0    309.839  
 205.75    309.973  
 0.0    310.106  
 209.0    310.239  
 0.0    310.373  
 212.25    310.506  
 0.0    310.64  
 215.5    310.773  
 0.0    310.907  
 218.75    311.04  
 0.0    311.174  
 222.0    311.307  
 0.0    311.44  
 225.25    311.574  
 0.0    311.707  
 228.5    311.841  
 0.0    311.974  
 231.75    312.108  
 0.0    312.241  
 235.0    312.374  
 0.0    312.508  
 238.25    312.641  
 0.0    312.775  
 241.5    312.908  
 0.0    313.041  
 244.75    313.175  
 0.0    313.308  
 248.0    313.442  
 0.0    313.575  
 251.25    313.709  
 0.0    313.842  
 254.5    313.976  
 0.0    314.109  
 257.75    314.242  
 0.0    314.376  
 261.0    314.509  
 0.0    314.643  
 264.25    314.776  
 0.0    314.91  
 267.5    315.043  
 0.0    315.176  
 270.75    315.31  
 0.0    315.443  
 274.0    315.577  
 0.0    315.71  
 277.25    315.843  
 0.0    315.977  
 280.5    316.11  
 0.0    316.244  
 283.75    316.377  
 0.0    316.511  
 287.0    316.644  
 0.0    316.778  
 290.25    316.911  
 0.0    317.044  
 293.5    317.178  
 0.0    317.311  
 296.75    317.445  
 0.0    317.578  
 300.0    317.712  
 0.0    317.845  
 303.25    317.978  
 0.0    318.112  
 306.5    318.245  
 0.0    318.379  
 309.75    318.512  
 0.0    318.646  
 313.0    318.779  
 0.0    318.912  
 316.25    319.046  
 0.0    319.179  
 319.5    319.313  
 0.0    319.446  
 322.75    319.58  
 0.0    319.713  
 326.0    319.846  
 0.0    319.98  
 329.25    320.113  
 0.0    320.247  
 332.5    320.38  
 0.0    320.514  
 335.75    320.647  
 0.0    320.781  
 339.0    320.914  
 0.0    321.047  
 342.25    321.181  
 0.0    321.314  
 345.5    321.448  
 0.0    321.581  
 348.75    321.715  
