 [9.8461538461538431, 15.846153846153838, 18.923076923076913, 19.384615384615373]  
 [59.592, 70.0, 75.337, 76.138]  
 [60.126, 70.534, 76.671]  
 [6.9230769230769216, 11.230769230769226, 12.923076923076918, 15.07692307692307]  
 [82.292, 89.764, 92.7, 96.436]  
 [82.826, 90.298, 93.234, 96.969]  
 [5.6923076923076916, 10.461538461538458, 16.153846153846146, 17.076923076923066]  
 [107.927, 116.216, 126.091, 127.691]  
 [108.461, 116.75, 126.624]  
 [5.9999999999999991, 15.538461538461531, 17.230769230769219, 19.384615384615373]  
 [136.248, 152.793, 155.729, 159.465]  
 [136.782, 153.327, 156.263, 159.998]  
 [5.9999999999999991, 6.9230769230769216, 7.0769230769230749, 7.6923076923076898]  
 [164.018, 165.619, 165.886, 166.953]  
 [164.552, 166.153]  
 [12.61538461538461, 13.84615384615384, 17.230769230769219, 19.538461538461526]  
 [203.263, 205.398, 211.269, 215.289]  
 [203.797, 206.065, 211.804, 215.823]  
 [8.7692307692307665, 12.923076923076918, 13.384615384615378, 17.384615384615373]  
 [224.378, 231.585, 232.384, 239.323]  
 [224.914, 232.918, 239.857]  
 [6.7692307692307674, 7.846153846153844, 14.153846153846148, 14.923076923076916]  
 [248.68, 250.547, 261.489, 262.825]  
 [249.213, 251.081, 262.024, 263.359]  
 [8.4615384615384581, 10.615384615384611, 12.153846153846148, 13.076923076923071]  
 [279.403, 283.14, 285.809, 287.41]  
 [279.936, 283.807, 286.343, 287.944]  
 [4.9230769230769225, 7.0769230769230749, 15.846153846153838, 19.538461538461526]  
 [301.051, 304.804, 320.035, 326.473]  
 [301.585, 305.338]  
