 49.304    49.304  
 0.0    49.32  
 4.0    49.454  
 0.0    49.587  
 4.15384615385    49.721  
 0.0    49.854  
 4.30769230769    49.988  
 0.0    50.121  
 4.46153846154    50.255  
 0.0    50.388  
 4.61538461538    50.521  
 0.0    50.655  
 4.76923076923    50.788  
 0.0    50.922  
 4.92307692308    51.055  
 0.0    51.189  
 5.07692307692    51.322  
 0.0    51.455  
 5.23076923077    51.589  
 0.0    51.722  
 5.38461538462    51.856  
 0.0    51.989  
 5.53846153846    52.123  
 0.0    52.256  
 5.69230769231    52.389  
 0.0    52.523  
 5.84615384615    52.656  
 0.0    52.79  
 6.0    52.923  
 0.0    53.056  
 6.15384615385    53.19  
 0.0    53.323  
 6.30769230769    53.457  
 0.0    53.59  
 6.46153846154    53.724  
 0.0    53.857  
 6.61538461538    53.991  
 0.0    54.124  
 6.76923076923    54.257  
 0.0    54.391  
 6.92307692308    54.524  
 0.0    54.659  
 7.07692307692    54.791  
 0.0    54.925  
 7.23076923077    55.058  
 0.0    55.191  
 7.38461538462    55.325  
 0.0    55.458  
 7.53846153846    55.592  
 0.0    55.725  
 7.69230769231    55.859  
 0.0    55.992  
 7.84615384615    56.125  
 0.0    56.259  
 8.0    56.392  
 0.0    56.526  
 8.15384615385    56.659  
 0.0    56.793  
 8.30769230769    56.926  
 0.0    57.059  
 8.46153846154    57.193  
 0.0    57.326  
 8.61538461538    57.46  
 0.0    57.593  
 8.76923076923    57.727  
 0.0    57.86  
 8.92307692308    57.994  
 0.0    58.127  
 9.07692307692    58.26  
 0.0    58.394  
 9.23076923077    58.527  
 0.0    58.661  
 9.38461538462    58.794  
 0.0    58.927  
 9.53846153846    59.061  
 0.0    59.194  
 9.69230769231    59.328  
 0.0    59.461  
 9.84615384615    59.595  
 0.0    59.728  
 10.0    59.862  
 0.0    59.995  
 10.1538461538    60.128  
 0.0    60.262  
 10.3076923077    60.395  
 0.0    60.529  
 10.4615384615    60.662  
 0.0    60.796  
 10.6153846154    60.929  
 0.0    61.062  
 10.7692307692    61.196  
 0.0    61.33  
 10.9230769231    61.463  
 0.0    61.596  
 11.0769230769    61.73  
 0.0    61.863  
 11.2307692308    61.996  
 0.0    62.13  
 11.3846153846    62.263  
 0.0    62.397  
 11.5384615385    62.53  
 0.0    62.664  
 11.6923076923    62.797  
 0.0    62.93  
 11.8461538462    63.064  
 0.0    63.197  
 12.0    63.331  
 0.0    63.464  
 12.1538461538    63.598  
 0.0    63.731  
 12.3076923077    63.864  
 0.0    63.998  
 12.4615384615    64.131  
 0.0    64.265  
 12.6153846154    64.398  
 0.0    64.531  
 12.7692307692    64.666  
 0.0    64.799  
 12.9230769231    64.932  
 0.0    65.065  
 13.0769230769    65.199  
 0.0    65.332  
 13.2307692308    65.466  
 0.0    65.599  
 13.3846153846    65.733  
 0.0    65.866  
 13.5384615385    65.999  
 0.0    66.133  
 13.6923076923    66.266  
 0.0    66.4  
 13.8461538462    66.533  
 0.0    66.666  
 14.0    66.8  
 0.0    66.933  
 14.1538461538    67.067  
 0.0    67.2  
 14.3076923077    67.334  
 0.0    67.467  
 14.4615384615    67.601  
 0.0    67.734  
 14.6153846154    67.867  
 0.0    68.001  
 14.7692307692    68.135  
 0.0    68.267  
 14.9230769231    68.401  
 0.0    68.534  
 15.0769230769    68.668  
 0.0    68.801  
 15.2307692308    68.935  
 0.0    69.068  
 15.3846153846    69.202  
 0.0    69.335  
 15.5384615385    69.469  
 0.0    69.602  
 15.6923076923    69.735  
 0.0    69.869  
 15.8461538462    70.002  
 0.0    70.136  
 16.0    70.269  
 0.0    70.402  
 16.1538461538    70.536  
 0.0    70.669  
 16.3076923077    70.803  
 0.0    70.936  
 16.4615384615    71.07  
 0.0    71.203  
 16.6153846154    71.337  
 0.0    71.47  
 16.7692307692    71.603  
 0.0    71.737  
 16.9230769231    71.87  
 0.0    72.003  
 17.0769230769    72.137  
 0.0    72.27  
 17.2307692308    72.404  
 0.0    72.537  
 17.3846153846    72.671  
 0.0    72.804  
 17.5384615385    72.938  
 0.0    73.071  
 17.6923076923    73.205  
 0.0    73.338  
 17.8461538462    73.472  
 0.0    73.605  
 18.0    73.738  
 0.0    73.872  
 18.1538461538    74.005  
 0.0    74.138  
 18.3076923077    74.272  
 0.0    74.405  
 18.4615384615    74.539  
 0.0    74.673  
 18.6153846154    74.806  
 0.0    74.939  
 18.7692307692    75.073  
 0.0    75.206  
 18.9230769231    75.34  
 0.0    75.473  
 19.0769230769    75.606  
 0.0    75.74  
 19.2307692308    75.873  
 0.0    76.006  
 19.3846153846    76.14  
 0.0    76.273  
 19.5384615385    76.407  
 0.0    76.54  
 19.6923076923    76.674  
 0.0    76.807  
 19.8461538462    76.941  
 0.0    77.083  
 4.0    77.224  
 0.0    77.358  
 4.15384615385    77.491  
 0.0    77.624  
 4.30769230769    77.757  
 0.0    77.891  
 4.46153846154    78.025  
 0.0    78.158  
 4.61538461538    78.291  
 0.0    78.425  
 4.76923076923    78.558  
 0.0    78.692  
 4.92307692308    78.825  
 0.0    78.959  
 5.07692307692    79.092  
 0.0    79.226  
 5.23076923077    79.359  
 0.0    79.492  
 5.38461538462    79.626  
 0.0    79.759  
 5.53846153846    79.893  
 0.0    80.026  
 5.69230769231    80.16  
 0.0    80.293  
 5.84615384615    80.426  
 0.0    80.56  
 6.0    80.693  
 0.0    80.827  
 6.15384615385    80.96  
 0.0    81.094  
 6.30769230769    81.227  
 0.0    81.361  
 6.46153846154    81.494  
 0.0    81.627  
 6.61538461538    81.761  
 0.0    81.894  
 6.76923076923    82.028  
 0.0    82.161  
 6.92307692308    82.294  
 0.0    82.428  
 7.07692307692    82.561  
 0.0    82.695  
 7.23076923077    82.828  
 0.0    82.962  
 7.38461538462    83.095  
 0.0    83.228  
 7.53846153846    83.362  
 0.0    83.495  
 7.69230769231    83.629  
 0.0    83.762  
 7.84615384615    83.895  
 0.0    84.029  
 8.0    84.162  
 0.0    84.296  
 8.15384615385    84.429  
 0.0    84.565  
 8.30769230769    84.698  
 0.0    84.831  
 8.46153846154    84.964  
 0.0    85.096  
 8.61538461538    85.23  
 0.0    85.363  
 8.76923076923    85.497  
 0.0    85.63  
 8.92307692308    85.764  
 0.0    85.897  
 9.07692307692    86.031  
 0.0    86.164  
 9.23076923077    86.297  
 0.0    86.431  
 9.38461538462    86.564  
 0.0    86.698  
 9.53846153846    86.831  
 0.0    86.964  
 9.69230769231    87.098  
 0.0    87.231  
 9.84615384615    87.365  
 0.0    87.498  
 10.0    87.632  
 0.0    87.765  
 10.1538461538    87.899  
 0.0    88.033  
 10.3076923077    88.166  
 0.0    88.299  
 10.4615384615    88.432  
 0.0    88.566  
 10.6153846154    88.699  
 0.0    88.833  
 10.7692307692    88.966  
 0.0    89.099  
 10.9230769231    89.233  
 0.0    89.366  
 11.0769230769    89.5  
 0.0    89.633  
 11.2307692308    89.767  
 0.0    89.9  
 11.3846153846    90.033  
 0.0    90.167  
 11.5384615385    90.3  
 0.0    90.434  
 11.6923076923    90.567  
 0.0    90.7  
 11.8461538462    90.834  
 0.0    90.967  
 12.0    91.101  
 0.0    91.234  
 12.1538461538    91.369  
 0.0    91.501  
 12.3076923077    91.635  
 0.0    91.768  
 12.4615384615    91.901  
 0.0    92.035  
 12.6153846154    92.168  
 0.0    92.302  
 12.7692307692    92.435  
 0.0    92.569  
 12.9230769231    92.702  
 0.0    92.835  
 13.0769230769    92.969  
 0.0    93.102  
 13.2307692308    93.236  
 0.0    93.369  
 13.3846153846    93.503  
 0.0    93.636  
 13.5384615385    93.769  
 0.0    93.903  
 13.6923076923    94.036  
 0.0    94.169  
 13.8461538462    94.303  
 0.0    94.436  
 14.0    94.57  
 0.0    94.704  
 14.1538461538    94.837  
 0.0    94.97  
 14.3076923077    95.104  
 0.0    95.237  
 14.4615384615    95.371  
 0.0    95.504  
 14.6153846154    95.637  
 0.0    95.771  
 14.7692307692    95.904  
 0.0    96.038  
 14.9230769231    96.171  
 0.0    96.305  
 15.0769230769    96.438  
 0.0    96.571  
 15.2307692308    96.705  
 0.0    96.838  
 15.3846153846    96.972  
 0.0    97.105  
 15.5384615385    97.239  
 0.0    97.372  
 15.6923076923    97.506  
 0.0    97.639  
 15.8461538462    97.772  
 0.0    97.906  
 16.0    98.04  
 0.0    98.173  
 16.1538461538    98.306  
 0.0    98.439  
 16.3076923077    98.573  
 0.0    98.706  
 16.4615384615    98.84  
 0.0    98.973  
 16.6153846154    99.107  
 0.0    99.24  
 16.7692307692    99.374  
 0.0    99.507  
 16.9230769231    99.64  
 0.0    99.774  
 17.0769230769    99.907  
 0.0    100.041  
 17.2307692308    100.174  
 0.0    100.307  
 17.3846153846    100.441  
 0.0    100.574  
 17.5384615385    100.708  
 0.0    100.841  
 17.6923076923    100.975  
 0.0    101.108  
 17.8461538462    101.241  
 0.0    101.376  
 18.0    101.509  
 0.0    101.642  
 18.1538461538    101.775  
 0.0    101.909  
 18.3076923077    102.042  
 0.0    102.176  
 18.4615384615    102.309  
 0.0    102.442  
 18.6153846154    102.576  
 0.0    102.709  
 18.7692307692    102.843  
 0.0    102.976  
 18.9230769231    103.11  
 0.0    103.243  
 19.0769230769    103.376  
 0.0    103.51  
 19.2307692308    103.643  
 0.0    103.777  
 19.3846153846    103.91  
 0.0    104.044  
 19.5384615385    104.177  
 0.0    104.31  
 19.6923076923    104.444  
 0.0    104.577  
 19.8461538462    104.712  
 0.0    104.853  
 4.0    104.993  
 0.0    105.127  
 4.15384615385    105.261  
 0.0    105.394  
 4.30769230769    105.528  
 0.0    105.661  
 4.46153846154    105.795  
 0.0    105.928  
 4.61538461538    106.062  
 0.0    106.195  
 4.76923076923    106.328  
 0.0    106.462  
 4.92307692308    106.595  
 0.0    106.728  
 5.07692307692    106.862  
 0.0    106.995  
 5.23076923077    107.129  
 0.0    107.262  
 5.38461538462    107.396  
 0.0    107.529  
 5.53846153846    107.663  
 0.0    107.796  
 5.69230769231    107.93  
 0.0    108.064  
 5.84615384615    108.197  
 0.0    108.33  
 6.0    108.463  
 0.0    108.596  
 6.15384615385    108.73  
 0.0    108.863  
 6.30769230769    108.997  
 0.0    109.13  
 6.46153846154    109.264  
 0.0    109.397  
 6.61538461538    109.531  
 0.0    109.664  
 6.76923076923    109.798  
 0.0    109.931  
 6.92307692308    110.065  
 0.0    110.198  
 7.07692307692    110.331  
 0.0    110.464  
 7.23076923077    110.598  
 0.0    110.732  
 7.38461538462    110.865  
 0.0    110.998  
 7.53846153846    111.132  
 0.0    111.265  
 7.69230769231    111.4  
 0.0    111.532  
 7.84615384615    111.666  
 0.0    111.799  
 8.0    111.933  
 0.0    112.066  
 8.15384615385    112.2  
 0.0    112.333  
 8.30769230769    112.466  
 0.0    112.599  
 8.46153846154    112.733  
 0.0    112.867  
 8.61538461538    113.0  
 0.0    113.133  
 8.76923076923    113.267  
 0.0    113.4  
 8.92307692308    113.534  
 0.0    113.667  
 9.07692307692    113.801  
 0.0    113.934  
 9.23076923077    114.068  
 0.0    114.201  
 9.38461538462    114.334  
 0.0    114.467  
 9.53846153846    114.601  
 0.0    114.735  
 9.69230769231    114.868  
 0.0    115.001  
 9.84615384615    115.135  
 0.0    115.268  
 10.0    115.402  
 0.0    115.535  
 10.1538461538    115.669  
 0.0    115.802  
 10.3076923077    115.941  
 0.0    116.085  
 10.4615384615    116.219  
 0.0    116.352  
 10.6153846154    116.486  
 0.0    116.619  
 10.7692307692    116.753  
 0.0    116.886  
 10.9230769231    117.02  
 0.0    117.153  
 11.0769230769    117.286  
 0.0    117.42  
 11.2307692308    117.553  
 0.0    117.687  
 11.3846153846    117.82  
 0.0    117.954  
 11.5384615385    118.088  
 0.0    118.221  
 11.6923076923    118.354  
 0.0    118.487  
 11.8461538462    118.621  
 0.0    118.754  
 12.0    118.888  
 0.0    119.021  
 12.1538461538    119.154  
 0.0    119.288  
 12.3076923077    119.421  
 0.0    119.555  
 12.4615384615    119.688  
 0.0    119.822  
 12.6153846154    119.955  
 0.0    120.088  
 12.7692307692    120.222  
 0.0    120.355  
 12.9230769231    120.489  
 0.0    120.622  
 13.0769230769    120.756  
 0.0    120.889  
 13.2307692308    121.022  
 0.0    121.156  
 13.3846153846    121.289  
 0.0    121.424  
 13.5384615385    121.556  
 0.0    121.69  
 13.6923076923    121.823  
 0.0    121.957  
 13.8461538462    122.09  
 0.0    122.223  
 14.0    122.357  
 0.0    122.49  
 14.1538461538    122.624  
 0.0    122.757  
 14.3076923077    122.891  
 0.0    123.024  
 14.4615384615    123.158  
 0.0    123.291  
 14.6153846154    123.424  
 0.0    123.558  
 14.7692307692    123.691  
 0.0    123.824  
 14.9230769231    123.958  
 0.0    124.091  
 15.0769230769    124.225  
 0.0    124.358  
 15.2307692308    124.492  
 0.0    124.625  
 15.3846153846    124.76  
 0.0    124.892  
 15.5384615385    125.026  
 0.0    125.159  
 15.6923076923    125.292  
 0.0    125.426  
 15.8461538462    125.559  
 0.0    125.693  
 16.0    125.826  
 0.0    125.96  
 16.1538461538    126.093  
 0.0    126.226  
 16.3076923077    126.36  
 0.0    126.493  
 16.4615384615    126.627  
 0.0    126.76  
 16.6153846154    126.893  
 0.0    127.027  
 16.7692307692    127.16  
 0.0    127.294  
 16.9230769231    127.427  
 0.0    127.56  
 17.0769230769    127.694  
 0.0    127.827  
 17.2307692308    127.961  
 0.0    128.095  
 17.3846153846    128.228  
 0.0    128.361  
 17.5384615385    128.495  
 0.0    128.628  
 17.6923076923    128.762  
 0.0    128.895  
 17.8461538462    129.028  
 0.0    129.162  
 18.0    129.295  
 0.0    129.429  
 18.1538461538    129.562  
 0.0    129.695  
 18.3076923077    129.829  
 0.0    129.962  
 18.4615384615    130.096  
 0.0    130.229  
 18.6153846154    130.363  
 0.0    130.496  
 18.7692307692    130.629  
 0.0    130.763  
 18.9230769231    130.896  
 0.0    131.03  
 19.0769230769    131.163  
 0.0    131.297  
 19.2307692308    131.431  
 0.0    131.564  
 19.3846153846    131.697  
 0.0    131.83  
 19.5384615385    131.964  
 0.0    132.097  
 19.6923076923    132.231  
 0.0    132.364  
 19.8461538462    132.498  
 0.0    132.639  
 4.0    132.78  
 0.0    132.914  
 4.15384615385    133.047  
 0.0    133.181  
 4.30769230769    133.315  
 0.0    133.448  
 4.46153846154    133.581  
 0.0    133.715  
 4.61538461538    133.848  
 0.0    133.982  
 4.76923076923    134.115  
 0.0    134.249  
 4.92307692308    134.382  
 0.0    134.516  
 5.07692307692    134.649  
 0.0    134.783  
 5.23076923077    134.916  
 0.0    135.049  
 5.38461538462    135.182  
 0.0    135.316  
 5.53846153846    135.449  
 0.0    135.583  
 5.69230769231    135.716  
 0.0    135.85  
 5.84615384615    135.983  
 0.0    136.117  
 6.0    136.25  
 0.0    136.384  
 6.15384615385    136.517  
 0.0    136.65  
 6.30769230769    136.784  
 0.0    136.917  
 6.46153846154    137.051  
 0.0    137.184  
 6.61538461538    137.317  
 0.0    137.451  
 6.76923076923    137.584  
 0.0    137.718  
 6.92307692308    137.851  
 0.0    137.985  
 7.07692307692    138.119  
 0.0    138.252  
 7.23076923077    138.385  
 0.0    138.519  
 7.38461538462    138.652  
 0.0    138.785  
 7.53846153846    138.918  
 0.0    139.052  
 7.69230769231    139.185  
 0.0    139.319  
 7.84615384615    139.452  
 0.0    139.586  
 8.0    139.719  
 0.0    139.853  
 8.15384615385    139.986  
 0.0    140.12  
 8.30769230769    140.253  
 0.0    140.387  
 8.46153846154    140.52  
 0.0    140.653  
 8.61538461538    140.787  
 0.0    140.92  
 8.76923076923    141.053  
 0.0    141.187  
 8.92307692308    141.32  
 0.0    141.455  
 9.07692307692    141.587  
 0.0    141.721  
 9.23076923077    141.854  
 0.0    141.988  
 9.38461538462    142.121  
 0.0    142.255  
 9.53846153846    142.388  
 0.0    142.521  
 9.69230769231    142.654  
 0.0    142.788  
 9.84615384615    142.921  
 0.0    143.055  
 10.0    143.188  
 0.0    143.322  
 10.1538461538    143.455  
 0.0    143.589  
 10.3076923077    143.722  
 0.0    143.856  
 10.4615384615    143.989  
 0.0    144.123  
 10.6153846154    144.256  
 0.0    144.389  
 10.7692307692    144.523  
 0.0    144.656  
 10.9230769231    144.79  
 0.0    144.923  
 11.0769230769    145.056  
 0.0    145.19  
 11.2307692308    145.323  
 0.0    145.457  
 11.3846153846    145.59  
 0.0    145.724  
 11.5384615385    145.857  
 0.0    145.991  
 11.6923076923    146.127  
 0.0    146.26  
 11.8461538462    146.393  
 0.0    146.526  
 12.0    146.659  
 0.0    146.791  
 12.1538461538    146.925  
 0.0    147.058  
 12.3076923077    147.191  
 0.0    147.325  
 12.4615384615    147.458  
 0.0    147.592  
 12.6153846154    147.725  
 0.0    147.859  
 12.7692307692    147.992  
 0.0    148.126  
 12.9230769231    148.259  
 0.0    148.392  
 13.0769230769    148.526  
 0.0    148.659  
 13.2307692308    148.793  
 0.0    148.926  
 13.3846153846    149.06  
 0.0    149.193  
 13.5384615385    149.326  
 0.0    149.46  
 13.6923076923    149.593  
 0.0    149.727  
 13.8461538462    149.86  
 0.0    149.993  
 14.0    150.127  
 0.0    150.26  
 14.1538461538    150.394  
 0.0    150.527  
 14.3076923077    150.661  
 0.0    150.794  
 14.4615384615    150.928  
 0.0    151.061  
 14.6153846154    151.194  
 0.0    151.328  
 14.7692307692    151.462  
 0.0    151.595  
 14.9230769231    151.728  
 0.0    151.862  
 15.0769230769    151.995  
 0.0    152.128  
 15.2307692308    152.262  
 0.0    152.395  
 15.3846153846    152.529  
 0.0    152.662  
 15.5384615385    152.796  
 0.0    152.929  
 15.6923076923    153.062  
 0.0    153.196  
 15.8461538462    153.329  
 0.0    153.463  
 16.0    153.596  
 0.0    153.729  
 16.1538461538    153.863  
 0.0    153.996  
 16.3076923077    154.13  
 0.0    154.263  
 16.4615384615    154.397  
 0.0    154.53  
 16.6153846154    154.664  
 0.0    154.798  
 16.7692307692    154.931  
 0.0    155.064  
 16.9230769231    155.197  
 0.0    155.331  
 17.0769230769    155.464  
 0.0    155.598  
 17.2307692308    155.731  
 0.0    155.864  
 17.3846153846    155.998  
 0.0    156.131  
 17.5384615385    156.265  
 0.0    156.398  
 17.6923076923    156.532  
 0.0    156.665  
 17.8461538462    156.799  
 0.0    156.932  
 18.0    157.066  
 0.0    157.199  
 18.1538461538    157.332  
 0.0    157.465  
 18.3076923077    157.599  
 0.0    157.732  
 18.4615384615    157.866  
 0.0    157.999  
 18.6153846154    158.134  
 0.0    158.267  
 18.7692307692    158.4  
 0.0    158.533  
 18.9230769231    158.667  
 0.0    158.8  
 19.0769230769    158.934  
 0.0    159.067  
 19.2307692308    159.2  
 0.0    159.334  
 19.3846153846    159.467  
 0.0    159.6  
 19.5384615385    159.734  
 0.0    159.867  
 19.6923076923    160.001  
 0.0    160.134  
 19.8461538462    160.268  
 0.0    160.412  
 4.0    160.551  
 0.0    160.685  
 4.15384615385    160.818  
 0.0    160.951  
 4.30769230769    161.085  
 0.0    161.218  
 4.46153846154    161.352  
 0.0    161.486  
 4.61538461538    161.619  
 0.0    161.752  
 4.76923076923    161.885  
 0.0    162.019  
 4.92307692308    162.152  
 0.0    162.286  
 5.07692307692    162.419  
 0.0    162.553  
 5.23076923077    162.686  
 0.0    162.819  
 5.38461538462    162.953  
 0.0    163.086  
 5.53846153846    163.22  
 0.0    163.353  
 5.69230769231    163.487  
 0.0    163.62  
 5.84615384615    163.753  
 0.0    163.887  
 6.0    164.02  
 0.0    164.154  
 6.15384615385    164.287  
 0.0    164.421  
 6.30769230769    164.554  
 0.0    164.687  
 6.46153846154    164.822  
 0.0    164.955  
 6.61538461538    165.088  
 0.0    165.221  
 6.76923076923    165.355  
 0.0    165.488  
 6.92307692308    165.621  
 0.0    165.755  
 7.07692307692    165.888  
 0.0    166.022  
 7.23076923077    166.155  
 0.0    166.289  
 7.38461538462    166.422  
 0.0    166.555  
 7.53846153846    166.689  
 0.0    166.822  
 7.69230769231    166.956  
 0.0    167.089  
 7.84615384615    167.223  
 0.0    167.356  
 8.0    167.489  
 0.0    167.623  
 8.15384615385    167.756  
 0.0    167.89  
 8.30769230769    168.023  
 0.0    168.158  
 8.46153846154    168.291  
 0.0    168.424  
 8.61538461538    168.557  
 0.0    168.69  
 8.76923076923    168.824  
 0.0    168.957  
 8.92307692308    169.091  
 0.0    169.224  
 9.07692307692    169.358  
 0.0    169.491  
 9.23076923077    169.624  
 0.0    169.758  
 9.38461538462    169.891  
 0.0    170.025  
 9.53846153846    170.158  
 0.0    170.291  
 9.69230769231    170.425  
 0.0    170.558  
 9.84615384615    170.692  
 0.0    170.825  
 10.0    170.959  
 0.0    171.092  
 10.1538461538    171.226  
 0.0    171.359  
 10.3076923077    171.493  
 0.0    171.626  
 10.4615384615    171.759  
 0.0    171.893  
 10.6153846154    172.026  
 0.0    172.16  
 10.7692307692    172.293  
 0.0    172.427  
 10.9230769231    172.56  
 0.0    172.693  
 11.0769230769    172.827  
 0.0    172.96  
 11.2307692308    173.094  
 0.0    173.227  
 11.3846153846    173.36  
 0.0    173.494  
 11.5384615385    173.627  
 0.0    173.761  
 11.6923076923    173.894  
 0.0    174.028  
 11.8461538462    174.161  
 0.0    174.294  
 12.0    174.428  
 0.0    174.561  
 12.1538461538    174.695  
 0.0    174.829  
 12.3076923077    174.962  
 0.0    175.095  
 12.4615384615    175.228  
 0.0    175.362  
 12.6153846154    175.495  
 0.0    175.629  
 12.7692307692    175.762  
 0.0    175.896  
 12.9230769231    176.029  
 0.0    176.162  
 13.0769230769    176.296  
 0.0    176.429  
 13.2307692308    176.563  
 0.0    176.696  
 13.3846153846    176.83  
 0.0    176.963  
 13.5384615385    177.097  
 0.0    177.23  
 13.6923076923    177.363  
 0.0    177.497  
 13.8461538462    177.63  
 0.0    177.764  
 14.0    177.897  
 0.0    178.03  
 14.1538461538    178.165  
 0.0    178.298  
 14.3076923077    178.431  
 0.0    178.564  
 14.4615384615    178.698  
 0.0    178.831  
 14.6153846154    178.965  
 0.0    179.098  
 14.7692307692    179.231  
 0.0    179.365  
 14.9230769231    179.498  
 0.0    179.632  
 15.0769230769    179.765  
 0.0    179.898  
 15.2307692308    180.032  
 0.0    180.165  
 15.3846153846    180.299  
 0.0    180.432  
 15.5384615385    180.566  
 0.0    180.699  
 15.6923076923    180.833  
 0.0    180.966  
 15.8461538462    181.099  
 0.0    181.233  
 16.0    181.366  
 0.0    181.5  
 16.1538461538    181.634  
 0.0    181.766  
 16.3076923077    181.9  
 0.0    182.033  
 16.4615384615    182.167  
 0.0    182.3  
 16.6153846154    182.434  
 0.0    182.567  
 16.7692307692    182.701  
 0.0    182.834  
 16.9230769231    182.968  
 0.0    183.101  
 17.0769230769    183.234  
 0.0    183.368  
 17.2307692308    183.501  
 0.0    183.635  
 17.3846153846    183.768  
 0.0    183.901  
 17.5384615385    184.035  
 0.0    184.168  
 17.6923076923    184.302  
 0.0    184.435  
 17.8461538462    184.569  
 0.0    184.702  
 18.0    184.836  
 0.0    184.97  
 18.1538461538    185.103  
 0.0    185.236  
 18.3076923077    185.369  
 0.0    185.503  
 18.4615384615    185.636  
 0.0    185.77  
 18.6153846154    185.903  
 0.0    186.036  
 18.7692307692    186.17  
 0.0    186.303  
 18.9230769231    186.437  
 0.0    186.57  
 19.0769230769    186.704  
 0.0    186.837  
 19.2307692308    186.97  
 0.0    187.104  
 19.3846153846    187.237  
 0.0    187.37  
 19.5384615385    187.504  
 0.0    187.64  
 19.6923076923    187.773  
 0.0    187.906  
 19.8461538462    188.04  
 0.0    188.183  
 4.0    188.32  
 0.0    188.454  
 4.15384615385    188.588  
 0.0    188.721  
 4.30769230769    188.855  
 0.0    188.988  
 4.46153846154    189.122  
 0.0    189.255  
 4.61538461538    189.389  
 0.0    189.522  
 4.76923076923    189.655  
 0.0    189.789  
 4.92307692308    189.922  
 0.0    190.055  
 5.07692307692    190.189  
 0.0    190.323  
 5.23076923077    190.456  
 0.0    190.59  
 5.38461538462    190.723  
 0.0    190.856  
 5.53846153846    190.99  
 0.0    191.123  
 5.69230769231    191.257  
 0.0    191.39  
 5.84615384615    191.524  
 0.0    191.657  
 6.0    191.79  
 0.0    191.924  
 6.15384615385    192.057  
 0.0    192.19  
 6.30769230769    192.324  
 0.0    192.458  
 6.46153846154    192.591  
 0.0    192.724  
 6.61538461538    192.858  
 0.0    192.991  
 6.76923076923    193.125  
 0.0    193.258  
 6.92307692308    193.392  
 0.0    193.525  
 7.07692307692    193.658  
 0.0    193.792  
 7.23076923077    193.925  
 0.0    194.059  
 7.38461538462    194.192  
 0.0    194.326  
 7.53846153846    194.459  
 0.0    194.592  
 7.69230769231    194.726  
 0.0    194.86  
 7.84615384615    194.993  
 0.0    195.126  
 8.0    195.26  
 0.0    195.393  
 8.15384615385    195.527  
 0.0    195.66  
 8.30769230769    195.793  
 0.0    195.926  
 8.46153846154    196.06  
 0.0    196.194  
 8.61538461538    196.327  
 0.0    196.46  
 8.76923076923    196.594  
 0.0    196.727  
 8.92307692308    196.861  
 0.0    196.994  
 9.07692307692    197.128  
 0.0    197.261  
 9.23076923077    197.395  
 0.0    197.528  
 9.38461538462    197.661  
 0.0    197.795  
 9.53846153846    197.928  
 0.0    198.062  
 9.69230769231    198.196  
 0.0    198.329  
 9.84615384615    198.462  
 0.0    198.595  
 10.0    198.729  
 0.0    198.862  
 10.1538461538    198.996  
 0.0    199.129  
 10.3076923077    199.263  
 0.0    199.396  
 10.4615384615    199.53  
 0.0    199.663  
 10.6153846154    199.796  
 0.0    199.93  
 10.7692307692    200.063  
 0.0    200.196  
 10.9230769231    200.33  
 0.0    200.463  
 11.0769230769    200.597  
 0.0    200.73  
 11.2307692308    200.864  
 0.0    200.997  
 11.3846153846    201.131  
 0.0    201.264  
 11.5384615385    201.397  
 0.0    201.532  
 11.6923076923    201.665  
 0.0    201.798  
 11.8461538462    201.931  
 0.0    202.065  
 12.0    202.198  
 0.0    202.331  
 12.1538461538    202.465  
 0.0    202.598  
 12.3076923077    202.732  
 0.0    202.865  
 12.4615384615    202.999  
 0.0    203.132  
 12.6153846154    203.265  
 0.0    203.399  
 12.7692307692    203.532  
 0.0    203.666  
 12.9230769231    203.799  
 0.0    203.932  
 13.0769230769    204.066  
 0.0    204.199  
 13.2307692308    204.333  
 0.0    204.466  
 13.3846153846    204.6  
 0.0    204.733  
 13.5384615385    204.868  
 0.0    205.001  
 13.6923076923    205.134  
 0.0    205.267  
 13.8461538462    205.4  
 0.0    205.534  
 14.0    205.667  
 0.0    205.801  
 14.1538461538    205.934  
 0.0    206.067  
 14.3076923077    206.201  
 0.0    206.334  
 14.4615384615    206.468  
 0.0    206.601  
 14.6153846154    206.735  
 0.0    206.868  
 14.7692307692    207.001  
 0.0    207.135  
 14.9230769231    207.268  
 0.0    207.402  
 15.0769230769    207.535  
 0.0    207.669  
 15.2307692308    207.802  
 0.0    207.935  
 15.3846153846    208.069  
 0.0    208.203  
 15.5384615385    208.336  
 0.0    208.469  
 15.6923076923    208.603  
 0.0    208.736  
 15.8461538462    208.87  
 0.0    209.003  
 16.0    209.137  
 0.0    209.27  
 16.1538461538    209.403  
 0.0    209.537  
 16.3076923077    209.67  
 0.0    209.803  
 16.4615384615    209.937  
 0.0    210.07  
 16.6153846154    210.204  
 0.0    210.337  
 16.7692307692    210.471  
 0.0    210.604  
 16.9230769231    210.738  
 0.0    210.871  
 17.0769230769    211.004  
 0.0    211.138  
 17.2307692308    211.271  
 0.0    211.405  
 17.3846153846    211.539  
 0.0    211.672  
 17.5384615385    211.806  
 0.0    211.939  
 17.6923076923    212.072  
 0.0    212.205  
 17.8461538462    212.339  
 0.0    212.472  
 18.0    212.606  
 0.0    212.739  
 18.1538461538    212.873  
 0.0    213.006  
 18.3076923077    213.139  
 0.0    213.278  
 18.4615384615    213.422  
 0.0    213.556  
 18.6153846154    213.69  
 0.0    213.823  
 18.7692307692    213.957  
 0.0    214.09  
 18.9230769231    214.224  
 0.0    214.357  
 19.0769230769    214.49  
 0.0    214.624  
 19.2307692308    214.757  
 0.0    214.891  
 19.3846153846    215.025  
 0.0    215.157  
 19.5384615385    215.291  
 0.0    215.424  
 19.6923076923    215.558  
 0.0    215.691  
 19.8461538462    215.825  
 0.0    215.969  
 4.0    216.107  
 0.0    216.242  
 4.15384615385    216.375  
 0.0    216.508  
 4.30769230769    216.642  
 0.0    216.775  
 4.46153846154    216.909  
 0.0    217.042  
 4.61538461538    217.176  
 0.0    217.309  
 4.76923076923    217.442  
 0.0    217.576  
 4.92307692308    217.709  
 0.0    217.843  
 5.07692307692    217.976  
 0.0    218.109  
 5.23076923077    218.244  
 0.0    218.377  
 5.38461538462    218.51  
 0.0    218.643  
 5.53846153846    218.777  
 0.0    218.91  
 5.69230769231    219.044  
 0.0    219.177  
 5.84615384615    219.31  
 0.0    219.444  
 6.0    219.577  
 0.0    219.711  
 6.15384615385    219.844  
 0.0    219.977  
 6.30769230769    220.111  
 0.0    220.245  
 6.46153846154    220.378  
 0.0    220.511  
 6.61538461538    220.645  
 0.0    220.778  
 6.76923076923    220.912  
 0.0    221.045  
 6.92307692308    221.178  
 0.0    221.312  
 7.07692307692    221.445  
 0.0    221.58  
 7.23076923077    221.713  
 0.0    221.846  
 7.38461538462    221.979  
 0.0    222.112  
 7.53846153846    222.246  
 0.0    222.379  
 7.69230769231    222.513  
 0.0    222.646  
 7.84615384615    222.78  
 0.0    222.913  
 8.0    223.047  
 0.0    223.18  
 8.15384615385    223.313  
 0.0    223.447  
 8.30769230769    223.58  
 0.0    223.714  
 8.46153846154    223.847  
 0.0    223.98  
 8.61538461538    224.114  
 0.0    224.247  
 8.76923076923    224.381  
 0.0    224.514  
 8.92307692308    224.648  
 0.0    224.781  
 9.07692307692    224.916  
 0.0    225.049  
 9.23076923077    225.182  
 0.0    225.316  
 9.38461538462    225.449  
 0.0    225.582  
 9.53846153846    225.715  
 0.0    225.848  
 9.69230769231    225.982  
 0.0    226.115  
 9.84615384615    226.249  
 0.0    226.382  
 10.0    226.516  
 0.0    226.649  
 10.1538461538    226.782  
 0.0    226.916  
 10.3076923077    227.049  
 0.0    227.183  
 10.4615384615    227.316  
 0.0    227.45  
 10.6153846154    227.583  
 0.0    227.716  
 10.7692307692    227.85  
 0.0    227.983  
 10.9230769231    228.117  
 0.0    228.251  
 11.0769230769    228.384  
 0.0    228.517  
 11.2307692308    228.651  
 0.0    228.784  
 11.3846153846    228.917  
 0.0    229.051  
 11.5384615385    229.184  
 0.0    229.318  
 11.6923076923    229.451  
 0.0    229.584  
 11.8461538462    229.718  
 0.0    229.851  
 12.0    229.985  
 0.0    230.118  
 12.1538461538    230.252  
 0.0    230.385  
 12.3076923077    230.519  
 0.0    230.652  
 12.4615384615    230.786  
 0.0    230.919  
 12.6153846154    231.052  
 0.0    231.186  
 12.7692307692    231.319  
 0.0    231.452  
 12.9230769231    231.587  
 0.0    231.72  
 13.0769230769    231.854  
 0.0    231.987  
 13.2307692308    232.12  
 0.0    232.253  
 13.3846153846    232.387  
 0.0    232.52  
 13.5384615385    232.654  
 0.0    232.787  
 13.6923076923    232.92  
 0.0    233.054  
 13.8461538462    233.187  
 0.0    233.32  
 14.0    233.454  
 0.0    233.587  
 14.1538461538    233.721  
 0.0    233.854  
 14.3076923077    233.988  
 0.0    234.121  
 14.4615384615    234.255  
 0.0    234.388  
 14.6153846154    234.522  
 0.0    234.655  
 14.7692307692    234.788  
 0.0    234.923  
 14.9230769231    235.056  
 0.0    235.189  
 15.0769230769    235.323  
 0.0    235.456  
 15.2307692308    235.589  
 0.0    235.722  
 15.3846153846    235.856  
 0.0    235.989  
 15.5384615385    236.123  
 0.0    236.256  
 15.6923076923    236.39  
 0.0    236.523  
 15.8461538462    236.656  
 0.0    236.79  
 16.0    236.923  
 0.0    237.057  
 16.1538461538    237.19  
 0.0    237.323  
 16.3076923077    237.457  
 0.0    237.59  
 16.4615384615    237.724  
 0.0    237.857  
 16.6153846154    237.991  
 0.0    238.124  
 16.7692307692    238.259  
 0.0    238.392  
 16.9230769231    238.525  
 0.0    238.658  
 17.0769230769    238.791  
 0.0    238.925  
 17.2307692308    239.058  
 0.0    239.191  
 17.3846153846    239.325  
 0.0    239.458  
 17.5384615385    239.592  
 0.0    239.725  
 17.6923076923    239.859  
 0.0    239.992  
 17.8461538462    240.126  
 0.0    240.259  
 18.0    240.393  
 0.0    240.526  
 18.1538461538    240.659  
 0.0    240.793  
 18.3076923077    240.926  
 0.0    241.059  
 18.4615384615    241.193  
 0.0    241.327  
 18.6153846154    241.46  
 0.0    241.594  
 18.7692307692    241.727  
 0.0    241.86  
 18.9230769231    241.994  
 0.0    242.127  
 19.0769230769    242.261  
 0.0    242.394  
 19.2307692308    242.527  
 0.0    242.661  
 19.3846153846    242.794  
 0.0    242.927  
 19.5384615385    243.061  
 0.0    243.194  
 19.6923076923    243.328  
 0.0    243.461  
 19.8461538462    243.595  
 0.0    243.739  
 4.0    243.877  
 0.0    244.012  
 4.15384615385    244.145  
 0.0    244.279  
 4.30769230769    244.412  
 0.0    244.545  
 4.46153846154    244.679  
 0.0    244.812  
 4.61538461538    244.946  
 0.0    245.08  
 4.76923076923    245.213  
 0.0    245.346  
 4.92307692308    245.479  
 0.0    245.613  
 5.07692307692    245.746  
 0.0    245.88  
 5.23076923077    246.013  
 0.0    246.146  
 5.38461538462    246.28  
 0.0    246.413  
 5.53846153846    246.547  
 0.0    246.68  
 5.69230769231    246.814  
 0.0    246.947  
 5.84615384615    247.081  
 0.0    247.214  
 6.0    247.347  
 0.0    247.481  
 6.15384615385    247.614  
 0.0    247.748  
 6.30769230769    247.881  
 0.0    248.015  
 6.46153846154    248.148  
 0.0    248.282  
 6.61538461538    248.416  
 0.0    248.549  
 6.76923076923    248.682  
 0.0    248.815  
 6.92307692308    248.949  
 0.0    249.082  
 7.07692307692    249.215  
 0.0    249.349  
 7.23076923077    249.482  
 0.0    249.616  
 7.38461538462    249.749  
 0.0    249.883  
 7.53846153846    250.016  
 0.0    250.149  
 7.69230769231    250.283  
 0.0    250.416  
 7.84615384615    250.55  
 0.0    250.683  
 8.0    250.816  
 0.0    250.95  
 8.15384615385    251.083  
 0.0    251.217  
 8.30769230769    251.351  
 0.0    251.484  
 8.46153846154    251.618  
 0.0    251.751  
 8.61538461538    251.885  
 0.0    252.018  
 8.76923076923    252.151  
 0.0    252.285  
 8.92307692308    252.418  
 0.0    252.551  
 9.07692307692    252.685  
 0.0    252.818  
 9.23076923077    252.951  
 0.0    253.085  
 9.38461538462    253.218  
 0.0    253.352  
 9.53846153846    253.485  
 0.0    253.619  
 9.69230769231    253.752  
 0.0    253.885  
 9.84615384615    254.019  
 0.0    254.152  
 10.0    254.286  
 0.0    254.419  
 10.1538461538    254.553  
 0.0    254.686  
 10.3076923077    254.819  
 0.0    254.954  
 10.4615384615    255.087  
 0.0    255.22  
 10.6153846154    255.353  
 0.0    255.487  
 10.7692307692    255.62  
 0.0    255.754  
 10.9230769231    255.887  
 0.0    256.02  
 11.0769230769    256.154  
 0.0    256.287  
 11.2307692308    256.421  
 0.0    256.555  
 11.3846153846    256.688  
 0.0    256.821  
 11.5384615385    256.954  
 0.0    257.088  
 11.6923076923    257.221  
 0.0    257.355  
 11.8461538462    257.488  
 0.0    257.621  
 12.0    257.755  
 0.0    257.888  
 12.1538461538    258.022  
 0.0    258.155  
 12.3076923077    258.289  
 0.0    258.423  
 12.4615384615    258.556  
 0.0    258.689  
 12.6153846154    258.822  
 0.0    258.956  
 12.7692307692    259.089  
 0.0    259.223  
 12.9230769231    259.356  
 0.0    259.489  
 13.0769230769    259.623  
 0.0    259.756  
 13.2307692308    259.89  
 0.0    260.023  
 13.3846153846    260.157  
 0.0    260.29  
 13.5384615385    260.424  
 0.0    260.557  
 13.6923076923    260.691  
 0.0    260.824  
 13.8461538462    260.957  
 0.0    261.091  
 14.0    261.224  
 0.0    261.357  
 14.1538461538    261.491  
 0.0    261.626  
 14.3076923077    261.759  
 0.0    261.892  
 14.4615384615    262.026  
 0.0    262.159  
 14.6153846154    262.293  
 0.0    262.426  
 14.7692307692    262.56  
 0.0    262.693  
 14.9230769231    262.827  
 0.0    262.96  
 15.0769230769    263.094  
 0.0    263.227  
 15.2307692308    263.361  
 0.0    263.494  
 15.3846153846    263.628  
 0.0    263.761  
 15.5384615385    263.895  
 0.0    264.028  
 15.6923076923    264.161  
 0.0    264.295  
 15.8461538462    264.428  
 0.0    264.561  
 16.0    264.695  
 0.0    264.828  
 16.1538461538    264.961  
 0.0    265.094  
 16.3076923077    265.228  
 0.0    265.362  
 16.4615384615    265.495  
 0.0    265.628  
 16.6153846154    265.761  
 0.0    265.895  
 16.7692307692    266.028  
 0.0    266.161  
 16.9230769231    266.295  
 0.0    266.428  
 17.0769230769    266.561  
 0.0    266.695  
 17.2307692308    266.828  
 0.0    266.962  
 17.3846153846    267.095  
 0.0    267.228  
 17.5384615385    267.362  
 0.0    267.495  
 17.6923076923    267.629  
 0.0    267.762  
 17.8461538462    267.896  
 0.0    268.029  
 18.0    268.163  
 0.0    268.297  
 18.1538461538    268.43  
 0.0    268.563  
 18.3076923077    268.697  
 0.0    268.83  
 18.4615384615    268.964  
 0.0    269.097  
 18.6153846154    269.23  
 0.0    269.363  
 18.7692307692    269.497  
 0.0    269.63  
 18.9230769231    269.764  
 0.0    269.897  
 19.0769230769    270.031  
 0.0    270.164  
 19.2307692308    270.298  
 0.0    270.431  
 19.3846153846    270.564  
 0.0    270.698  
 19.5384615385    270.831  
 0.0    270.964  
 19.6923076923    271.098  
 0.0    271.231  
 19.8461538462    271.365  
 0.0    271.511  
 4.0    271.648  
 0.0    271.782  
 4.15384615385    271.915  
 0.0    272.049  
 4.30769230769    272.182  
 0.0    272.315  
 4.46153846154    272.449  
 0.0    272.582  
 4.61538461538    272.716  
 0.0    272.849  
 4.76923076923    272.983  
 0.0    273.116  
 4.92307692308    273.25  
 0.0    273.383  
 5.07692307692    273.516  
 0.0    273.65  
 5.23076923077    273.784  
 0.0    273.917  
 5.38461538462    274.05  
 0.0    274.184  
 5.53846153846    274.317  
 0.0    274.45  
 5.69230769231    274.584  
 0.0    274.717  
 5.84615384615    274.851  
 0.0    274.985  
 6.0    275.118  
 0.0    275.267  
 6.15384615385    275.401  
 0.0    275.535  
 6.30769230769    275.668  
 0.0    275.801  
 6.46153846154    275.935  
 0.0    276.068  
 6.61538461538    276.202  
 0.0    276.335  
 6.76923076923    276.469  
 0.0    276.602  
 6.92307692308    276.735  
 0.0    276.869  
 7.07692307692    277.002  
 0.0    277.136  
 7.23076923077    277.269  
 0.0    277.402  
 7.38461538462    277.536  
 0.0    277.669  
 7.53846153846    277.803  
 0.0    277.937  
 7.69230769231    278.07  
 0.0    278.204  
 7.84615384615    278.338  
 0.0    278.471  
 8.0    278.604  
 0.0    278.738  
 8.15384615385    278.871  
 0.0    279.005  
 8.30769230769    279.138  
 0.0    279.271  
 8.46153846154    279.405  
 0.0    279.538  
 8.61538461538    279.671  
 0.0    279.804  
 8.76923076923    279.938  
 0.0    280.072  
 8.92307692308    280.205  
 0.0    280.339  
 9.07692307692    280.472  
 0.0    280.606  
 9.23076923077    280.74  
 0.0    280.873  
 9.38461538462    281.007  
 0.0    281.14  
 9.53846153846    281.274  
 0.0    281.407  
 9.69230769231    281.541  
 0.0    281.674  
 9.84615384615    281.808  
 0.0    281.941  
 10.0    282.074  
 0.0    282.208  
 10.1538461538    282.341  
 0.0    282.474  
 10.3076923077    282.608  
 0.0    282.741  
 10.4615384615    282.875  
 0.0    283.008  
 10.6153846154    283.142  
 0.0    283.275  
 10.7692307692    283.409  
 0.0    283.542  
 10.9230769231    283.676  
 0.0    283.809  
 11.0769230769    283.942  
 0.0    284.076  
 11.2307692308    284.209  
 0.0    284.343  
 11.3846153846    284.476  
 0.0    284.61  
 11.5384615385    284.743  
 0.0    284.877  
 11.6923076923    285.01  
 0.0    285.144  
 11.8461538462    285.277  
 0.0    285.41  
 12.0    285.544  
 0.0    285.677  
 12.1538461538    285.811  
 0.0    285.944  
 12.3076923077    286.078  
 0.0    286.211  
 12.4615384615    286.345  
 0.0    286.478  
 12.6153846154    286.612  
 0.0    286.745  
 12.7692307692    286.879  
 0.0    287.012  
 12.9230769231    287.146  
 0.0    287.279  
 13.0769230769    287.412  
 0.0    287.546  
 13.2307692308    287.679  
 0.0    287.813  
 13.3846153846    287.947  
 0.0    288.08  
 13.5384615385    288.213  
 0.0    288.347  
 13.6923076923    288.48  
 0.0    288.614  
 13.8461538462    288.747  
 0.0    288.88  
 14.0    289.014  
 0.0    289.147  
 14.1538461538    289.281  
 0.0    289.414  
 14.3076923077    289.548  
 0.0    289.681  
 14.4615384615    289.814  
 0.0    289.948  
 14.6153846154    290.081  
 0.0    290.214  
 14.7692307692    290.348  
 0.0    290.481  
 14.9230769231    290.615  
 0.0    290.748  
 15.0769230769    290.882  
 0.0    291.015  
 15.2307692308    291.149  
 0.0    291.282  
 15.3846153846    291.416  
 0.0    291.549  
 15.5384615385    291.683  
 0.0    291.817  
 15.6923076923    291.95  
 0.0    292.083  
 15.8461538462    292.217  
 0.0    292.35  
 16.0    292.483  
 0.0    292.617  
 16.1538461538    292.75  
 0.0    292.884  
 16.3076923077    293.017  
 0.0    293.151  
 16.4615384615    293.284  
 0.0    293.417  
 16.6153846154    293.551  
 0.0    293.684  
 16.7692307692    293.818  
 0.0    293.951  
 16.9230769231    294.085  
 0.0    294.218  
 17.0769230769    294.352  
 0.0    294.485  
 17.2307692308    294.618  
 0.0    294.752  
 17.3846153846    294.885  
 0.0    295.019  
 17.5384615385    295.152  
 0.0    295.286  
 17.6923076923    295.419  
 0.0    295.552  
 17.8461538462    295.686  
 0.0    295.819  
 18.0    295.953  
 0.0    296.086  
 18.1538461538    296.219  
 0.0    296.353  
 18.3076923077    296.486  
 0.0    296.62  
 18.4615384615    296.753  
 0.0    296.887  
 18.6153846154    297.02  
 0.0    297.153  
 18.7692307692    297.287  
 0.0    297.42  
 18.9230769231    297.554  
 0.0    297.687  
 19.0769230769    297.821  
 0.0    297.954  
 19.2307692308    298.087  
 0.0    298.221  
 19.3846153846    298.355  
 0.0    298.49  
 19.5384615385    298.634  
 0.0    298.768  
 19.6923076923    298.902  
 0.0    299.035  
 19.8461538462    299.169  
 0.0    299.319  
 4.0    299.452  
 0.0    299.586  
 4.15384615385    299.719  
 0.0    299.853  
 4.30769230769    299.986  
 0.0    300.119  
 4.46153846154    300.253  
 0.0    300.386  
 4.61538461538    300.52  
 0.0    300.653  
 4.76923076923    300.786  
 0.0    300.919  
 4.92307692308    301.053  
 0.0    301.186  
 5.07692307692    301.32  
 0.0    301.453  
 5.23076923077    301.587  
 0.0    301.721  
 5.38461538462    301.855  
 0.0    301.989  
 5.53846153846    302.122  
 0.0    302.255  
 5.69230769231    302.389  
 0.0    302.522  
 5.84615384615    302.656  
 0.0    302.789  
 6.0    302.923  
 0.0    303.056  
 6.15384615385    303.19  
 0.0    303.324  
 6.30769230769    303.457  
 0.0    303.591  
 6.46153846154    303.724  
 0.0    303.858  
 6.61538461538    303.991  
 0.0    304.124  
 6.76923076923    304.258  
 0.0    304.397  
 6.92307692308    304.538  
 0.0    304.672  
 7.07692307692    304.806  
 0.0    304.939  
 7.23076923077    305.073  
 0.0    305.207  
 7.38461538462    305.34  
 0.0    305.474  
 7.53846153846    305.607  
 0.0    305.741  
 7.69230769231    305.874  
 0.0    306.008  
 7.84615384615    306.141  
 0.0    306.275  
 8.0    306.408  
 0.0    306.541  
 8.15384615385    306.676  
 0.0    306.809  
 8.30769230769    306.943  
 0.0    307.076  
 8.46153846154    307.21  
 0.0    307.343  
 8.61538461538    307.477  
 0.0    307.61  
 8.76923076923    307.744  
 0.0    307.877  
 8.92307692308    308.011  
 0.0    308.144  
 9.07692307692    308.278  
 0.0    308.412  
 9.23076923077    308.545  
 0.0    308.679  
 9.38461538462    308.812  
 0.0    308.945  
 9.53846153846    309.079  
 0.0    309.212  
 9.69230769231    309.346  
 0.0    309.479  
 9.84615384615    309.612  
 0.0    309.746  
 10.0    309.879  
 0.0    310.013  
 10.1538461538    310.146  
 0.0    310.279  
 10.3076923077    310.413  
 0.0    310.547  
 10.4615384615    310.68  
 0.0    310.814  
 10.6153846154    310.947  
 0.0    311.08  
 10.7692307692    311.214  
 0.0    311.347  
 10.9230769231    311.481  
 0.0    311.614  
 11.0769230769    311.748  
 0.0    311.881  
 11.2307692308    312.015  
 0.0    312.148  
 11.3846153846    312.281  
 0.0    312.415  
 11.5384615385    312.548  
 0.0    312.681  
 11.6923076923    312.815  
 0.0    312.948  
 11.8461538462    313.082  
 0.0    313.215  
 12.0    313.348  
 0.0    313.482  
 12.1538461538    313.615  
 0.0    313.749  
 12.3076923077    313.883  
 0.0    314.016  
 12.4615384615    314.149  
 0.0    314.283  
 12.6153846154    314.416  
 0.0    314.549  
 12.7692307692    314.683  
 0.0    314.816  
 12.9230769231    314.95  
 0.0    315.084  
 13.0769230769    315.217  
 0.0    315.351  
 13.2307692308    315.496  
 0.0    315.63  
 13.3846153846    315.764  
 0.0    315.897  
 13.5384615385    316.031  
 0.0    316.164  
 13.6923076923    316.298  
 0.0    316.431  
 13.8461538462    316.565  
 0.0    316.698  
 14.0    316.832  
 0.0    316.965  
 14.1538461538    317.099  
 0.0    317.232  
 14.3076923077    317.366  
 0.0    317.499  
 14.4615384615    317.633  
 0.0    317.766  
 14.6153846154    317.9  
 0.0    318.033  
 14.7692307692    318.167  
 0.0    318.3  
 14.9230769231    318.434  
 0.0    318.568  
 15.0769230769    318.701  
 0.0    318.835  
 15.2307692308    318.968  
 0.0    319.102  
 15.3846153846    319.236  
 0.0    319.369  
 15.5384615385    319.503  
 0.0    319.636  
 15.6923076923    319.77  
 0.0    319.903  
 15.8461538462    320.037  
 0.0    320.17  
 16.0    320.304  
 0.0    320.437  
 16.1538461538    320.57  
 0.0    320.704  
 16.3076923077    320.838  
 0.0    320.971  
 16.4615384615    321.105  
 0.0    321.239  
 16.6153846154    321.384  
 0.0    321.518  
 16.7692307692    321.651  
 0.0    321.786  
 16.9230769231    321.919  
 0.0    322.053  
 17.0769230769    322.187  
 0.0    322.32  
 17.2307692308    322.454  
 0.0    322.588  
 17.3846153846    322.721  
 0.0    322.855  
 17.5384615385    322.988  
 0.0    323.122  
 17.6923076923    323.256  
 0.0    323.389  
 17.8461538462    323.523  
 0.0    323.656  
 18.0    323.79  
 0.0    323.923  
 18.1538461538    324.057  
 0.0    324.19  
 18.3076923077    324.325  
 0.0    324.469  
 18.4615384615    324.604  
 0.0    324.737  
 18.6153846154    324.87  
 0.0    325.004  
 18.7692307692    325.138  
 0.0    325.272  
 18.9230769231    325.406  
 0.0    325.539  
 19.0769230769    325.673  
 0.0    325.806  
 19.2307692308    325.94  
 0.0    326.074  
 19.3846153846    326.208  
 0.0    326.341  
 19.5384615385    326.475  
 0.0    326.608  
 19.6923076923    326.742  
 0.0    326.875  
 19.8461538462    327.009  
