 type    delay1    delay2    T    NT1    NT2    Dist    Dist_NT1    Dist_NT2    distance_T_dist    cue    order    orient    horiz_vertical    A_R    A_err    Abs_angle_error    Error_interference    A_DC    A_DC_dist    Q_DC    A_DF    A_DF_dist    Q_DF    A_DVF    Q_DVF    A_DVF_dist    Q_DVF_dist    presentation_att_cue_time    presentation_target_time    presentation_dist_time    presentation_probe_time    R_T    trial_time    disp_time  
 3.0    7.0    5.0    229.0    21.0    304.0    136.0    33.6    324.7    93.0    3.0    1.0    0.0    1.0    248.0    -19.0    19.0    -19.0    21.0    33.6    1.0    304.0    324.7    4.0    229.0    3.0    136.0    2.0    41.657    42.7    50.057    55.412    5.017    60.43    14.258  
 1.0    7.0    12.0    114.0    293.0    228.0    128.4    321.1    43.0    14.4    2.0    2.0    1.0    0.0    122.0    -8.0    8.0    8.0    114.0    128.4    2.0    293.0    321.1    4.0    228.0    3.0    43.0    1.0    61.067    69.436    62.079    81.79    5.025    86.816    21.222  
 1.0    0.2    12.0    216.0    51.0    155.0    201.4    21.8    330.0    14.6    3.0    2.0    -1.0    1.0    240.0    -24.0    24.0    -24.0    216.0    201.4    3.0    51.0    21.8    1.0    155.0    2.0    330.0    4.0    87.453    89.022    88.466    101.376    5.02    106.396    14.422  
 3.0    7.0    5.0    302.0    152.0    61.0    222.0    132.6    31.7    80.0    4.0    1.0    0.0    1.0    294.0    8.0    8.0    8.0    152.0    132.6    2.0    61.0    31.7    1.0    302.0    4.0    222.0    3.0    107.034    108.047    115.403    120.757    5.02    125.777    14.221  
 3.0    0.2    12.0    143.0    320.0    29.0    212.0    330.2    52.7    69.0    2.0    2.0    0.0    0.0    154.0    -11.0    11.0    11.0    320.0    330.2    4.0    29.0    52.7    1.0    143.0    2.0    212.0    3.0    126.415    127.983    127.427    140.337    5.021    145.358    14.421  
 3.0    7.0    12.0    209.0    50.0    123.0    306.0    62.1    151.7    97.0    3.0    2.0    0.0    0.0    237.0    -28.0    28.0    28.0    50.0    62.1    1.0    123.0    151.7    2.0    209.0    3.0    306.0    4.0    145.996    154.363    147.007    166.717    5.027    171.744    21.22  
 1.0    0.2    12.0    47.0    159.0    339.0    36.2    131.9    233.0    10.8    1.0    2.0    -1.0    1.0    33.0    14.0    14.0    14.0    47.0    36.2    1.0    159.0    131.9    2.0    339.0    4.0    233.0    3.0    172.381    173.949    173.393    186.303    5.022    191.325    14.42  
 1.0    0.2    11.8    322.0    62.0    155.0    308.8    33.4    226.0    13.2    4.0    1.0    -1.0    0.0    312.0    10.0    10.0    10.0    322.0    308.8    4.0    62.0    33.4    1.0    155.0    2.0    226.0    3.0    191.963    192.974    193.53    205.684    5.022    210.706    14.22  
 3.0    0.2    11.8    300.0    225.0    41.0    150.0    242.5    69.1    150.0    4.0    1.0    0.0    0.0    294.0    6.0    6.0    6.0    225.0    242.5    3.0    41.0    69.1    1.0    300.0    4.0    150.0    2.0    211.343    212.355    212.911    225.066    5.02    230.086    14.222  
 3.0    7.0    12.0    203.0    34.0    115.0    296.0    45.8    139.4    93.0    3.0    2.0    0.0    1.0    212.0    -9.0    9.0    9.0    34.0    45.8    1.0    115.0    139.4    2.0    203.0    3.0    296.0    4.0    230.724    239.092    231.736    251.445    5.027    256.472    21.22  
 3.0    0.2    11.8    246.0    335.0    55.0    137.0    318.2    31.0    109.0    3.0    1.0    0.0    1.0    246.0    0.0    0.0    0.0    335.0    318.2    4.0    55.0    31.0    1.0    246.0    3.0    137.0    2.0    257.11    258.121    258.677    270.831    5.022    275.853    14.22  
 3.0    7.0    5.0    55.0    309.0    228.0    130.0    291.1    202.4    75.0    1.0    1.0    0.0    0.0    43.0    12.0    12.0    -12.0    309.0    291.1    4.0    228.0    202.4    3.0    55.0    1.0    130.0    2.0    276.49    277.502    284.86    290.214    5.02    295.234    14.222  
 3.0    7.0    5.0    35.0    216.0    327.0    131.0    202.5    298.6    96.0    1.0    1.0    0.0    1.0    32.0    3.0    3.0    -3.0    216.0    202.5    3.0    327.0    298.6    4.0    35.0    1.0    131.0    2.0    295.871    296.883    304.239    309.593    5.022    314.614    14.22  
 3.0    7.0    12.0    116.0    310.0    45.0    203.0    322.5    65.1    87.0    2.0    2.0    0.0    0.0    119.0    -3.0    3.0    3.0    310.0    322.5    4.0    45.0    65.1    1.0    116.0    2.0    203.0    3.0    315.252    323.621    316.264    335.974    5.026    341.0    21.221  
 3.0    7.0    12.0    205.0    298.0    22.0    155.0    313.5    47.4    50.0    3.0    2.0    0.0    1.0    214.0    -9.0    9.0    -9.0    298.0    313.5    4.0    22.0    47.4    1.0    205.0    3.0    155.0    2.0    341.637    350.004    342.648    362.36    5.026    367.386    21.221  
 3.0    7.0    5.0    205.0    28.0    119.0    311.0    47.7    146.4    106.0    3.0    1.0    0.0    0.0    195.0    10.0    10.0    -10.0    28.0    47.7    1.0    119.0    146.4    2.0    205.0    3.0    311.0    4.0    368.023    369.035    376.39    381.743    5.023    386.767    14.219  
 3.0    0.2    11.8    337.0    224.0    34.0    145.0    235.5    60.3    168.0    4.0    1.0    0.0    0.0    339.0    -2.0    2.0    2.0    224.0    235.5    3.0    34.0    60.3    1.0    337.0    4.0    145.0    2.0    387.404    388.415    388.972    401.127    5.021    406.147    14.221  
 1.0    7.0    5.0    52.0    290.0    220.0    68.8    310.7    111.0    16.8    1.0    1.0    1.0    0.0    63.0    -11.0    11.0    11.0    52.0    68.8    1.0    290.0    310.7    4.0    220.0    3.0    111.0    2.0    406.785    407.798    415.154    420.509    5.019    425.528    14.222  
 1.0    7.0    5.0    241.0    61.0    338.0    229.0    36.0    120.0    12.0    3.0    1.0    -1.0    1.0    255.0    -14.0    14.0    -14.0    241.0    229.0    3.0    61.0    36.0    1.0    338.0    4.0    120.0    2.0    426.166    427.178    434.535    439.889    5.02    444.909    14.222  
 1.0    7.0    12.0    296.0    204.0    144.0    308.4    230.9    51.0    12.4    4.0    2.0    1.0    1.0    294.0    2.0    2.0    -2.0    296.0    308.4    4.0    204.0    230.9    3.0    144.0    2.0    51.0    1.0    445.547    453.914    446.558    466.269    5.028    471.297    21.221  
 3.0    0.2    12.0    55.0    223.0    301.0    125.0    242.3    327.3    70.0    1.0    2.0    0.0    1.0    43.0    12.0    12.0    -12.0    223.0    242.3    3.0    301.0    327.3    4.0    55.0    1.0    125.0    2.0    471.932    473.5    472.944    485.856    5.02    490.876    14.422  
 3.0    0.2    12.0    151.0    243.0    316.0    69.0    225.7    292.8    82.0    2.0    2.0    0.0    0.0    161.0    -10.0    10.0    -10.0    243.0    225.7    3.0    316.0    292.8    4.0    151.0    2.0    69.0    1.0    491.512    493.08    492.524    505.436    5.021    510.457    14.42  
 1.0    7.0    5.0    239.0    57.0    328.0    228.0    33.6    116.0    11.0    3.0    1.0    -1.0    1.0    247.0    -8.0    8.0    -8.0    239.0    228.0    3.0    57.0    33.6    1.0    328.0    4.0    116.0    2.0    511.094    512.108    519.464    524.819    5.018    529.837    14.223  
 1.0    7.0    12.0    301.0    118.0    244.0    315.3    140.1    42.0    14.3    4.0    2.0    1.0    1.0    286.0    15.0    15.0    -15.0    301.0    315.3    4.0    118.0    140.1    2.0    244.0    3.0    42.0    1.0    530.475    538.843    531.488    551.198    5.025    556.223    21.222  
 3.0    0.2    12.0    243.0    137.0    308.0    57.0    153.9    335.4    174.0    3.0    2.0    0.0    0.0    242.0    1.0    1.0    -1.0    137.0    153.9    2.0    308.0    335.4    4.0    243.0    3.0    57.0    1.0    556.86    558.43    557.874    570.784    5.02    575.804    14.422  
 1.0    7.0    12.0    158.0    58.0    338.0    143.0    38.0    201.0    15.0    2.0    2.0    -1.0    0.0    165.0    -7.0    7.0    -7.0    158.0    143.0    2.0    58.0    38.0    1.0    338.0    4.0    201.0    3.0    576.441    584.81    577.453    597.165    5.027    602.192    21.222  
 1.0    7.0    12.0    218.0    34.0    136.0    231.5    54.8    337.0    13.5    3.0    2.0    1.0    1.0    232.0    -14.0    14.0    14.0    218.0    231.5    3.0    34.0    54.8    1.0    136.0    2.0    337.0    4.0    602.828    611.197    603.84    623.55    5.027    628.577    21.222  
 41.034    41.034    41.034    41.034    41.034    41.034    41.034    41.034    41.034    41.034    41.034    41.034    41.034    41.034    41.034    41.034    41.034    41.034    41.034    41.034    41.034    41.034    41.034    41.034    41.034    41.034    41.034    41.034    41.034    41.034    41.034    41.034    41.034    41.034    41.034  
