 33.042    33.042  
 0.0    33.059  
 1.0    33.19  
 0.0    33.323  
 4.25    33.456  
 0.0    33.59  
 7.5    33.723  
 0.0    33.857  
 10.75    33.99  
 0.0    34.124  
 14.0    34.257  
 0.0    34.39  
 17.25    34.524  
 0.0    34.657  
 20.5    34.791  
 0.0    34.924  
 23.75    35.058  
 0.0    35.191  
 27.0    35.324  
 0.0    35.458  
 30.25    35.591  
 0.0    35.725  
 33.5    35.858  
 0.0    35.992  
 36.75    36.125  
 0.0    36.258  
 40.0    36.392  
 0.0    36.525  
 43.25    36.659  
 0.0    36.792  
 46.5    36.926  
 0.0    37.059  
 49.75    37.192  
 0.0    37.326  
 53.0    37.459  
 0.0    37.593  
 56.25    37.726  
 0.0    37.86  
 59.5    37.993  
 0.0    38.126  
 62.75    38.26  
 0.0    38.393  
 66.0    38.527  
 0.0    38.66  
 69.25    38.794  
 0.0    38.927  
 72.5    39.06  
 0.0    39.194  
 75.75    39.327  
 0.0    39.461  
 79.0    39.594  
 0.0    39.728  
 82.25    39.863  
 0.0    39.995  
 85.5    40.128  
 0.0    40.261  
 88.75    40.395  
 0.0    40.528  
 92.0    40.662  
 0.0    40.795  
 95.25    40.928  
 0.0    41.062  
 98.5    41.195  
 0.0    41.329  
 101.75    41.462  
 0.0    41.596  
 105.0    41.729  
 0.0    41.863  
 108.25    41.996  
 0.0    42.129  
 111.5    42.263  
 0.0    42.396  
 114.75    42.53  
 0.0    42.663  
 118.0    42.796  
 0.0    42.93  
 121.25    43.063  
 0.0    43.197  
 124.5    43.33  
 0.0    43.464  
 127.75    43.597  
 0.0    43.73  
 131.0    43.864  
 0.0    43.997  
 134.25    44.131  
 0.0    44.264  
 137.5    44.398  
 0.0    44.531  
 140.75    44.664  
 0.0    44.798  
 144.0    44.931  
 0.0    45.065  
 147.25    45.198  
 0.0    45.332  
 150.5    45.465  
 0.0    45.599  
 153.75    45.732  
 0.0    45.865  
 157.0    45.999  
 0.0    46.132  
 160.25    46.266  
 0.0    46.399  
 163.5    46.532  
 0.0    46.666  
 166.75    46.799  
 0.0    46.933  
 170.0    47.066  
 0.0    47.2  
 173.25    47.333  
 0.0    47.467  
 176.5    47.6  
 0.0    47.733  
 179.75    47.867  
 0.0    48.0  
 183.0    48.134  
 0.0    48.267  
 186.25    48.401  
 0.0    48.534  
 189.5    48.667  
 0.0    48.801  
 192.75    48.934  
 0.0    49.068  
 196.0    49.201  
 0.0    49.335  
 199.25    49.468  
 0.0    49.601  
 202.5    49.735  
 0.0    49.868  
 205.75    50.002  
 0.0    50.135  
 209.0    50.269  
 0.0    50.402  
 212.25    50.535  
 0.0    50.669  
 215.5    50.802  
 0.0    50.936  
 218.75    51.069  
 0.0    51.202  
 222.0    51.336  
 0.0    51.47  
 225.25    51.603  
 0.0    51.736  
 228.5    51.87  
 0.0    52.003  
 231.75    52.137  
 0.0    52.27  
 235.0    52.403  
 0.0    52.537  
 238.25    52.67  
 0.0    52.804  
 241.5    52.937  
 0.0    53.071  
 244.75    53.204  
 0.0    53.337  
 248.0    53.471  
 0.0    53.604  
 251.25    53.738  
 0.0    53.872  
 254.5    54.005  
 0.0    54.138  
 257.75    54.271  
 0.0    54.405  
 261.0    54.538  
 0.0    54.672  
 264.25    54.805  
 0.0    54.939  
 267.5    55.072  
 0.0    55.205  
 270.75    55.341  
 0.0    55.473  
 274.0    55.606  
 0.0    55.739  
 277.25    55.873  
 0.0    56.006  
 280.5    56.139  
 0.0    56.273  
 283.75    56.406  
 0.0    56.54  
 287.0    56.673  
 0.0    56.807  
 290.25    56.94  
 0.0    57.073  
 293.5    57.207  
 0.0    57.34  
 296.75    57.474  
 0.0    57.607  
 300.0    57.741  
 0.0    57.874  
 303.25    58.007  
 0.0    58.141  
 306.5    58.274  
 0.0    58.408  
 309.75    58.541  
 0.0    58.675  
 313.0    58.808  
 0.0    58.941  
 316.25    59.075  
 0.0    59.208  
 319.5    59.342  
 0.0    59.475  
 322.75    59.609  
 0.0    59.742  
 326.0    59.875  
 0.0    60.009  
 329.25    60.142  
 0.0    60.276  
 332.5    60.409  
 0.0    60.543  
 335.75    60.676  
 0.0    60.81  
 339.0    60.943  
 0.0    61.076  
 342.25    61.21  
 0.0    61.343  
 345.5    61.477  
 0.0    61.61  
 348.75    61.744  
 0.0    61.881  
 1.0    62.01  
 0.0    62.144  
 4.25    62.277  
 0.0    62.411  
 7.5    62.544  
 0.0    62.677  
 10.75    62.811  
 0.0    62.944  
 14.0    63.078  
 0.0    63.211  
 17.25    63.345  
 0.0    63.478  
 20.5    63.612  
 0.0    63.745  
 23.75    63.878  
 0.0    64.012  
 27.0    64.145  
 0.0    64.279  
 30.25    64.412  
 0.0    64.546  
 33.5    64.679  
 0.0    64.812  
 36.75    64.946  
 0.0    65.08  
 40.0    65.213  
 0.0    65.346  
 43.25    65.48  
 0.0    65.613  
 46.5    65.746  
 0.0    65.88  
 49.75    66.013  
 0.0    66.147  
 53.0    66.28  
 0.0    66.414  
 56.25    66.547  
 0.0    66.681  
 59.5    66.814  
 0.0    66.947  
 62.75    67.081  
 0.0    67.214  
 66.0    67.348  
 0.0    67.481  
 69.25    67.614  
 0.0    67.748  
 72.5    67.881  
 0.0    68.015  
 75.75    68.148  
 0.0    68.282  
 79.0    68.415  
 0.0    68.548  
 82.25    68.682  
 0.0    68.815  
 85.5    68.949  
 0.0    69.082  
 88.75    69.216  
 0.0    69.349  
 92.0    69.482  
 0.0    69.616  
 95.25    69.749  
 0.0    69.883  
 98.5    70.016  
 0.0    70.15  
 101.75    70.283  
 0.0    70.416  
 105.0    70.55  
 0.0    70.683  
 108.25    70.817  
 0.0    70.95  
 111.5    71.084  
 0.0    71.217  
 114.75    71.35  
 0.0    71.484  
 118.0    71.617  
 0.0    71.751  
 121.25    71.884  
 0.0    72.018  
 124.5    72.151  
 0.0    72.284  
 127.75    72.418  
 0.0    72.551  
 131.0    72.685  
 0.0    72.818  
 134.25    72.952  
 0.0    73.085  
 137.5    73.219  
 0.0    73.352  
 140.75    73.486  
 0.0    73.619  
 144.0    73.752  
 0.0    73.886  
 147.25    74.019  
 0.0    74.152  
 150.5    74.286  
 0.0    74.419  
 153.75    74.553  
 0.0    74.686  
 157.0    74.82  
 0.0    74.953  
 160.25    75.087  
 0.0    75.22  
 163.5    75.353  
 0.0    75.487  
 166.75    75.62  
 0.0    75.754  
 170.0    75.887  
 0.0    76.02  
 173.25    76.154  
 0.0    76.287  
 176.5    76.421  
 0.0    76.554  
 179.75    76.688  
 0.0    76.821  
 183.0    76.955  
 0.0    77.088  
 186.25    77.221  
 0.0    77.355  
 189.5    77.488  
 0.0    77.622  
 192.75    77.755  
 0.0    77.889  
 196.0    78.022  
 0.0    78.155  
 199.25    78.289  
 0.0    78.422  
 202.5    78.556  
 0.0    78.69  
 205.75    78.822  
 0.0    78.956  
 209.0    79.089  
 0.0    79.223  
 212.25    79.356  
 0.0    79.49  
 215.5    79.623  
 0.0    79.757  
 218.75    79.89  
 0.0    80.023  
 222.0    80.157  
 0.0    80.29  
 225.25    80.424  
 0.0    80.557  
 228.5    80.691  
 0.0    80.824  
 231.75    80.957  
 0.0    81.091  
 235.0    81.224  
 0.0    81.358  
 238.25    81.491  
 0.0    81.624  
 241.5    81.758  
 0.0    81.891  
 244.75    82.025  
 0.0    82.158  
 248.0    82.292  
 0.0    82.425  
 251.25    82.559  
 0.0    82.692  
 254.5    82.827  
 0.0    82.959  
 257.75    83.092  
 0.0    83.226  
 261.0    83.359  
 0.0    83.492  
 264.25    83.626  
 0.0    83.759  
 267.5    83.893  
 0.0    84.026  
 270.75    84.16  
 0.0    84.293  
 274.0    84.427  
 0.0    84.56  
 277.25    84.693  
 0.0    84.827  
 280.5    84.96  
 0.0    85.094  
 283.75    85.227  
 0.0    85.361  
 287.0    85.494  
 0.0    85.627  
 290.25    85.761  
 0.0    85.894  
 293.5    86.028  
 0.0    86.161  
 296.75    86.295  
 0.0    86.428  
 300.0    86.561  
 0.0    86.695  
 303.25    86.828  
 0.0    86.962  
 306.5    87.095  
 0.0    87.229  
 309.75    87.362  
 0.0    87.496  
 313.0    87.629  
 0.0    87.763  
 316.25    87.896  
 0.0    88.029  
 319.5    88.163  
 0.0    88.296  
 322.75    88.429  
 0.0    88.563  
 326.0    88.696  
 0.0    88.83  
 329.25    88.963  
 0.0    89.097  
 332.5    89.23  
 0.0    89.363  
 335.75    89.497  
 0.0    89.63  
 339.0    89.764  
 0.0    89.897  
 342.25    90.031  
 0.0    90.164  
 345.5    90.298  
 0.0    90.431  
 348.75    90.564  
 0.0    90.702  
 1.0    90.831  
 0.0    90.965  
 4.25    91.098  
 0.0    91.232  
 7.5    91.365  
 0.0    91.498  
 10.75    91.632  
 0.0    91.765  
 14.0    91.899  
 0.0    92.032  
 17.25    92.166  
 0.0    92.299  
 20.5    92.432  
 0.0    92.566  
 23.75    92.699  
 0.0    92.833  
 27.0    92.966  
 0.0    93.099  
 30.25    93.233  
 0.0    93.366  
 33.5    93.5  
 0.0    93.633  
 36.75    93.767  
 0.0    93.9  
 40.0    94.034  
 0.0    94.167  
 43.25    94.3  
 0.0    94.434  
 46.5    94.567  
 0.0    94.701  
 49.75    94.834  
 0.0    94.968  
 53.0    95.101  
 0.0    95.234  
 56.25    95.368  
 0.0    95.501  
 59.5    95.635  
 0.0    95.768  
 62.75    95.902  
 0.0    96.035  
 66.0    96.168  
 0.0    96.302  
 69.25    96.435  
 0.0    96.569  
 72.5    96.702  
 0.0    96.835  
 75.75    96.969  
 0.0    97.103  
 79.0    97.236  
 0.0    97.369  
 82.25    97.503  
 0.0    97.636  
 85.5    97.77  
 0.0    97.903  
 88.75    98.036  
 0.0    98.17  
 92.0    98.303  
 0.0    98.437  
 95.25    98.57  
 0.0    98.704  
 98.5    98.837  
 0.0    98.97  
 101.75    99.104  
 0.0    99.237  
 105.0    99.371  
 0.0    99.504  
 108.25    99.638  
 0.0    99.771  
 111.5    99.904  
 0.0    100.038  
 114.75    100.171  
 0.0    100.305  
 118.0    100.438  
 0.0    100.572  
 121.25    100.705  
 0.0    100.838  
 124.5    100.972  
 0.0    101.105  
 127.75    101.239  
 0.0    101.372  
 131.0    101.506  
 0.0    101.639  
 134.25    101.773  
 0.0    101.906  
 137.5    102.039  
 0.0    102.173  
 140.75    102.306  
 0.0    102.44  
 144.0    102.573  
 0.0    102.706  
 147.25    102.84  
 0.0    102.973  
 150.5    103.107  
 0.0    103.24  
 153.75    103.374  
 0.0    103.507  
 157.0    103.64  
 0.0    103.774  
 160.25    103.907  
 0.0    104.041  
 163.5    104.174  
 0.0    104.308  
 166.75    104.441  
 0.0    104.574  
 170.0    104.708  
 0.0    104.841  
 173.25    104.975  
 0.0    105.108  
 176.5    105.242  
 0.0    105.375  
 179.75    105.509  
 0.0    105.642  
 183.0    105.775  
 0.0    105.909  
 186.25    106.042  
 0.0    106.176  
 189.5    106.309  
 0.0    106.443  
 192.75    106.576  
 0.0    106.709  
 196.0    106.843  
 0.0    106.976  
 199.25    107.11  
 0.0    107.243  
 202.5    107.377  
 0.0    107.51  
 205.75    107.643  
 0.0    107.777  
 209.0    107.91  
 0.0    108.044  
 212.25    108.177  
 0.0    108.311  
 215.5    108.444  
 0.0    108.577  
 218.75    108.711  
 0.0    108.844  
 222.0    108.978  
 0.0    109.111  
 225.25    109.245  
 0.0    109.378  
 228.5    109.511  
 0.0    109.645  
 231.75    109.778  
 0.0    109.912  
 235.0    110.045  
 0.0    110.179  
 238.25    110.312  
 0.0    110.445  
 241.5    110.579  
 0.0    110.712  
 244.75    110.846  
 0.0    110.979  
 248.0    111.113  
 0.0    111.246  
 251.25    111.379  
 0.0    111.513  
 254.5    111.646  
 0.0    111.78  
 257.75    111.913  
 0.0    112.047  
 261.0    112.18  
 0.0    112.313  
 264.25    112.449  
 0.0    112.581  
 267.5    112.714  
 0.0    112.847  
 270.75    112.981  
 0.0    113.114  
 274.0    113.247  
 0.0    113.381  
 277.25    113.514  
 0.0    113.648  
 280.5    113.781  
 0.0    113.915  
 283.75    114.048  
 0.0    114.181  
 287.0    114.315  
 0.0    114.448  
 290.25    114.582  
 0.0    114.715  
 293.5    114.849  
 0.0    114.982  
 296.75    115.115  
 0.0    115.249  
 300.0    115.382  
 0.0    115.516  
 303.25    115.649  
 0.0    115.783  
 306.5    115.916  
 0.0    116.049  
 309.75    116.183  
 0.0    116.316  
 313.0    116.45  
 0.0    116.583  
 316.25    116.717  
 0.0    116.85  
 319.5    116.983  
 0.0    117.117  
 322.75    117.25  
 0.0    117.384  
 326.0    117.517  
 0.0    117.651  
 329.25    117.784  
 0.0    117.917  
 332.5    118.051  
 0.0    118.184  
 335.75    118.318  
 0.0    118.451  
 339.0    118.585  
 0.0    118.718  
 342.25    118.851  
 0.0    118.985  
 345.5    119.118  
 0.0    119.252  
 348.75    119.385  
 0.0    119.524  
 1.0    119.652  
 0.0    119.785  
 4.25    119.919  
 0.0    120.052  
 7.5    120.186  
 0.0    120.319  
 10.75    120.453  
 0.0    120.586  
 14.0    120.72  
 0.0    120.853  
 17.25    120.986  
 0.0    121.12  
 20.5    121.253  
 0.0    121.387  
 23.75    121.52  
 0.0    121.654  
 27.0    121.787  
 0.0    121.92  
 30.25    122.054  
 0.0    122.187  
 33.5    122.321  
 0.0    122.454  
 36.75    122.587  
 0.0    122.721  
 40.0    122.854  
 0.0    122.988  
 43.25    123.121  
 0.0    123.255  
 46.5    123.388  
 0.0    123.522  
 49.75    123.655  
 0.0    123.788  
 53.0    123.922  
 0.0    124.055  
 56.25    124.189  
 0.0    124.322  
 59.5    124.456  
 0.0    124.589  
 62.75    124.722  
 0.0    124.856  
 66.0    124.989  
 0.0    125.123  
 69.25    125.256  
 0.0    125.39  
 72.5    125.523  
 0.0    125.656  
 75.75    125.79  
 0.0    125.923  
 79.0    126.057  
 0.0    126.19  
 82.25    126.324  
 0.0    126.457  
 85.5    126.59  
 0.0    126.724  
 88.75    126.857  
 0.0    126.991  
 92.0    127.124  
 0.0    127.258  
 95.25    127.391  
 0.0    127.524  
 98.5    127.658  
 0.0    127.791  
 101.75    127.925  
 0.0    128.058  
 105.0    128.192  
 0.0    128.325  
 108.25    128.458  
 0.0    128.592  
 111.5    128.725  
 0.0    128.859  
 114.75    128.992  
 0.0    129.126  
 118.0    129.259  
 0.0    129.393  
 121.25    129.526  
 0.0    129.659  
 124.5    129.793  
 0.0    129.926  
 127.75    130.06  
 0.0    130.193  
 131.0    130.326  
 0.0    130.46  
 134.25    130.593  
 0.0    130.727  
 137.5    130.86  
 0.0    130.994  
 140.75    131.127  
 0.0    131.26  
 144.0    131.394  
 0.0    131.527  
 147.25    131.661  
 0.0    131.794  
 150.5    131.928  
 0.0    132.061  
 153.75    132.194  
 0.0    132.328  
 157.0    132.461  
 0.0    132.595  
 160.25    132.728  
 0.0    132.862  
 163.5    132.995  
 0.0    133.129  
 166.75    133.262  
 0.0    133.395  
 170.0    133.529  
 0.0    133.662  
 173.25    133.796  
 0.0    133.929  
 176.5    134.063  
 0.0    134.196  
 179.75    134.329  
 0.0    134.463  
 183.0    134.596  
 0.0    134.73  
 186.25    134.863  
 0.0    134.996  
 189.5    135.13  
 0.0    135.263  
 192.75    135.397  
 0.0    135.531  
 196.0    135.664  
 0.0    135.797  
 199.25    135.93  
 0.0    136.064  
 202.5    136.197  
 0.0    136.331  
 205.75    136.464  
 0.0    136.598  
 209.0    136.731  
 0.0    136.865  
 212.25    136.998  
 0.0    137.132  
 215.5    137.265  
 0.0    137.398  
 218.75    137.532  
 0.0    137.665  
 222.0    137.798  
 0.0    137.932  
 225.25    138.065  
 0.0    138.199  
 228.5    138.332  
 0.0    138.466  
 231.75    138.599  
 0.0    138.732  
 235.0    138.866  
 0.0    138.999  
 238.25    139.133  
 0.0    139.266  
 241.5    139.4  
 0.0    139.533  
 244.75    139.667  
 0.0    139.8  
 248.0    139.933  
 0.0    140.067  
 251.25    140.2  
 0.0    140.334  
 254.5    140.467  
 0.0    140.6  
 257.75    140.734  
 0.0    140.867  
 261.0    141.001  
 0.0    141.134  
 264.25    141.268  
 0.0    141.401  
 267.5    141.535  
 0.0    141.668  
 270.75    141.801  
 0.0    141.935  
 274.0    142.068  
 0.0    142.202  
 277.25    142.335  
 0.0    142.469  
 280.5    142.602  
 0.0    142.735  
 283.75    142.869  
 0.0    143.002  
 287.0    143.136  
 0.0    143.269  
 290.25    143.403  
 0.0    143.536  
 293.5    143.669  
 0.0    143.803  
 296.75    143.936  
 0.0    144.07  
 300.0    144.203  
 0.0    144.337  
 303.25    144.47  
 0.0    144.603  
 306.5    144.737  
 0.0    144.87  
 309.75    145.004  
 0.0    145.138  
 313.0    145.271  
 0.0    145.404  
 316.25    145.537  
 0.0    145.671  
 319.5    145.804  
 0.0    145.938  
 322.75    146.071  
 0.0    146.205  
 326.0    146.338  
 0.0    146.471  
 329.25    146.605  
 0.0    146.739  
 332.5    146.872  
 0.0    147.005  
 335.75    147.139  
 0.0    147.272  
 339.0    147.405  
 0.0    147.539  
 342.25    147.672  
 0.0    147.806  
 345.5    147.939  
 0.0    148.073  
 348.75    148.206  
 0.0    148.348  
 1.0    148.49  
 0.0    148.623  
 4.25    148.756  
 0.0    148.89  
 7.5    149.023  
 0.0    149.157  
 10.75    149.29  
 0.0    149.424  
 14.0    149.557  
 0.0    149.691  
 17.25    149.824  
 0.0    149.958  
 20.5    150.091  
 0.0    150.224  
 23.75    150.358  
 0.0    150.491  
 27.0    150.624  
 0.0    150.758  
 30.25    150.891  
 0.0    151.025  
 33.5    151.158  
 0.0    151.292  
 36.75    151.425  
 0.0    151.559  
 40.0    151.692  
 0.0    151.825  
 43.25    151.959  
 0.0    152.092  
 46.5    152.226  
 0.0    152.359  
 49.75    152.493  
 0.0    152.626  
 53.0    152.759  
 0.0    152.893  
 56.25    153.026  
 0.0    153.16  
 59.5    153.293  
 0.0    153.426  
 62.75    153.56  
 0.0    153.693  
 66.0    153.827  
 0.0    153.96  
 69.25    154.094  
 0.0    154.227  
 72.5    154.361  
 0.0    154.494  
 75.75    154.627  
 0.0    154.761  
 79.0    154.895  
 0.0    155.028  
 82.25    155.161  
 0.0    155.294  
 85.5    155.428  
 0.0    155.561  
 88.75    155.695  
 0.0    155.828  
 92.0    155.962  
 0.0    156.095  
 95.25    156.228  
 0.0    156.362  
 98.5    156.496  
 0.0    156.629  
 101.75    156.762  
 0.0    156.896  
 105.0    157.029  
 0.0    157.163  
 108.25    157.296  
 0.0    157.429  
 111.5    157.563  
 0.0    157.696  
 114.75    157.83  
 0.0    157.963  
 118.0    158.097  
 0.0    158.23  
 121.25    158.363  
 0.0    158.497  
 124.5    158.63  
 0.0    158.764  
 127.75    158.897  
 0.0    159.03  
 131.0    159.166  
 0.0    159.297  
 134.25    159.431  
 0.0    159.564  
 137.5    159.698  
 0.0    159.831  
 140.75    159.965  
 0.0    160.098  
 144.0    160.231  
 0.0    160.365  
 147.25    160.498  
 0.0    160.632  
 150.5    160.765  
 0.0    160.899  
 153.75    161.032  
 0.0    161.166  
 157.0    161.299  
 0.0    161.433  
 160.25    161.566  
 0.0    161.699  
 163.5    161.833  
 0.0    161.966  
 166.75    162.099  
 0.0    162.233  
 170.0    162.366  
 0.0    162.5  
 173.25    162.633  
 0.0    162.767  
 176.5    162.9  
 0.0    163.033  
 179.75    163.167  
 0.0    163.3  
 183.0    163.434  
 0.0    163.567  
 186.25    163.701  
 0.0    163.834  
 189.5    163.967  
 0.0    164.101  
 192.75    164.234  
 0.0    164.368  
 196.0    164.501  
 0.0    164.635  
 199.25    164.768  
 0.0    164.902  
 202.5    165.035  
 0.0    165.168  
 205.75    165.302  
 0.0    165.435  
 209.0    165.569  
 0.0    165.702  
 212.25    165.836  
 0.0    165.969  
 215.5    166.102  
 0.0    166.236  
 218.75    166.369  
 0.0    166.503  
 222.0    166.636  
 0.0    166.769  
 225.25    166.903  
 0.0    167.036  
 228.5    167.17  
 0.0    167.303  
 231.75    167.437  
 0.0    167.57  
 235.0    167.704  
 0.0    167.837  
 238.25    167.97  
 0.0    168.104  
 241.5    168.237  
 0.0    168.371  
 244.75    168.504  
 0.0    168.638  
 248.0    168.771  
 0.0    168.904  
 251.25    169.038  
 0.0    169.172  
 254.5    169.305  
 0.0    169.438  
 257.75    169.572  
 0.0    169.705  
 261.0    169.838  
 0.0    169.972  
 264.25    170.105  
 0.0    170.239  
 267.5    170.372  
 0.0    170.506  
 270.75    170.639  
 0.0    170.773  
 274.0    170.906  
 0.0    171.039  
 277.25    171.173  
 0.0    171.306  
 280.5    171.439  
 0.0    171.573  
 283.75    171.706  
 0.0    171.84  
 287.0    171.973  
 0.0    172.107  
 290.25    172.24  
 0.0    172.374  
 293.5    172.507  
 0.0    172.64  
 296.75    172.774  
 0.0    172.907  
 300.0    173.041  
 0.0    173.174  
 303.25    173.308  
 0.0    173.441  
 306.5    173.574  
 0.0    173.708  
 309.75    173.841  
 0.0    173.975  
 313.0    174.109  
 0.0    174.242  
 316.25    174.375  
 0.0    174.508  
 319.5    174.642  
 0.0    174.775  
 322.75    174.909  
 0.0    175.042  
 326.0    175.176  
 0.0    175.309  
 329.25    175.442  
 0.0    175.576  
 332.5    175.709  
 0.0    175.843  
 335.75    175.976  
 0.0    176.11  
 339.0    176.243  
 0.0    176.376  
 342.25    176.51  
 0.0    176.643  
 345.5    176.777  
 0.0    176.91  
 348.75    177.044  
 0.0    177.185  
 1.0    177.328  
 0.0    177.461  
 4.25    177.594  
 0.0    177.727  
 7.5    177.861  
 0.0    177.994  
 10.75    178.128  
 0.0    178.261  
 14.0    178.394  
 0.0    178.528  
 17.25    178.661  
 0.0    178.795  
 20.5    178.928  
 0.0    179.062  
 23.75    179.195  
 0.0    179.329  
 27.0    179.462  
 0.0    179.595  
 30.25    179.729  
 0.0    179.862  
 33.5    179.996  
 0.0    180.129  
 36.75    180.263  
 0.0    180.396  
 40.0    180.529  
 0.0    180.663  
 43.25    180.796  
 0.0    180.93  
 46.5    181.063  
 0.0    181.197  
 49.75    181.33  
 0.0    181.463  
 53.0    181.597  
 0.0    181.73  
 56.25    181.864  
 0.0    181.997  
 59.5    182.131  
 0.0    182.264  
 62.75    182.398  
 0.0    182.531  
 66.0    182.664  
 0.0    182.798  
 69.25    182.931  
 0.0    183.065  
 72.5    183.198  
 0.0    183.331  
 75.75    183.465  
 0.0    183.598  
 79.0    183.732  
 0.0    183.865  
 82.25    183.999  
 0.0    184.132  
 85.5    184.265  
 0.0    184.399  
 88.75    184.532  
 0.0    184.666  
 92.0    184.799  
 0.0    184.933  
 95.25    185.066  
 0.0    185.2  
 98.5    185.333  
 0.0    185.467  
 101.75    185.6  
 0.0    185.733  
 105.0    185.867  
 0.0    186.0  
 108.25    186.134  
 0.0    186.267  
 111.5    186.4  
 0.0    186.534  
 114.75    186.668  
 0.0    186.801  
 118.0    186.934  
 0.0    187.067  
 121.25    187.201  
 0.0    187.334  
 124.5    187.468  
 0.0    187.601  
 127.75    187.735  
 0.0    187.868  
 131.0    188.002  
 0.0    188.135  
 134.25    188.269  
 0.0    188.402  
 137.5    188.536  
 0.0    188.669  
 140.75    188.802  
 0.0    188.935  
 144.0    189.069  
 0.0    189.202  
 147.25    189.336  
 0.0    189.469  
 150.5    189.603  
 0.0    189.736  
 153.75    189.87  
 0.0    190.003  
 157.0    190.136  
 0.0    190.27  
 160.25    190.403  
 0.0    190.537  
 163.5    190.67  
 0.0    190.804  
 166.75    190.937  
 0.0    191.07  
 170.0    191.204  
 0.0    191.337  
 173.25    191.471  
 0.0    191.604  
 176.5    191.738  
 0.0    191.871  
 179.75    192.004  
 0.0    192.138  
 183.0    192.271  
 0.0    192.405  
 186.25    192.538  
 0.0    192.672  
 189.5    192.805  
 0.0    192.938  
 192.75    193.072  
 0.0    193.205  
 196.0    193.339  
 0.0    193.472  
 199.25    193.606  
 0.0    193.739  
 202.5    193.872  
 0.0    194.006  
 205.75    194.139  
 0.0    194.273  
 209.0    194.406  
 0.0    194.54  
 212.25    194.673  
 0.0    194.806  
 215.5    194.94  
 0.0    195.073  
 218.75    195.207  
 0.0    195.34  
 222.0    195.474  
 0.0    195.607  
 225.25    195.74  
 0.0    195.874  
 228.5    196.007  
 0.0    196.141  
 231.75    196.275  
 0.0    196.408  
 235.0    196.541  
 0.0    196.674  
 238.25    196.808  
 0.0    196.941  
 241.5    197.075  
 0.0    197.208  
 244.75    197.342  
 0.0    197.475  
 248.0    197.608  
 0.0    197.742  
 251.25    197.876  
 0.0    198.009  
 254.5    198.142  
 0.0    198.276  
 257.75    198.409  
 0.0    198.542  
 261.0    198.676  
 0.0    198.809  
 264.25    198.943  
 0.0    199.076  
 267.5    199.21  
 0.0    199.343  
 270.75    199.477  
 0.0    199.61  
 274.0    199.743  
 0.0    199.877  
 277.25    200.01  
 0.0    200.144  
 280.5    200.277  
 0.0    200.41  
 283.75    200.544  
 0.0    200.677  
 287.0    200.811  
 0.0    200.944  
 290.25    201.078  
 0.0    201.211  
 293.5    201.344  
 0.0    201.478  
 296.75    201.611  
 0.0    201.745  
 300.0    201.878  
 0.0    202.012  
 303.25    202.145  
 0.0    202.279  
 306.5    202.412  
 0.0    202.545  
 309.75    202.679  
 0.0    202.814  
 313.0    202.946  
 0.0    203.079  
 316.25    203.212  
 0.0    203.346  
 319.5    203.479  
 0.0    203.613  
 322.75    203.746  
 0.0    203.88  
 326.0    204.013  
 0.0    204.146  
 329.25    204.28  
 0.0    204.413  
 332.5    204.547  
 0.0    204.68  
 335.75    204.814  
 0.0    204.947  
 339.0    205.081  
 0.0    205.214  
 342.25    205.347  
 0.0    205.481  
 345.5    205.614  
 0.0    205.748  
 348.75    205.881  
 0.0    206.022  
 1.0    206.15  
 0.0    206.282  
 4.25    206.415  
 0.0    206.548  
 7.5    206.682  
 0.0    206.815  
 10.75    206.949  
 0.0    207.082  
 14.0    207.215  
 0.0    207.349  
 17.25    207.483  
 0.0    207.616  
 20.5    207.749  
 0.0    207.883  
 23.75    208.016  
 0.0    208.149  
 27.0    208.283  
 0.0    208.416  
 30.25    208.55  
 0.0    208.683  
 33.5    208.817  
 0.0    208.95  
 36.75    209.083  
 0.0    209.217  
 40.0    209.35  
 0.0    209.484  
 43.25    209.617  
 0.0    209.751  
 46.5    209.884  
 0.0    210.017  
 49.75    210.151  
 0.0    210.284  
 53.0    210.418  
 0.0    210.551  
 56.25    210.685  
 0.0    210.818  
 59.5    210.951  
 0.0    211.085  
 62.75    211.218  
 0.0    211.352  
 66.0    211.485  
 0.0    211.619  
 69.25    211.752  
 0.0    211.885  
 72.5    212.019  
 0.0    212.152  
 75.75    212.286  
 0.0    212.419  
 79.0    212.553  
 0.0    212.686  
 82.25    212.82  
 0.0    212.953  
 85.5    213.087  
 0.0    213.22  
 88.75    213.353  
 0.0    213.487  
 92.0    213.62  
 0.0    213.754  
 95.25    213.887  
 0.0    214.02  
 98.5    214.154  
 0.0    214.287  
 101.75    214.421  
 0.0    214.554  
 105.0    214.688  
 0.0    214.821  
 108.25    214.954  
 0.0    215.088  
 111.5    215.221  
 0.0    215.355  
 114.75    215.488  
 0.0    215.622  
 118.0    215.755  
 0.0    215.888  
 121.25    216.022  
 0.0    216.155  
 124.5    216.289  
 0.0    216.422  
 127.75    216.556  
 0.0    216.689  
 131.0    216.822  
 0.0    216.956  
 134.25    217.089  
 0.0    217.223  
 137.5    217.356  
 0.0    217.489  
 140.75    217.623  
 0.0    217.756  
 144.0    217.89  
 0.0    218.023  
 147.25    218.157  
 0.0    218.29  
 150.5    218.424  
 0.0    218.557  
 153.75    218.691  
 0.0    218.824  
 157.0    218.957  
 0.0    219.091  
 160.25    219.224  
 0.0    219.358  
 163.5    219.491  
 0.0    219.624  
 166.75    219.758  
 0.0    219.891  
 170.0    220.025  
 0.0    220.158  
 173.25    220.292  
 0.0    220.425  
 176.5    220.558  
 0.0    220.692  
 179.75    220.825  
 0.0    220.959  
 183.0    221.092  
 0.0    221.226  
 186.25    221.359  
 0.0    221.492  
 189.5    221.626  
 0.0    221.759  
 192.75    221.893  
 0.0    222.026  
 196.0    222.16  
 0.0    222.293  
 199.25    222.426  
 0.0    222.56  
 202.5    222.693  
 0.0    222.827  
 205.75    222.96  
 0.0    223.094  
 209.0    223.227  
 0.0    223.36  
 212.25    223.494  
 0.0    223.627  
 215.5    223.761  
 0.0    223.894  
 218.75    224.028  
 0.0    224.161  
 222.0    224.295  
 0.0    224.428  
 225.25    224.561  
 0.0    224.695  
 228.5    224.828  
 0.0    224.962  
 231.75    225.095  
 0.0    225.228  
 235.0    225.362  
 0.0    225.495  
 238.25    225.629  
 0.0    225.762  
 241.5    225.896  
 0.0    226.029  
 244.75    226.163  
 0.0    226.296  
 248.0    226.43  
 0.0    226.563  
 251.25    226.696  
 0.0    226.83  
 254.5    226.963  
 0.0    227.096  
 257.75    227.23  
 0.0    227.363  
 261.0    227.497  
 0.0    227.63  
 264.25    227.764  
 0.0    227.897  
 267.5    228.031  
 0.0    228.164  
 270.75    228.297  
 0.0    228.431  
 274.0    228.564  
 0.0    228.698  
 277.25    228.831  
 0.0    228.964  
 280.5    229.098  
 0.0    229.231  
 283.75    229.365  
 0.0    229.498  
 287.0    229.632  
 0.0    229.765  
 290.25    229.899  
 0.0    230.032  
 293.5    230.165  
 0.0    230.299  
 296.75    230.432  
 0.0    230.566  
 300.0    230.699  
 0.0    230.832  
 303.25    230.966  
 0.0    231.099  
 306.5    231.233  
 0.0    231.366  
 309.75    231.5  
 0.0    231.633  
 313.0    231.767  
 0.0    231.9  
 316.25    232.034  
 0.0    232.167  
 319.5    232.3  
 0.0    232.434  
 322.75    232.567  
 0.0    232.701  
 326.0    232.834  
 0.0    232.967  
 329.25    233.101  
 0.0    233.234  
 332.5    233.368  
 0.0    233.501  
 335.75    233.635  
 0.0    233.768  
 339.0    233.901  
 0.0    234.035  
 342.25    234.168  
 0.0    234.302  
 345.5    234.435  
 0.0    234.569  
 348.75    234.702  
 0.0    234.844  
 1.0    234.985  
 0.0    235.119  
 4.25    235.253  
 0.0    235.386  
 7.5    235.519  
 0.0    235.653  
 10.75    235.786  
 0.0    235.919  
 14.0    236.053  
 0.0    236.186  
 17.25    236.32  
 0.0    236.453  
 20.5    236.587  
 0.0    236.72  
 23.75    236.853  
 0.0    236.987  
 27.0    237.12  
 0.0    237.254  
 30.25    237.387  
 0.0    237.521  
 33.5    237.654  
 0.0    237.788  
 36.75    237.921  
 0.0    238.055  
 40.0    238.188  
 0.0    238.321  
 43.25    238.455  
 0.0    238.588  
 46.5    238.722  
 0.0    238.855  
 49.75    238.988  
 0.0    239.122  
 53.0    239.255  
 0.0    239.389  
 56.25    239.523  
 0.0    239.656  
 59.5    239.789  
 0.0    239.922  
 62.75    240.056  
 0.0    240.189  
 66.0    240.323  
 0.0    240.456  
 69.25    240.59  
 0.0    240.723  
 72.5    240.856  
 0.0    240.99  
 75.75    241.124  
 0.0    241.257  
 79.0    241.39  
 0.0    241.524  
 82.25    241.657  
 0.0    241.79  
 85.5    241.924  
 0.0    242.057  
 88.75    242.191  
 0.0    242.324  
 92.0    242.458  
 0.0    242.591  
 95.25    242.725  
 0.0    242.858  
 98.5    242.991  
 0.0    243.125  
 101.75    243.258  
 0.0    243.392  
 105.0    243.525  
 0.0    243.659  
 108.25    243.792  
 0.0    243.925  
 111.5    244.059  
 0.0    244.192  
 114.75    244.326  
 0.0    244.459  
 118.0    244.592  
 0.0    244.726  
 121.25    244.859  
 0.0    244.993  
 124.5    245.126  
 0.0    245.26  
 127.75    245.393  
 0.0    245.526  
 131.0    245.66  
 0.0    245.793  
 134.25    245.927  
 0.0    246.06  
 137.5    246.194  
 0.0    246.327  
 140.75    246.461  
 0.0    246.594  
 144.0    246.727  
 0.0    246.861  
 147.25    246.994  
 0.0    247.128  
 150.5    247.261  
 0.0    247.394  
 153.75    247.528  
 0.0    247.661  
 157.0    247.795  
 0.0    247.928  
 160.25    248.062  
 0.0    248.195  
 163.5    248.328  
 0.0    248.462  
 166.75    248.595  
 0.0    248.729  
 170.0    248.862  
 0.0    248.996  
 173.25    249.129  
 0.0    249.263  
 176.5    249.396  
 0.0    249.529  
 179.75    249.663  
 0.0    249.796  
 183.0    249.93  
 0.0    250.063  
 186.25    250.197  
 0.0    250.33  
 189.5    250.463  
 0.0    250.597  
 192.75    250.731  
 0.0    250.864  
 196.0    250.997  
 0.0    251.131  
 199.25    251.264  
 0.0    251.397  
 202.5    251.531  
 0.0    251.664  
 205.75    251.798  
 0.0    251.931  
 209.0    252.065  
 0.0    252.198  
 212.25    252.331  
 0.0    252.465  
 215.5    252.598  
 0.0    252.732  
 218.75    252.865  
 0.0    252.999  
 222.0    253.132  
 0.0    253.265  
 225.25    253.399  
 0.0    253.532  
 228.5    253.666  
 0.0    253.799  
 231.75    253.933  
 0.0    254.066  
 235.0    254.199  
 0.0    254.333  
 238.25    254.466  
 0.0    254.6  
 241.5    254.733  
 0.0    254.867  
 244.75    255.0  
 0.0    255.133  
 248.0    255.267  
 0.0    255.4  
 251.25    255.534  
 0.0    255.667  
 254.5    255.801  
 0.0    255.934  
 257.75    256.068  
 0.0    256.201  
 261.0    256.334  
 0.0    256.468  
 264.25    256.601  
 0.0    256.735  
 267.5    256.868  
 0.0    257.001  
 270.75    257.135  
 0.0    257.269  
 274.0    257.402  
 0.0    257.535  
 277.25    257.669  
 0.0    257.802  
 280.5    257.936  
 0.0    258.069  
 283.75    258.202  
 0.0    258.336  
 287.0    258.469  
 0.0    258.603  
 290.25    258.736  
 0.0    258.87  
 293.5    259.003  
 0.0    259.137  
 296.75    259.27  
 0.0    259.403  
 300.0    259.537  
 0.0    259.67  
 303.25    259.804  
 0.0    259.937  
 306.5    260.071  
 0.0    260.204  
 309.75    260.337  
 0.0    260.471  
 313.0    260.604  
 0.0    260.737  
 316.25    260.871  
 0.0    261.004  
 319.5    261.138  
 0.0    261.271  
 322.75    261.405  
 0.0    261.538  
 326.0    261.671  
 0.0    261.805  
 329.25    261.938  
 0.0    262.072  
 332.5    262.205  
 0.0    262.339  
 335.75    262.472  
 0.0    262.606  
 339.0    262.739  
 0.0    262.872  
 342.25    263.006  
 0.0    263.139  
 345.5    263.273  
 0.0    263.406  
 348.75    263.54  
 0.0    263.682  
 1.0    263.823  
 0.0    263.956  
 4.25    264.09  
 0.0    264.223  
 7.5    264.357  
 0.0    264.49  
 10.75    264.624  
 0.0    264.757  
 14.0    264.892  
 0.0    265.024  
 17.25    265.157  
 0.0    265.291  
 20.5    265.424  
 0.0    265.558  
 23.75    265.691  
 0.0    265.824  
 27.0    265.958  
 0.0    266.091  
 30.25    266.225  
 0.0    266.358  
 33.5    266.492  
 0.0    266.625  
 36.75    266.759  
 0.0    266.892  
 40.0    267.025  
 0.0    267.159  
 43.25    267.292  
 0.0    267.426  
 46.5    267.559  
 0.0    267.692  
 49.75    267.826  
 0.0    267.959  
 53.0    268.093  
 0.0    268.226  
 56.25    268.36  
 0.0    268.493  
 59.5    268.627  
 0.0    268.76  
 62.75    268.893  
 0.0    269.027  
 66.0    269.16  
 0.0    269.294  
 69.25    269.427  
 0.0    269.561  
 72.5    269.694  
 0.0    269.827  
 75.75    269.961  
 0.0    270.094  
 79.0    270.228  
 0.0    270.361  
 82.25    270.495  
 0.0    270.628  
 85.5    270.761  
 0.0    270.895  
 88.75    271.028  
 0.0    271.162  
 92.0    271.295  
 0.0    271.429  
 95.25    271.562  
 0.0    271.695  
 98.5    271.829  
 0.0    271.962  
 101.75    272.096  
 0.0    272.229  
 105.0    272.363  
 0.0    272.496  
 108.25    272.629  
 0.0    272.763  
 111.5    272.896  
 0.0    273.03  
 114.75    273.163  
 0.0    273.297  
 118.0    273.43  
 0.0    273.563  
 121.25    273.697  
 0.0    273.83  
 124.5    273.964  
 0.0    274.097  
 127.75    274.231  
 0.0    274.364  
 131.0    274.497  
 0.0    274.631  
 134.25    274.765  
 0.0    274.898  
 137.5    275.031  
 0.0    275.165  
 140.75    275.3  
 0.0    275.432  
 144.0    275.565  
 0.0    275.698  
 147.25    275.832  
 0.0    275.965  
 150.5    276.099  
 0.0    276.232  
 153.75    276.366  
 0.0    276.499  
 157.0    276.632  
 0.0    276.766  
 160.25    276.899  
 0.0    277.033  
 163.5    277.166  
 0.0    277.3  
 166.75    277.433  
 0.0    277.566  
 170.0    277.7  
 0.0    277.833  
 173.25    277.967  
 0.0    278.1  
 176.5    278.234  
 0.0    278.367  
 179.75    278.5  
 0.0    278.634  
 183.0    278.767  
 0.0    278.901  
 186.25    279.034  
 0.0    279.167  
 189.5    279.301  
 0.0    279.434  
 192.75    279.568  
 0.0    279.702  
 196.0    279.835  
 0.0    279.968  
 199.25    280.102  
 0.0    280.235  
 202.5    280.368  
 0.0    280.502  
 205.75    280.635  
 0.0    280.769  
 209.0    280.902  
 0.0    281.036  
 212.25    281.169  
 0.0    281.303  
 215.5    281.436  
 0.0    281.569  
 218.75    281.703  
 0.0    281.836  
 222.0    281.969  
 0.0    282.103  
 225.25    282.236  
 0.0    282.37  
 228.5    282.503  
 0.0    282.637  
 231.75    282.771  
 0.0    282.904  
 235.0    283.037  
 0.0    283.17  
 238.25    283.304  
 0.0    283.437  
 241.5    283.571  
 0.0    283.704  
 244.75    283.838  
 0.0    283.971  
 248.0    284.104  
 0.0    284.238  
 251.25    284.372  
 0.0    284.505  
 254.5    284.638  
 0.0    284.772  
 257.75    284.905  
 0.0    285.038  
 261.0    285.172  
 0.0    285.305  
 264.25    285.439  
 0.0    285.572  
 267.5    285.706  
 0.0    285.839  
 270.75    285.972  
 0.0    286.106  
 274.0    286.239  
 0.0    286.373  
 277.25    286.506  
 0.0    286.64  
 280.5    286.773  
 0.0    286.906  
 283.75    287.04  
 0.0    287.173  
 287.0    287.307  
 0.0    287.44  
 290.25    287.574  
 0.0    287.707  
 293.5    287.84  
 0.0    287.974  
 296.75    288.107  
 0.0    288.241  
 300.0    288.374  
 0.0    288.508  
 303.25    288.641  
 0.0    288.774  
 306.5    288.908  
 0.0    289.041  
 309.75    289.175  
 0.0    289.309  
 313.0    289.442  
 0.0    289.575  
 316.25    289.708  
 0.0    289.842  
 319.5    289.975  
 0.0    290.109  
 322.75    290.242  
 0.0    290.376  
 326.0    290.509  
 0.0    290.642  
 329.25    290.776  
 0.0    290.909  
 332.5    291.043  
 0.0    291.176  
 335.75    291.31  
 0.0    291.443  
 339.0    291.577  
 0.0    291.71  
 342.25    291.844  
 0.0    291.977  
 345.5    292.11  
 0.0    292.244  
 348.75    292.377  
 0.0    292.521  
 1.0    292.661  
 0.0    292.794  
 4.25    292.927  
 0.0    293.061  
 7.5    293.194  
 0.0    293.328  
 10.75    293.461  
 0.0    293.595  
 14.0    293.728  
 0.0    293.862  
 17.25    293.995  
 0.0    294.128  
 20.5    294.262  
 0.0    294.395  
 23.75    294.529  
 0.0    294.662  
 27.0    294.796  
 0.0    294.929  
 30.25    295.062  
 0.0    295.196  
 33.5    295.329  
 0.0    295.463  
 36.75    295.596  
 0.0    295.729  
 40.0    295.863  
 0.0    295.996  
 43.25    296.13  
 0.0    296.263  
 46.5    296.397  
 0.0    296.53  
 49.75    296.663  
 0.0    296.797  
 53.0    296.93  
 0.0    297.064  
 56.25    297.197  
 0.0    297.331  
 59.5    297.464  
 0.0    297.598  
 62.75    297.731  
 0.0    297.864  
 66.0    297.998  
 0.0    298.131  
 69.25    298.265  
 0.0    298.398  
 72.5    298.531  
 0.0    298.665  
 75.75    298.798  
 0.0    298.932  
 79.0    299.065  
 0.0    299.199  
 82.25    299.332  
 0.0    299.466  
 85.5    299.599  
 0.0    299.732  
 88.75    299.866  
 0.0    299.999  
 92.0    300.133  
 0.0    300.267  
 95.25    300.4  
 0.0    300.533  
 98.5    300.666  
 0.0    300.8  
 101.75    300.933  
 0.0    301.067  
 105.0    301.2  
 0.0    301.334  
 108.25    301.467  
 0.0    301.6  
 111.5    301.734  
 0.0    301.868  
 114.75    302.001  
 0.0    302.134  
 118.0    302.268  
 0.0    302.401  
 121.25    302.534  
 0.0    302.668  
 124.5    302.801  
 0.0    302.935  
 127.75    303.068  
 0.0    303.202  
 131.0    303.335  
 0.0    303.469  
 134.25    303.602  
 0.0    303.735  
 137.5    303.869  
 0.0    304.002  
 140.75    304.136  
 0.0    304.269  
 144.0    304.402  
 0.0    304.536  
 147.25    304.669  
 0.0    304.803  
 150.5    304.936  
 0.0    305.07  
 153.75    305.203  
 0.0    305.336  
 157.0    305.47  
 0.0    305.603  
 160.25    305.737  
 0.0    305.87  
 163.5    306.004  
 0.0    306.137  
 166.75    306.27  
 0.0    306.404  
 170.0    306.537  
 0.0    306.671  
 173.25    306.805  
 0.0    306.938  
 176.5    307.071  
 0.0    307.204  
 179.75    307.338  
 0.0    307.471  
 183.0    307.605  
 0.0    307.738  
 186.25    307.872  
 0.0    308.005  
 189.5    308.138  
 0.0    308.272  
 192.75    308.405  
 0.0    308.539  
 196.0    308.672  
 0.0    308.806  
 199.25    308.939  
 0.0    309.073  
 202.5    309.206  
 0.0    309.339  
 205.75    309.473  
 0.0    309.606  
 209.0    309.74  
 0.0    309.874  
 212.25    310.006  
 0.0    310.14  
 215.5    310.273  
 0.0    310.407  
 218.75    310.54  
 0.0    310.674  
 222.0    310.807  
 0.0    310.941  
 225.25    311.074  
 0.0    311.207  
 228.5    311.341  
 0.0    311.474  
 231.75    311.608  
 0.0    311.741  
 235.0    311.875  
 0.0    312.008  
 238.25    312.141  
 0.0    312.275  
 241.5    312.408  
 0.0    312.542  
 244.75    312.675  
 0.0    312.808  
 248.0    312.942  
 0.0    313.076  
 251.25    313.209  
 0.0    313.342  
 254.5    313.476  
 0.0    313.609  
 257.75    313.742  
 0.0    313.876  
 261.0    314.009  
 0.0    314.143  
 264.25    314.276  
 0.0    314.41  
 267.5    314.543  
 0.0    314.677  
 270.75    314.81  
 0.0    314.943  
 274.0    315.077  
 0.0    315.21  
 277.25    315.344  
 0.0    315.477  
 280.5    315.611  
 0.0    315.744  
 283.75    315.877  
 0.0    316.011  
 287.0    316.144  
 0.0    316.278  
 290.25    316.411  
 0.0    316.545  
 293.5    316.678  
 0.0    316.811  
 296.75    316.945  
 0.0    317.078  
 300.0    317.212  
 0.0    317.345  
 303.25    317.479  
 0.0    317.612  
 306.5    317.745  
 0.0    317.879  
 309.75    318.012  
 0.0    318.146  
 313.0    318.279  
 0.0    318.413  
 316.25    318.546  
 0.0    318.68  
 319.5    318.813  
 0.0    318.946  
 322.75    319.08  
 0.0    319.213  
 326.0    319.347  
 0.0    319.48  
 329.25    319.613  
 0.0    319.747  
 332.5    319.88  
 0.0    320.014  
 335.75    320.147  
 0.0    320.281  
 339.0    320.414  
 0.0    320.547  
 342.25    320.681  
 0.0    320.814  
 345.5    320.948  
 0.0    321.081  
 348.75    321.215  
