 [323.25, 277.75, 144.5, 89.25]  
 [36.118, 39.854, 50.796, 55.332]  
 [36.652, 40.254, 55.732]  
 [196.5, 177.0, 173.75, 118.5]  
 [75.347, 76.948, 77.214, 81.751]  
 [77.748, 82.285]  
 [225.75, 131.5, 95.75, 34.0]  
 [101.766, 109.505, 112.44, 117.511]  
 [102.299, 110.038, 118.044]  
 [235.5, 216.0, 24.25, 11.25]  
 [129.786, 131.387, 147.132, 148.199]  
 [130.32, 131.921]  
 [346.0, 235.5, 229.0, 170.5]  
 [149.55, 158.623, 159.157, 163.961]  
 [148.75, 159.691, 164.494]  
 [316.75, 297.25, 232.25, 53.5]  
 [180.79, 182.391, 187.728, 202.405]  
 [181.323, 183.191, 202.941]  
 [115.25, 73.0, 43.75, 14.5]  
 [226.156, 229.625, 232.027, 234.429]  
 [226.69, 230.159, 232.561]  
 [186.75, 177.0, 125.0, 66.5]  
 [249.122, 249.923, 254.193, 258.996]  
 [234.971, 249.656, 250.99, 254.726, 259.53]  
 [346.0, 222.5, 219.25, 69.75]  
 [264.884, 275.024, 275.291, 287.567]  
 [275.558, 288.101]  
 [274.5, 245.25, 196.5, 151.0]  
 [299.592, 301.994, 305.997, 309.733]  
 [300.126, 302.661, 306.531]  
