 32.408    32.408  
 0.0    32.424  
 19.3846153846    32.559  
 0.0    32.692  
 19.5384615385    32.825  
 0.0    32.959  
 19.6923076923    33.092  
 0.0    33.226  
 19.8461538462    33.359  
 0.0    33.492  
 18.7692307692    33.626  
 0.0    33.759  
 18.9230769231    33.893  
 0.0    34.026  
 19.0769230769    34.16  
 0.0    34.293  
 19.2307692308    34.426  
 0.0    34.56  
 18.1538461538    34.694  
 0.0    34.827  
 18.3076923077    34.96  
 0.0    35.094  
 18.4615384615    35.227  
 0.0    35.36  
 18.6153846154    35.494  
 0.0    35.627  
 17.5384615385    35.761  
 0.0    35.894  
 17.6923076923    36.028  
 0.0    36.161  
 17.8461538462    36.294  
 0.0    36.428  
 18.0    36.561  
 0.0    36.694  
 16.9230769231    36.828  
 0.0    36.961  
 17.0769230769    37.095  
 0.0    37.228  
 17.2307692308    37.362  
 0.0    37.496  
 17.3846153846    37.629  
 0.0    37.762  
 16.3076923077    37.896  
 0.0    38.029  
 16.4615384615    38.162  
 0.0    38.296  
 16.6153846154    38.429  
 0.0    38.562  
 16.7692307692    38.696  
 0.0    38.829  
 15.6923076923    38.963  
 0.0    39.096  
 15.8461538462    39.23  
 0.0    39.363  
 16.0    39.497  
 0.0    39.63  
 16.1538461538    39.763  
 0.0    39.897  
 15.0769230769    40.03  
 0.0    40.164  
 15.2307692308    40.297  
 0.0    40.43  
 15.3846153846    40.564  
 0.0    40.697  
 15.5384615385    40.832  
 0.0    40.965  
 14.4615384615    41.098  
 0.0    41.231  
 14.6153846154    41.365  
 0.0    41.498  
 14.7692307692    41.631  
 0.0    41.765  
 14.9230769231    41.898  
 0.0    42.032  
 13.8461538462    42.165  
 0.0    42.299  
 14.0    42.432  
 0.0    42.565  
 14.1538461538    42.699  
 0.0    42.832  
 14.3076923077    42.966  
 0.0    43.099  
 13.2307692308    43.233  
 0.0    43.366  
 13.3846153846    43.5  
 0.0    43.633  
 13.5384615385    43.766  
 0.0    43.9  
 13.6923076923    44.033  
 0.0    44.167  
 12.6153846154    44.301  
 0.0    44.433  
 12.7692307692    44.567  
 0.0    44.7  
 12.9230769231    44.834  
 0.0    44.967  
 13.0769230769    45.101  
 0.0    45.234  
 12.0    45.367  
 0.0    45.501  
 12.1538461538    45.634  
 0.0    45.768  
 12.3076923077    45.901  
 0.0    46.035  
 12.4615384615    46.168  
 0.0    46.301  
 11.3846153846    46.435  
 0.0    46.568  
 11.5384615385    46.702  
 0.0    46.835  
 11.6923076923    46.969  
 0.0    47.102  
 11.8461538462    47.235  
 0.0    47.369  
 10.7692307692    47.503  
 0.0    47.636  
 10.9230769231    47.769  
 0.0    47.903  
 11.0769230769    48.036  
 0.0    48.169  
 11.2307692308    48.303  
 0.0    48.436  
 10.1538461538    48.57  
 0.0    48.703  
 10.3076923077    48.837  
 0.0    48.97  
 10.4615384615    49.104  
 0.0    49.237  
 10.6153846154    49.371  
 0.0    49.504  
 9.53846153846    49.637  
 0.0    49.771  
 9.69230769231    49.904  
 0.0    50.038  
 9.84615384615    50.171  
 0.0    50.304  
 10.0    50.438  
 0.0    50.571  
 8.92307692308    50.705  
 0.0    50.839  
 9.07692307692    50.972  
 0.0    51.105  
 9.23076923077    51.238  
 0.0    51.372  
 9.38461538462    51.505  
 0.0    51.639  
 8.30769230769    51.772  
 0.0    51.905  
 8.46153846154    52.039  
 0.0    52.173  
 8.61538461538    52.306  
 0.0    52.439  
 8.76923076923    52.573  
 0.0    52.706  
 7.69230769231    52.84  
 0.0    52.973  
 7.84615384615    53.107  
 0.0    53.24  
 8.0    53.373  
 0.0    53.507  
 8.15384615385    53.64  
 0.0    53.774  
 7.07692307692    53.907  
 0.0    54.04  
 7.23076923077    54.175  
 0.0    54.308  
 7.38461538462    54.441  
 0.0    54.574  
 7.53846153846    54.708  
 0.0    54.841  
 6.46153846154    54.975  
 0.0    55.108  
 6.61538461538    55.241  
 0.0    55.375  
 6.76923076923    55.508  
 0.0    55.642  
 6.92307692308    55.775  
 0.0    55.908  
 5.84615384615    56.042  
 0.0    56.175  
 6.0    56.309  
 0.0    56.442  
 6.15384615385    56.576  
 0.0    56.709  
 6.30769230769    56.843  
 0.0    56.976  
 5.23076923077    57.109  
 0.0    57.243  
 5.38461538462    57.376  
 0.0    57.51  
 5.53846153846    57.643  
 0.0    57.776  
 5.69230769231    57.91  
 0.0    58.043  
 4.61538461538    58.177  
 0.0    58.31  
 4.76923076923    58.444  
 0.0    58.577  
 4.92307692308    58.71  
 0.0    58.844  
 5.07692307692    58.977  
 0.0    59.111  
 4.0    59.244  
 0.0    59.378  
 4.15384615385    59.511  
 0.0    59.645  
 4.30769230769    59.778  
 0.0    59.911  
 4.46153846154    60.045  
 0.0    60.186  
 19.3846153846    60.328  
 0.0    60.461  
 19.5384615385    60.595  
 0.0    60.729  
 19.6923076923    60.863  
 0.0    60.996  
 19.8461538462    61.129  
 0.0    61.262  
 18.7692307692    61.396  
 0.0    61.529  
 18.9230769231    61.663  
 0.0    61.796  
 19.0769230769    61.93  
 0.0    62.063  
 19.2307692308    62.197  
 0.0    62.329  
 18.1538461538    62.463  
 0.0    62.596  
 18.3076923077    62.73  
 0.0    62.863  
 18.4615384615    62.997  
 0.0    63.13  
 18.6153846154    63.264  
 0.0    63.397  
 17.5384615385    63.531  
 0.0    63.664  
 17.6923076923    63.798  
 0.0    63.931  
 17.8461538462    64.064  
 0.0    64.198  
 18.0    64.331  
 0.0    64.464  
 16.9230769231    64.598  
 0.0    64.731  
 17.0769230769    64.865  
 0.0    64.998  
 17.2307692308    65.132  
 0.0    65.265  
 17.3846153846    65.399  
 0.0    65.532  
 16.3076923077    65.666  
 0.0    65.799  
 16.4615384615    65.932  
 0.0    66.066  
 16.6153846154    66.199  
 0.0    66.333  
 16.7692307692    66.466  
 0.0    66.599  
 15.6923076923    66.733  
 0.0    66.866  
 15.8461538462    67.0  
 0.0    67.133  
 16.0    67.267  
 0.0    67.4  
 16.1538461538    67.535  
 0.0    67.67  
 15.0769230769    67.803  
 0.0    67.936  
 15.2307692308    68.069  
 0.0    68.201  
 15.3846153846    68.334  
 0.0    68.468  
 15.5384615385    68.601  
 0.0    68.734  
 14.4615384615    68.868  
 0.0    69.001  
 14.6153846154    69.135  
 0.0    69.268  
 14.7692307692    69.402  
 0.0    69.535  
 14.9230769231    69.669  
 0.0    69.802  
 13.8461538462    69.935  
 0.0    70.069  
 14.0    70.202  
 0.0    70.336  
 14.1538461538    70.469  
 0.0    70.602  
 14.3076923077    70.736  
 0.0    70.87  
 13.2307692308    71.003  
 0.0    71.136  
 13.3846153846    71.27  
 0.0    71.403  
 13.5384615385    71.537  
 0.0    71.67  
 13.6923076923    71.804  
 0.0    71.937  
 12.6153846154    72.07  
 0.0    72.204  
 12.7692307692    72.337  
 0.0    72.47  
 12.9230769231    72.604  
 0.0    72.737  
 13.0769230769    72.871  
 0.0    73.004  
 12.0    73.138  
 0.0    73.271  
 12.1538461538    73.405  
 0.0    73.538  
 12.3076923077    73.671  
 0.0    73.805  
 12.4615384615    73.938  
 0.0    74.072  
 11.3846153846    74.206  
 0.0    74.339  
 11.5384615385    74.472  
 0.0    74.605  
 11.6923076923    74.739  
 0.0    74.872  
 11.8461538462    75.006  
 0.0    75.139  
 10.7692307692    75.272  
 0.0    75.406  
 10.9230769231    75.539  
 0.0    75.673  
 11.0769230769    75.806  
 0.0    75.94  
 11.2307692308    76.073  
 0.0    76.207  
 10.1538461538    76.34  
 0.0    76.473  
 10.3076923077    76.607  
 0.0    76.74  
 10.4615384615    76.874  
 0.0    77.007  
 10.6153846154    77.141  
 0.0    77.274  
 9.53846153846    77.407  
 0.0    77.542  
 9.69230769231    77.674  
 0.0    77.808  
 9.84615384615    77.941  
 0.0    78.075  
 10.0    78.208  
 0.0    78.341  
 8.92307692308    78.475  
 0.0    78.608  
 9.07692307692    78.742  
 0.0    78.875  
 9.23076923077    79.009  
 0.0    79.142  
 9.38461538462    79.276  
 0.0    79.409  
 8.30769230769    79.542  
 0.0    79.676  
 8.46153846154    79.809  
 0.0    79.943  
 8.61538461538    80.08  
 0.0    80.225  
 8.76923076923    80.36  
 0.0    80.493  
 7.69230769231    80.627  
 0.0    80.76  
 7.84615384615    80.894  
 0.0    81.027  
 8.0    81.16  
 0.0    81.293  
 8.15384615385    81.427  
 0.0    81.56  
 7.07692307692    81.694  
 0.0    81.827  
 7.23076923077    81.961  
 0.0    82.094  
 7.38461538462    82.228  
 0.0    82.36  
 7.53846153846    82.494  
 0.0    82.628  
 6.46153846154    82.761  
 0.0    82.894  
 6.61538461538    83.028  
 0.0    83.161  
 6.76923076923    83.295  
 0.0    83.428  
 6.92307692308    83.562  
 0.0    83.695  
 5.84615384615    83.829  
 0.0    83.962  
 6.0    84.096  
 0.0    84.23  
 6.15384615385    84.362  
 0.0    84.496  
 6.30769230769    84.629  
 0.0    84.762  
 5.23076923077    84.896  
 0.0    85.029  
 5.38461538462    85.163  
 0.0    85.296  
 5.53846153846    85.43  
 0.0    85.563  
 5.69230769231    85.697  
 0.0    85.83  
 4.61538461538    85.964  
 0.0    86.097  
 4.76923076923    86.23  
 0.0    86.364  
 4.92307692308    86.497  
 0.0    86.63  
 5.07692307692    86.764  
 0.0    86.897  
 4.0    87.031  
 0.0    87.164  
 4.15384615385    87.298  
 0.0    87.431  
 4.30769230769    87.566  
 0.0    87.698  
 4.46153846154    87.832  
 0.0    87.973  
 19.3846153846    88.115  
 0.0    88.249  
 19.5384615385    88.382  
 0.0    88.516  
 19.6923076923    88.649  
 0.0    88.782  
 19.8461538462    88.916  
 0.0    89.049  
 18.7692307692    89.183  
 0.0    89.316  
 18.9230769231    89.45  
 0.0    89.583  
 19.0769230769    89.717  
 0.0    89.85  
 19.2307692308    89.983  
 0.0    90.117  
 18.1538461538    90.25  
 0.0    90.383  
 18.3076923077    90.517  
 0.0    90.65  
 18.4615384615    90.784  
 0.0    90.918  
 18.6153846154    91.051  
 0.0    91.184  
 17.5384615385    91.318  
 0.0    91.451  
 17.6923076923    91.585  
 0.0    91.718  
 17.8461538462    91.851  
 0.0    91.985  
 18.0    92.118  
 0.0    92.251  
 16.9230769231    92.385  
 0.0    92.518  
 17.0769230769    92.652  
 0.0    92.785  
 17.2307692308    92.919  
 0.0    93.052  
 17.3846153846    93.186  
 0.0    93.319  
 16.3076923077    93.452  
 0.0    93.586  
 16.4615384615    93.719  
 0.0    93.853  
 16.6153846154    93.986  
 0.0    94.119  
 16.7692307692    94.254  
 0.0    94.387  
 15.6923076923    94.52  
 0.0    94.653  
 15.8461538462    94.787  
 0.0    94.92  
 16.0    95.054  
 0.0    95.187  
 16.1538461538    95.32  
 0.0    95.454  
 15.0769230769    95.587  
 0.0    95.721  
 15.2307692308    95.854  
 0.0    95.987  
 15.3846153846    96.121  
 0.0    96.254  
 15.5384615385    96.388  
 0.0    96.521  
 14.4615384615    96.655  
 0.0    96.788  
 14.6153846154    96.922  
 0.0    97.055  
 14.7692307692    97.189  
 0.0    97.322  
 14.9230769231    97.455  
 0.0    97.59  
 13.8461538462    97.722  
 0.0    97.855  
 14.0    97.989  
 0.0    98.122  
 14.1538461538    98.256  
 0.0    98.389  
 14.3076923077    98.523  
 0.0    98.656  
 13.2307692308    98.79  
 0.0    98.923  
 13.3846153846    99.057  
 0.0    99.19  
 13.5384615385    99.323  
 0.0    99.457  
 13.6923076923    99.59  
 0.0    99.724  
 12.6153846154    99.857  
 0.0    99.99  
 12.7692307692    100.124  
 0.0    100.257  
 12.9230769231    100.391  
 0.0    100.524  
 13.0769230769    100.658  
 0.0    100.791  
 12.0    100.925  
 0.0    101.058  
 12.1538461538    101.191  
 0.0    101.325  
 12.3076923077    101.458  
 0.0    101.592  
 12.4615384615    101.725  
 0.0    101.858  
 11.3846153846    101.992  
 0.0    102.125  
 11.5384615385    102.259  
 0.0    102.392  
 11.6923076923    102.526  
 0.0    102.659  
 11.8461538462    102.793  
 0.0    102.926  
 10.7692307692    103.059  
 0.0    103.193  
 10.9230769231    103.326  
 0.0    103.46  
 11.0769230769    103.593  
 0.0    103.727  
 11.2307692308    103.86  
 0.0    103.993  
 10.1538461538    104.127  
 0.0    104.261  
 10.3076923077    104.394  
 0.0    104.527  
 10.4615384615    104.661  
 0.0    104.796  
 10.6153846154    104.929  
 0.0    105.062  
 9.53846153846    105.194  
 0.0    105.328  
 9.69230769231    105.461  
 0.0    105.595  
 9.84615384615    105.728  
 0.0    105.861  
 10.0    105.995  
 0.0    106.128  
 8.92307692308    106.262  
 0.0    106.395  
 9.07692307692    106.529  
 0.0    106.662  
 9.23076923077    106.796  
 0.0    106.929  
 9.38461538462    107.062  
 0.0    107.196  
 8.30769230769    107.329  
 0.0    107.463  
 8.46153846154    107.597  
 0.0    107.73  
 8.61538461538    107.863  
 0.0    107.996  
 8.76923076923    108.13  
 0.0    108.263  
 7.69230769231    108.397  
 0.0    108.53  
 7.84615384615    108.663  
 0.0    108.797  
 8.0    108.93  
 0.0    109.064  
 8.15384615385    109.197  
 0.0    109.331  
 7.07692307692    109.464  
 0.0    109.597  
 7.23076923077    109.731  
 0.0    109.864  
 7.38461538462    109.998  
 0.0    110.131  
 7.53846153846    110.265  
 0.0    110.398  
 6.46153846154    110.531  
 0.0    110.665  
 6.61538461538    110.798  
 0.0    110.933  
 6.76923076923    111.065  
 0.0    111.199  
 6.92307692308    111.332  
 0.0    111.465  
 5.84615384615    111.599  
 0.0    111.732  
 6.0    111.866  
 0.0    111.999  
 6.15384615385    112.133  
 0.0    112.266  
 6.30769230769    112.399  
 0.0    112.533  
 5.23076923077    112.666  
 0.0    112.8  
 5.38461538462    112.933  
 0.0    113.067  
 5.53846153846    113.2  
 0.0    113.333  
 5.69230769231    113.467  
 0.0    113.6  
 4.61538461538    113.734  
 0.0    113.867  
 4.76923076923    114.001  
 0.0    114.134  
 4.92307692308    114.268  
 0.0    114.401  
 5.07692307692    114.534  
 0.0    114.668  
 4.0    114.801  
 0.0    114.935  
 4.15384615385    115.068  
 0.0    115.202  
 4.30769230769    115.335  
 0.0    115.468  
 4.46153846154    115.602  
 0.0    115.746  
 19.3846153846    115.885  
 0.0    116.019  
 19.5384615385    116.152  
 0.0    116.286  
 19.6923076923    116.419  
 0.0    116.553  
 19.8461538462    116.686  
 0.0    116.819  
 18.7692307692    116.953  
 0.0    117.086  
 18.9230769231    117.22  
 0.0    117.353  
 19.0769230769    117.487  
 0.0    117.621  
 19.2307692308    117.754  
 0.0    117.887  
 18.1538461538    118.02  
 0.0    118.154  
 18.3076923077    118.287  
 0.0    118.421  
 18.4615384615    118.554  
 0.0    118.687  
 18.6153846154    118.821  
 0.0    118.954  
 17.5384615385    119.088  
 0.0    119.221  
 17.6923076923    119.355  
 0.0    119.488  
 17.8461538462    119.622  
 0.0    119.755  
 18.0    119.889  
 0.0    120.022  
 16.9230769231    120.155  
 0.0    120.289  
 17.0769230769    120.422  
 0.0    120.555  
 17.2307692308    120.689  
 0.0    120.822  
 17.3846153846    120.956  
 0.0    121.089  
 16.3076923077    121.223  
 0.0    121.356  
 16.4615384615    121.49  
 0.0    121.623  
 16.6153846154    121.756  
 0.0    121.89  
 16.7692307692    122.023  
 0.0    122.157  
 15.6923076923    122.29  
 0.0    122.423  
 15.8461538462    122.557  
 0.0    122.69  
 16.0    122.824  
 0.0    122.957  
 16.1538461538    123.091  
 0.0    123.224  
 15.0769230769    123.358  
 0.0    123.491  
 15.2307692308    123.624  
 0.0    123.758  
 15.3846153846    123.891  
 0.0    124.025  
 15.5384615385    124.158  
 0.0    124.292  
 14.4615384615    124.425  
 0.0    124.558  
 14.6153846154    124.692  
 0.0    124.825  
 14.7692307692    124.958  
 0.0    125.092  
 14.9230769231    125.226  
 0.0    125.359  
 13.8461538462    125.492  
 0.0    125.626  
 14.0    125.759  
 0.0    125.893  
 14.1538461538    126.027  
 0.0    126.16  
 14.3076923077    126.293  
 0.0    126.426  
 13.2307692308    126.559  
 0.0    126.693  
 13.3846153846    126.827  
 0.0    126.96  
 13.5384615385    127.093  
 0.0    127.227  
 13.6923076923    127.36  
 0.0    127.494  
 12.6153846154    127.628  
 0.0    127.761  
 12.7692307692    127.894  
 0.0    128.028  
 12.9230769231    128.161  
 0.0    128.294  
 13.0769230769    128.428  
 0.0    128.561  
 12.0    128.694  
 0.0    128.828  
 12.1538461538    128.962  
 0.0    129.095  
 12.3076923077    129.228  
 0.0    129.362  
 12.4615384615    129.495  
 0.0    129.629  
 11.3846153846    129.762  
 0.0    129.896  
 11.5384615385    130.029  
 0.0    130.162  
 11.6923076923    130.296  
 0.0    130.429  
 11.8461538462    130.563  
 0.0    130.696  
 10.7692307692    130.829  
 0.0    130.964  
 10.9230769231    131.097  
 0.0    131.23  
 11.0769230769    131.363  
 0.0    131.497  
 11.2307692308    131.63  
 0.0    131.763  
 10.1538461538    131.897  
 0.0    132.03  
 10.3076923077    132.163  
 0.0    132.297  
 10.4615384615    132.43  
 0.0    132.564  
 10.6153846154    132.697  
 0.0    132.831  
 9.53846153846    132.964  
 0.0    133.098  
 9.69230769231    133.231  
 0.0    133.365  
 9.84615384615    133.498  
 0.0    133.631  
 10.0    133.765  
 0.0    133.898  
 8.92307692308    134.032  
 0.0    134.165  
 9.07692307692    134.299  
 0.0    134.432  
 9.23076923077    134.565  
 0.0    134.699  
 9.38461538462    134.832  
 0.0    134.966  
 8.30769230769    135.099  
 0.0    135.233  
 8.46153846154    135.366  
 0.0    135.499  
 8.61538461538    135.633  
 0.0    135.766  
 8.76923076923    135.899  
 0.0    136.033  
 7.69230769231    136.166  
 0.0    136.3  
 7.84615384615    136.433  
 0.0    136.567  
 8.0    136.7  
 0.0    136.834  
 8.15384615385    136.967  
 0.0    137.101  
 7.07692307692    137.234  
 0.0    137.368  
 7.23076923077    137.501  
 0.0    137.635  
 7.38461538462    137.768  
 0.0    137.901  
 7.53846153846    138.034  
 0.0    138.168  
 6.46153846154    138.301  
 0.0    138.435  
 6.61538461538    138.568  
 0.0    138.702  
 6.76923076923    138.835  
 0.0    138.969  
 6.92307692308    139.102  
 0.0    139.236  
 5.84615384615    139.369  
 0.0    139.502  
 6.0    139.636  
 0.0    139.769  
 6.15384615385    139.903  
 0.0    140.036  
 6.30769230769    140.169  
 0.0    140.303  
 5.23076923077    140.436  
 0.0    140.57  
 5.38461538462    140.703  
 0.0    140.837  
 5.53846153846    140.971  
 0.0    141.104  
 5.69230769231    141.237  
 0.0    141.37  
 4.61538461538    141.504  
 0.0    141.637  
 4.76923076923    141.77  
 0.0    141.904  
 4.92307692308    142.037  
 0.0    142.171  
 5.07692307692    142.304  
 0.0    142.438  
 4.0    142.571  
 0.0    142.705  
 4.15384615385    142.838  
 0.0    142.972  
 4.30769230769    143.105  
 0.0    143.239  
 4.46153846154    143.372  
 0.0    143.516  
 19.3846153846    143.655  
 0.0    143.789  
 19.5384615385    143.923  
 0.0    144.056  
 19.6923076923    144.189  
 0.0    144.324  
 19.8461538462    144.457  
 0.0    144.59  
 18.7692307692    144.723  
 0.0    144.856  
 18.9230769231    144.99  
 0.0    145.123  
 19.0769230769    145.257  
 0.0    145.39  
 19.2307692308    145.524  
 0.0    145.657  
 18.1538461538    145.791  
 0.0    145.923  
 18.3076923077    146.057  
 0.0    146.191  
 18.4615384615    146.324  
 0.0    146.457  
 18.6153846154    146.591  
 0.0    146.724  
 17.5384615385    146.858  
 0.0    146.991  
 17.6923076923    147.125  
 0.0    147.258  
 17.8461538462    147.392  
 0.0    147.525  
 18.0    147.66  
 0.0    147.793  
 16.9230769231    147.926  
 0.0    148.059  
 17.0769230769    148.192  
 0.0    148.325  
 17.2307692308    148.459  
 0.0    148.592  
 17.3846153846    148.726  
 0.0    148.859  
 16.3076923077    148.993  
 0.0    149.126  
 16.4615384615    149.26  
 0.0    149.393  
 16.6153846154    149.527  
 0.0    149.66  
 16.7692307692    149.794  
 0.0    149.927  
 15.6923076923    150.06  
 0.0    150.194  
 15.8461538462    150.327  
 0.0    150.46  
 16.0    150.594  
 0.0    150.727  
 16.1538461538    150.861  
 0.0    150.995  
 15.0769230769    151.129  
 0.0    151.262  
 15.2307692308    151.395  
 0.0    151.528  
 15.3846153846    151.662  
 0.0    151.795  
 15.5384615385    151.928  
 0.0    152.061  
 14.4615384615    152.195  
 0.0    152.328  
 14.6153846154    152.462  
 0.0    152.595  
 14.7692307692    152.729  
 0.0    152.862  
 14.9230769231    152.996  
 0.0    153.129  
 13.8461538462    153.263  
 0.0    153.396  
 14.0    153.529  
 0.0    153.663  
 14.1538461538    153.796  
 0.0    153.93  
 14.3076923077    154.063  
 0.0    154.196  
 13.2307692308    154.331  
 0.0    154.464  
 13.3846153846    154.597  
 0.0    154.73  
 13.5384615385    154.864  
 0.0    154.997  
 13.6923076923    155.131  
 0.0    155.264  
 12.6153846154    155.397  
 0.0    155.531  
 12.7692307692    155.664  
 0.0    155.798  
 12.9230769231    155.931  
 0.0    156.064  
 13.0769230769    156.198  
 0.0    156.331  
 12.0    156.465  
 0.0    156.598  
 12.1538461538    156.732  
 0.0    156.865  
 12.3076923077    156.998  
 0.0    157.132  
 12.4615384615    157.266  
 0.0    157.399  
 11.3846153846    157.532  
 0.0    157.667  
 11.5384615385    157.8  
 0.0    157.932  
 11.6923076923    158.066  
 0.0    158.199  
 11.8461538462    158.333  
 0.0    158.466  
 10.7692307692    158.6  
 0.0    158.733  
 10.9230769231    158.867  
 0.0    159.0  
 11.0769230769    159.133  
 0.0    159.267  
 11.2307692308    159.4  
 0.0    159.534  
 10.1538461538    159.667  
 0.0    159.801  
 10.3076923077    159.934  
 0.0    160.067  
 10.4615384615    160.201  
 0.0    160.334  
 10.6153846154    160.468  
 0.0    160.601  
 9.53846153846    160.735  
 0.0    160.868  
 9.69230769231    161.002  
 0.0    161.135  
 9.84615384615    161.268  
 0.0    161.402  
 10.0    161.535  
 0.0    161.669  
 8.92307692308    161.802  
 0.0    161.935  
 9.07692307692    162.069  
 0.0    162.202  
 9.23076923077    162.336  
 0.0    162.469  
 9.38461538462    162.603  
 0.0    162.736  
 8.30769230769    162.869  
 0.0    163.003  
 8.46153846154    163.136  
 0.0    163.27  
 8.61538461538    163.403  
 0.0    163.537  
 8.76923076923    163.67  
 0.0    163.803  
 7.69230769231    163.937  
 0.0    164.07  
 7.84615384615    164.204  
 0.0    164.338  
 8.0    164.471  
 0.0    164.604  
 8.15384615385    164.738  
 0.0    164.871  
 7.07692307692    165.005  
 0.0    165.138  
 7.23076923077    165.271  
 0.0    165.405  
 7.38461538462    165.538  
 0.0    165.672  
 7.53846153846    165.805  
 0.0    165.938  
 6.46153846154    166.072  
 0.0    166.205  
 6.61538461538    166.339  
 0.0    166.472  
 6.76923076923    166.606  
 0.0    166.739  
 6.92307692308    166.872  
 0.0    167.006  
 5.84615384615    167.139  
 0.0    167.273  
 6.0    167.406  
 0.0    167.539  
 6.15384615385    167.674  
 0.0    167.807  
 6.30769230769    167.94  
 0.0    168.073  
 5.23076923077    168.207  
 0.0    168.34  
 5.38461538462    168.474  
 0.0    168.607  
 5.53846153846    168.74  
 0.0    168.874  
 5.69230769231    169.007  
 0.0    169.141  
 4.61538461538    169.274  
 0.0    169.407  
 4.76923076923    169.541  
 0.0    169.674  
 4.92307692308    169.808  
 0.0    169.941  
 5.07692307692    170.075  
 0.0    170.208  
 4.0    170.342  
 0.0    170.475  
 4.15384615385    170.608  
 0.0    170.742  
 4.30769230769    170.875  
 0.0    171.01  
 4.46153846154    171.143  
 0.0    171.287  
 19.3846153846    171.425  
 0.0    171.559  
 19.5384615385    171.693  
 0.0    171.826  
 19.6923076923    171.959  
 0.0    172.092  
 19.8461538462    172.226  
 0.0    172.36  
 18.7692307692    172.493  
 0.0    172.626  
 18.9230769231    172.76  
 0.0    172.893  
 19.0769230769    173.027  
 0.0    173.16  
 19.2307692308    173.294  
 0.0    173.427  
 18.1538461538    173.561  
 0.0    173.694  
 18.3076923077    173.827  
 0.0    173.961  
 18.4615384615    174.094  
 0.0    174.228  
 18.6153846154    174.362  
 0.0    174.495  
 17.5384615385    174.628  
 0.0    174.761  
 17.6923076923    174.895  
 0.0    175.028  
 17.8461538462    175.162  
 0.0    175.295  
 18.0    175.429  
 0.0    175.562  
 16.9230769231    175.695  
 0.0    175.829  
 17.0769230769    175.962  
 0.0    176.096  
 17.2307692308    176.229  
 0.0    176.363  
 17.3846153846    176.496  
 0.0    176.629  
 16.3076923077    176.763  
 0.0    176.896  
 16.4615384615    177.03  
 0.0    177.163  
 16.6153846154    177.297  
 0.0    177.43  
 16.7692307692    177.564  
 0.0    177.698  
 15.6923076923    177.832  
 0.0    177.965  
 15.8461538462    178.098  
 0.0    178.231  
 16.0    178.364  
 0.0    178.497  
 16.1538461538    178.631  
 0.0    178.764  
 15.0769230769    178.898  
 0.0    179.031  
 15.2307692308    179.165  
 0.0    179.298  
 15.3846153846    179.432  
 0.0    179.565  
 15.5384615385    179.698  
 0.0    179.832  
 14.4615384615    179.965  
 0.0    180.099  
 14.6153846154    180.232  
 0.0    180.365  
 14.7692307692    180.499  
 0.0    180.632  
 14.9230769231    180.766  
 0.0    180.9  
 13.8461538462    181.033  
 0.0    181.167  
 14.0    181.301  
 0.0    181.434  
 14.1538461538    181.567  
 0.0    181.7  
 14.3076923077    181.834  
 0.0    181.967  
 13.2307692308    182.1  
 0.0    182.233  
 13.3846153846    182.367  
 0.0    182.5  
 13.5384615385    182.634  
 0.0    182.767  
 13.6923076923    182.901  
 0.0    183.034  
 12.6153846154    183.167  
 0.0    183.301  
 12.7692307692    183.434  
 0.0    183.567  
 12.9230769231    183.701  
 0.0    183.834  
 13.0769230769    183.968  
 0.0    184.101  
 12.0    184.235  
 0.0    184.369  
 12.1538461538    184.502  
 0.0    184.635  
 12.3076923077    184.769  
 0.0    184.902  
 12.4615384615    185.036  
 0.0    185.169  
 11.3846153846    185.302  
 0.0    185.436  
 11.5384615385    185.569  
 0.0    185.703  
 11.6923076923    185.836  
 0.0    185.969  
 11.8461538462    186.103  
 0.0    186.236  
 10.7692307692    186.37  
 0.0    186.503  
 10.9230769231    186.637  
 0.0    186.77  
 11.0769230769    186.904  
 0.0    187.037  
 11.2307692308    187.171  
 0.0    187.304  
 10.1538461538    187.437  
 0.0    187.571  
 10.3076923077    187.705  
 0.0    187.838  
 10.4615384615    187.971  
 0.0    188.104  
 10.6153846154    188.238  
 0.0    188.371  
 9.53846153846    188.505  
 0.0    188.638  
 9.69230769231    188.772  
 0.0    188.905  
 9.84615384615    189.038  
 0.0    189.172  
 10.0    189.305  
 0.0    189.439  
 8.92307692308    189.572  
 0.0    189.705  
 9.07692307692    189.839  
 0.0    189.972  
 9.23076923077    190.106  
 0.0    190.239  
 9.38461538462    190.373  
 0.0    190.506  
 8.30769230769    190.64  
 0.0    190.773  
 8.46153846154    190.907  
 0.0    191.041  
 8.61538461538    191.174  
 0.0    191.307  
 8.76923076923    191.44  
 0.0    191.574  
 7.69230769231    191.707  
 0.0    191.84  
 7.84615384615    191.974  
 0.0    192.107  
 8.0    192.241  
 0.0    192.374  
 8.15384615385    192.508  
 0.0    192.641  
 7.07692307692    192.774  
 0.0    192.908  
 7.23076923077    193.041  
 0.0    193.175  
 7.38461538462    193.308  
 0.0    193.442  
 7.53846153846    193.575  
 0.0    193.709  
 6.46153846154    193.842  
 0.0    193.975  
 6.61538461538    194.109  
 0.0    194.242  
 6.76923076923    194.377  
 0.0    194.51  
 6.92307692308    194.643  
 0.0    194.776  
 5.84615384615    194.909  
 0.0    195.043  
 6.0    195.176  
 0.0    195.31  
 6.15384615385    195.443  
 0.0    195.576  
 6.30769230769    195.71  
 0.0    195.843  
 5.23076923077    195.977  
 0.0    196.11  
 5.38461538462    196.244  
 0.0    196.377  
 5.53846153846    196.51  
 0.0    196.644  
 5.69230769231    196.777  
 0.0    196.911  
 4.61538461538    197.044  
 0.0    197.178  
 4.76923076923    197.311  
 0.0    197.445  
 4.92307692308    197.578  
 0.0    197.712  
 5.07692307692    197.845  
 0.0    197.979  
 4.0    198.112  
 0.0    198.245  
 4.15384615385    198.379  
 0.0    198.512  
 4.30769230769    198.645  
 0.0    198.779  
 4.46153846154    198.912  
 0.0    199.058  
 19.3846153846    199.195  
 0.0    199.329  
 19.5384615385    199.463  
 0.0    199.596  
 19.6923076923    199.73  
 0.0    199.863  
 19.8461538462    199.997  
 0.0    200.13  
 18.7692307692    200.263  
 0.0    200.397  
 18.9230769231    200.53  
 0.0    200.663  
 19.0769230769    200.797  
 0.0    200.93  
 19.2307692308    201.065  
 0.0    201.198  
 18.1538461538    201.331  
 0.0    201.465  
 18.3076923077    201.598  
 0.0    201.731  
 18.4615384615    201.865  
 0.0    201.998  
 18.6153846154    202.131  
 0.0    202.265  
 17.5384615385    202.398  
 0.0    202.532  
 17.6923076923    202.665  
 0.0    202.798  
 17.8461538462    202.932  
 0.0    203.065  
 18.0    203.199  
 0.0    203.332  
 16.9230769231    203.466  
 0.0    203.599  
 17.0769230769    203.732  
 0.0    203.866  
 17.2307692308    203.999  
 0.0    204.133  
 17.3846153846    204.266  
 0.0    204.4  
 16.3076923077    204.533  
 0.0    204.667  
 16.4615384615    204.8  
 0.0    204.934  
 16.6153846154    205.067  
 0.0    205.201  
 16.7692307692    205.334  
 0.0    205.468  
 15.6923076923    205.601  
 0.0    205.734  
 15.8461538462    205.867  
 0.0    206.001  
 16.0    206.134  
 0.0    206.268  
 16.1538461538    206.401  
 0.0    206.534  
 15.0769230769    206.668  
 0.0    206.801  
 15.2307692308    206.935  
 0.0    207.068  
 15.3846153846    207.202  
 0.0    207.335  
 15.5384615385    207.469  
 0.0    207.602  
 14.4615384615    207.736  
 0.0    207.869  
 14.6153846154    208.003  
 0.0    208.136  
 14.7692307692    208.269  
 0.0    208.402  
 14.9230769231    208.536  
 0.0    208.669  
 13.8461538462    208.803  
 0.0    208.936  
 14.0    209.07  
 0.0    209.206  
 14.1538461538    209.339  
 0.0    209.472  
 14.3076923077    209.606  
 0.0    209.739  
 13.2307692308    209.873  
 0.0    210.006  
 13.3846153846    210.139  
 0.0    210.272  
 13.5384615385    210.405  
 0.0    210.538  
 13.6923076923    210.672  
 0.0    210.805  
 12.6153846154    210.938  
 0.0    211.072  
 12.7692307692    211.205  
 0.0    211.338  
 12.9230769231    211.471  
 0.0    211.605  
 13.0769230769    211.738  
 0.0    211.872  
 12.0    212.005  
 0.0    212.139  
 12.1538461538    212.272  
 0.0    212.405  
 12.3076923077    212.539  
 0.0    212.672  
 12.4615384615    212.806  
 0.0    212.939  
 11.3846153846    213.073  
 0.0    213.206  
 11.5384615385    213.339  
 0.0    213.473  
 11.6923076923    213.606  
 0.0    213.74  
 11.8461538462    213.873  
 0.0    214.007  
 10.7692307692    214.14  
 0.0    214.273  
 10.9230769231    214.408  
 0.0    214.541  
 11.0769230769    214.674  
 0.0    214.807  
 11.2307692308    214.941  
 0.0    215.074  
 10.1538461538    215.207  
 0.0    215.341  
 10.3076923077    215.475  
 0.0    215.608  
 10.4615384615    215.741  
 0.0    215.875  
 10.6153846154    216.008  
 0.0    216.141  
 9.53846153846    216.275  
 0.0    216.408  
 9.69230769231    216.542  
 0.0    216.675  
 9.84615384615    216.809  
 0.0    216.942  
 10.0    217.076  
 0.0    217.209  
 8.92307692308    217.342  
 0.0    217.476  
 9.07692307692    217.609  
 0.0    217.743  
 9.23076923077    217.876  
 0.0    218.01  
 9.38461538462    218.143  
 0.0    218.276  
 8.30769230769    218.41  
 0.0    218.543  
 8.46153846154    218.677  
 0.0    218.81  
 8.61538461538    218.943  
 0.0    219.077  
 8.76923076923    219.21  
 0.0    219.344  
 7.69230769231    219.477  
 0.0    219.611  
 7.84615384615    219.744  
 0.0    219.878  
 8.0    220.011  
 0.0    220.144  
 8.15384615385    220.278  
 0.0    220.411  
 7.07692307692    220.545  
 0.0    220.678  
 7.23076923077    220.812  
 0.0    220.945  
 7.38461538462    221.079  
 0.0    221.212  
 7.53846153846    221.346  
 0.0    221.479  
 6.46153846154    221.612  
 0.0    221.746  
 6.61538461538    221.879  
 0.0    222.013  
 6.76923076923    222.146  
 0.0    222.28  
 6.92307692308    222.413  
 0.0    222.547  
 5.84615384615    222.68  
 0.0    222.813  
 6.0    222.947  
 0.0    223.08  
 6.15384615385    223.213  
 0.0    223.346  
 6.30769230769    223.48  
 0.0    223.614  
 5.23076923077    223.747  
 0.0    223.88  
 5.38461538462    224.014  
 0.0    224.147  
 5.53846153846    224.281  
 0.0    224.415  
 5.69230769231    224.548  
 0.0    224.681  
 4.61538461538    224.815  
 0.0    224.948  
 4.76923076923    225.082  
 0.0    225.215  
 4.92307692308    225.349  
 0.0    225.482  
 5.07692307692    225.615  
 0.0    225.749  
 4.0    225.882  
 0.0    226.016  
 4.15384615385    226.149  
 0.0    226.283  
 4.30769230769    226.416  
 0.0    226.549  
 4.46153846154    226.683  
 0.0    226.83  
 19.3846153846    226.965  
 0.0    227.099  
 19.5384615385    227.233  
 0.0    227.366  
 19.6923076923    227.5  
 0.0    227.633  
 19.8461538462    227.768  
 0.0    227.901  
 18.7692307692    228.035  
 0.0    228.168  
 18.9230769231    228.302  
 0.0    228.435  
 19.0769230769    228.569  
 0.0    228.702  
 19.2307692308    228.835  
 0.0    228.968  
 18.1538461538    229.102  
 0.0    229.235  
 18.3076923077    229.369  
 0.0    229.502  
 18.4615384615    229.636  
 0.0    229.769  
 18.6153846154    229.902  
 0.0    230.035  
 17.5384615385    230.168  
 0.0    230.302  
 17.6923076923    230.435  
 0.0    230.569  
 17.8461538462    230.702  
 0.0    230.835  
 18.0    230.969  
 0.0    231.103  
 16.9230769231    231.236  
 0.0    231.37  
 17.0769230769    231.503  
 0.0    231.636  
 17.2307692308    231.77  
 0.0    231.903  
 17.3846153846    232.036  
 0.0    232.17  
 16.3076923077    232.303  
 0.0    232.437  
 16.4615384615    232.57  
 0.0    232.703  
 16.6153846154    232.837  
 0.0    232.97  
 16.7692307692    233.104  
 0.0    233.237  
 15.6923076923    233.371  
 0.0    233.504  
 15.8461538462    233.638  
 0.0    233.771  
 16.0    233.904  
 0.0    234.038  
 16.1538461538    234.171  
 0.0    234.305  
 15.0769230769    234.439  
 0.0    234.572  
 15.2307692308    234.706  
 0.0    234.84  
 15.3846153846    234.973  
 0.0    235.107  
 15.5384615385    235.24  
 0.0    235.373  
 14.4615384615    235.507  
 0.0    235.64  
 14.6153846154    235.773  
 0.0    235.906  
 14.7692307692    236.04  
 0.0    236.173  
 14.9230769231    236.307  
 0.0    236.441  
 13.8461538462    236.574  
 0.0    236.707  
 14.0    236.84  
 0.0    236.974  
 14.1538461538    237.107  
 0.0    237.241  
 14.3076923077    237.374  
 0.0    237.508  
 13.2307692308    237.641  
 0.0    237.775  
 13.3846153846    237.909  
 0.0    238.042  
 13.5384615385    238.175  
 0.0    238.309  
 13.6923076923    238.442  
 0.0    238.576  
 12.6153846154    238.709  
 0.0    238.843  
 12.7692307692    238.976  
 0.0    239.11  
 12.9230769231    239.243  
 0.0    239.377  
 13.0769230769    239.51  
 0.0    239.644  
 12.0    239.777  
 0.0    239.911  
 12.1538461538    240.044  
 0.0    240.177  
 12.3076923077    240.311  
 0.0    240.444  
 12.4615384615    240.577  
 0.0    240.711  
 11.3846153846    240.844  
 0.0    240.978  
 11.5384615385    241.111  
 0.0    241.245  
 11.6923076923    241.379  
 0.0    241.512  
 11.8461538462    241.646  
 0.0    241.779  
 10.7692307692    241.912  
 0.0    242.045  
 10.9230769231    242.178  
 0.0    242.312  
 11.0769230769    242.445  
 0.0    242.578  
 11.2307692308    242.711  
 0.0    242.844  
 10.1538461538    242.978  
 0.0    243.111  
 10.3076923077    243.244  
 0.0    243.378  
 10.4615384615    243.511  
 0.0    243.645  
 10.6153846154    243.778  
 0.0    243.911  
 9.53846153846    244.045  
 0.0    244.178  
 9.69230769231    244.312  
 0.0    244.446  
 9.84615384615    244.579  
 0.0    244.712  
 10.0    244.846  
 0.0    244.979  
 8.92307692308    245.113  
 0.0    245.246  
 9.07692307692    245.38  
 0.0    245.513  
 9.23076923077    245.647  
 0.0    245.78  
 9.38461538462    245.913  
 0.0    246.047  
 8.30769230769    246.18  
 0.0    246.313  
 8.46153846154    246.447  
 0.0    246.58  
 8.61538461538    246.714  
 0.0    246.847  
 8.76923076923    246.98  
 0.0    247.114  
 7.69230769231    247.247  
 0.0    247.381  
 7.84615384615    247.514  
 0.0    247.648  
 8.0    247.782  
 0.0    247.915  
 8.15384615385    248.049  
 0.0    248.182  
 7.07692307692    248.315  
 0.0    248.448  
 7.23076923077    248.582  
 0.0    248.715  
 7.38461538462    248.849  
 0.0    248.982  
 7.53846153846    249.115  
 0.0    249.249  
 6.46153846154    249.382  
 0.0    249.516  
 6.61538461538    249.649  
 0.0    249.783  
 6.76923076923    249.916  
 0.0    250.049  
 6.92307692308    250.183  
 0.0    250.316  
 5.84615384615    250.45  
 0.0    250.583  
 6.0    250.717  
 0.0    250.85  
 6.15384615385    250.983  
 0.0    251.118  
 6.30769230769    251.251  
 0.0    251.384  
 5.23076923077    251.518  
 0.0    251.652  
 5.38461538462    251.785  
 0.0    251.919  
 5.53846153846    252.052  
 0.0    252.186  
 5.69230769231    252.319  
 0.0    252.452  
 4.61538461538    252.586  
 0.0    252.719  
 4.76923076923    252.853  
 0.0    252.986  
 4.92307692308    253.12  
 0.0    253.253  
 5.07692307692    253.386  
 0.0    253.52  
 4.0    253.653  
 0.0    253.787  
 4.15384615385    253.92  
 0.0    254.053  
 4.30769230769    254.187  
 0.0    254.32  
 4.46153846154    254.454  
 0.0    254.601  
 19.3846153846    254.736  
 0.0    254.869  
 19.5384615385    255.003  
 0.0    255.136  
 19.6923076923    255.27  
 0.0    255.403  
 19.8461538462    255.537  
 0.0    255.67  
 18.7692307692    255.804  
 0.0    255.937  
 18.9230769231    256.071  
 0.0    256.204  
 19.0769230769    256.337  
 0.0    256.471  
 19.2307692308    256.604  
 0.0    256.738  
 18.1538461538    256.871  
 0.0    257.004  
 18.3076923077    257.138  
 0.0    257.271  
 18.4615384615    257.405  
 0.0    257.538  
 18.6153846154    257.672  
 0.0    257.806  
 17.5384615385    257.939  
 0.0    258.073  
 17.6923076923    258.206  
 0.0    258.339  
 17.8461538462    258.473  
 0.0    258.606  
 18.0    258.74  
 0.0    258.873  
 16.9230769231    259.006  
 0.0    259.139  
 17.0769230769    259.273  
 0.0    259.406  
 17.2307692308    259.54  
 0.0    259.673  
 17.3846153846    259.807  
 0.0    259.94  
 16.3076923077    260.074  
 0.0    260.207  
 16.4615384615    260.341  
 0.0    260.475  
 16.6153846154    260.608  
 0.0    260.742  
 16.7692307692    260.875  
 0.0    261.009  
 15.6923076923    261.143  
 0.0    261.276  
 15.8461538462    261.409  
 0.0    261.543  
 16.0    261.676  
 0.0    261.809  
 16.1538461538    261.943  
 0.0    262.076  
 15.0769230769    262.21  
 0.0    262.344  
 15.2307692308    262.477  
 0.0    262.61  
 15.3846153846    262.744  
 0.0    262.877  
 15.5384615385    263.011  
 0.0    263.144  
 14.4615384615    263.277  
 0.0    263.41  
 14.6153846154    263.544  
 0.0    263.677  
 14.7692307692    263.81  
 0.0    263.944  
 14.9230769231    264.077  
 0.0    264.21  
 13.8461538462    264.344  
 0.0    264.477  
 14.0    264.611  
 0.0    264.744  
 14.1538461538    264.878  
 0.0    265.011  
 14.3076923077    265.145  
 0.0    265.278  
 13.2307692308    265.412  
 0.0    265.545  
 13.3846153846    265.679  
 0.0    265.813  
 13.5384615385    265.946  
 0.0    266.079  
 13.6923076923    266.213  
 0.0    266.346  
 12.6153846154    266.48  
 0.0    266.613  
 12.7692307692    266.746  
 0.0    266.88  
 12.9230769231    267.013  
 0.0    267.146  
 13.0769230769    267.28  
 0.0    267.413  
 12.0    267.547  
 0.0    267.68  
 12.1538461538    267.813  
 0.0    267.947  
 12.3076923077    268.08  
 0.0    268.213  
 12.4615384615    268.347  
 0.0    268.48  
 11.3846153846    268.613  
 0.0    268.747  
 11.5384615385    268.88  
 0.0    269.014  
 11.6923076923    269.147  
 0.0    269.283  
 11.8461538462    269.416  
 0.0    269.55  
 10.7692307692    269.683  
 0.0    269.816  
 10.9230769231    269.95  
 0.0    270.083  
 11.0769230769    270.216  
 0.0    270.35  
 11.2307692308    270.483  
 0.0    270.616  
 10.1538461538    270.75  
 0.0    270.883  
 10.3076923077    271.017  
 0.0    271.151  
 10.4615384615    271.285  
 0.0    271.419  
 10.6153846154    271.552  
 0.0    271.685  
 9.53846153846    271.818  
 0.0    271.952  
 9.69230769231    272.085  
 0.0    272.218  
 9.84615384615    272.352  
 0.0    272.485  
 10.0    272.619  
 0.0    272.752  
 8.92307692308    272.886  
 0.0    273.02  
 9.07692307692    273.153  
 0.0    273.286  
 9.23076923077    273.42  
 0.0    273.553  
 9.38461538462    273.687  
 0.0    273.82  
 8.30769230769    273.953  
 0.0    274.087  
 8.46153846154    274.22  
 0.0    274.354  
 8.61538461538    274.488  
 0.0    274.621  
 8.76923076923    274.754  
 0.0    274.888  
 7.69230769231    275.021  
 0.0    275.154  
 7.84615384615    275.288  
 0.0    275.421  
 8.0    275.555  
 0.0    275.688  
 8.15384615385    275.822  
 0.0    275.955  
 7.07692307692    276.089  
 0.0    276.222  
 7.23076923077    276.355  
 0.0    276.489  
 7.38461538462    276.622  
 0.0    276.756  
 7.53846153846    276.889  
 0.0    277.022  
 6.46153846154    277.156  
 0.0    277.289  
 6.61538461538    277.423  
 0.0    277.556  
 6.76923076923    277.689  
 0.0    277.823  
 6.92307692308    277.956  
 0.0    278.09  
 5.84615384615    278.223  
 0.0    278.356  
 6.0    278.49  
 0.0    278.623  
 6.15384615385    278.756  
 0.0    278.89  
 6.30769230769    279.023  
 0.0    279.156  
 5.23076923077    279.29  
 0.0    279.423  
 5.38461538462    279.557  
 0.0    279.69  
 5.53846153846    279.824  
 0.0    279.957  
 5.69230769231    280.09  
 0.0    280.224  
 4.61538461538    280.357  
 0.0    280.49  
 4.76923076923    280.624  
 0.0    280.757  
 4.92307692308    280.89  
 0.0    281.024  
 5.07692307692    281.157  
 0.0    281.291  
 4.0    281.424  
 0.0    281.558  
 4.15384615385    281.691  
 0.0    281.824  
 4.30769230769    281.958  
 0.0    282.091  
 4.46153846154    282.224  
 0.0    282.371  
 19.3846153846    282.506  
 0.0    282.64  
 19.5384615385    282.773  
 0.0    282.906  
 19.6923076923    283.04  
 0.0    283.173  
 19.8461538462    283.307  
 0.0    283.44  
 18.7692307692    283.574  
 0.0    283.707  
 18.9230769231    283.841  
 0.0    283.975  
 19.0769230769    284.108  
 0.0    284.242  
 19.2307692308    284.375  
 0.0    284.509  
 18.1538461538    284.642  
 0.0    284.776  
 18.3076923077    284.909  
 0.0    285.043  
 18.4615384615    285.176  
 0.0    285.309  
 18.6153846154    285.443  
 0.0    285.576  
 17.5384615385    285.71  
 0.0    285.843  
 17.6923076923    285.977  
 0.0    286.11  
 17.8461538462    286.243  
 0.0    286.377  
 18.0    286.51  
 0.0    286.644  
 16.9230769231    286.777  
 0.0    286.911  
 17.0769230769    287.044  
 0.0    287.178  
 17.2307692308    287.311  
 0.0    287.445  
 17.3846153846    287.578  
 0.0    287.712  
 16.3076923077    287.846  
 0.0    287.979  
 16.4615384615    288.113  
 0.0    288.246  
 16.6153846154    288.38  
 0.0    288.513  
 16.7692307692    288.647  
 0.0    288.781  
 15.6923076923    288.914  
 0.0    289.048  
 15.8461538462    289.181  
 0.0    289.314  
 16.0    289.448  
 0.0    289.581  
 16.1538461538    289.715  
 0.0    289.848  
 15.0769230769    289.982  
 0.0    290.115  
 15.2307692308    290.25  
 0.0    290.395  
 15.3846153846    290.529  
 0.0    290.662  
 15.5384615385    290.796  
 0.0    290.929  
 14.4615384615    291.063  
 0.0    291.197  
 14.6153846154    291.33  
 0.0    291.463  
 14.7692307692    291.597  
 0.0    291.731  
 14.9230769231    291.865  
 0.0    291.998  
 13.8461538462    292.132  
 0.0    292.266  
 14.0    292.399  
 0.0    292.533  
 14.1538461538    292.666  
 0.0    292.8  
 14.3076923077    292.934  
 0.0    293.067  
 13.2307692308    293.2  
 0.0    293.334  
 13.3846153846    293.467  
 0.0    293.601  
 13.5384615385    293.734  
 0.0    293.867  
 13.6923076923    294.001  
 0.0    294.134  
 12.6153846154    294.268  
 0.0    294.401  
 12.7692307692    294.535  
 0.0    294.668  
 12.9230769231    294.802  
 0.0    294.935  
 13.0769230769    295.069  
 0.0    295.202  
 12.0    295.336  
 0.0    295.469  
 12.1538461538    295.602  
 0.0    295.736  
 12.3076923077    295.87  
 0.0    296.003  
 12.4615384615    296.136  
 0.0    296.27  
 11.3846153846    296.403  
 0.0    296.536  
 11.5384615385    296.67  
 0.0    296.803  
 11.6923076923    296.937  
 0.0    297.07  
 11.8461538462    297.203  
 0.0    297.337  
 10.7692307692    297.47  
 0.0    297.604  
 10.9230769231    297.737  
 0.0    297.871  
 11.0769230769    298.004  
 0.0    298.138  
 11.2307692308    298.271  
 0.0    298.404  
 10.1538461538    298.538  
 0.0    298.671  
 10.3076923077    298.805  
 0.0    298.938  
 10.4615384615    299.071  
 0.0    299.205  
 10.6153846154    299.338  
 0.0    299.472  
 9.53846153846    299.605  
 0.0    299.739  
 9.69230769231    299.872  
 0.0    300.006  
 9.84615384615    300.139  
 0.0    300.273  
 10.0    300.407  
 0.0    300.54  
 8.92307692308    300.673  
 0.0    300.806  
 9.07692307692    300.94  
 0.0    301.073  
 9.23076923077    301.207  
 0.0    301.34  
 9.38461538462    301.474  
 0.0    301.607  
 8.30769230769    301.74  
 0.0    301.874  
 8.46153846154    302.007  
 0.0    302.141  
 8.61538461538    302.274  
 0.0    302.407  
 8.76923076923    302.541  
 0.0    302.674  
 7.69230769231    302.807  
 0.0    302.941  
 7.84615384615    303.075  
 0.0    303.208  
 8.0    303.342  
 0.0    303.475  
 8.15384615385    303.608  
 0.0    303.742  
 7.07692307692    303.875  
 0.0    304.009  
 7.23076923077    304.142  
 0.0    304.275  
 7.38461538462    304.409  
 0.0    304.543  
 7.53846153846    304.676  
 0.0    304.814  
 6.46153846154    304.956  
 0.0    305.089  
 6.61538461538    305.223  
 0.0    305.356  
 6.76923076923    305.49  
 0.0    305.623  
 6.92307692308    305.756  
 0.0    305.89  
 5.84615384615    306.023  
 0.0    306.157  
 6.0    306.29  
 0.0    306.424  
 6.15384615385    306.557  
 0.0    306.69  
 6.30769230769    306.824  
 0.0    306.957  
 5.23076923077    307.091  
 0.0    307.224  
 5.38461538462    307.358  
 0.0    307.492  
 5.53846153846    307.625  
 0.0    307.758  
 5.69230769231    307.892  
 0.0    308.026  
 4.61538461538    308.159  
 0.0    308.292  
 4.76923076923    308.426  
 0.0    308.559  
 4.92307692308    308.693  
 0.0    308.826  
 5.07692307692    308.96  
 0.0    309.093  
 4.0    309.227  
 0.0    309.36  
 4.15384615385    309.494  
 0.0    309.627  
 4.30769230769    309.761  
 0.0    309.894  
 4.46153846154    310.027  
