 [7.2307692307692291, 18.615384615384606, 18.923076923076913, 19.230769230769219]  
 [33.89, 34.424, 35.491, 54.173]  
 [35.091, 35.892]  
 [8.3076923076923048, 9.3846153846153815, 15.230769230769223, 16.769230769230759]  
 [66.464, 68.067, 79.273, 79.54]  
 [80.074]  
 [5.6923076923076916, 9.8461538461538431, 13.076923076923071, 13.999999999999993]  
 [97.987, 100.655, 105.726, 113.464]  
 [98.12, 101.189, 106.259, 113.998]  
 [10.461538461538458, 11.076923076923073, 13.538461538461533, 14.923076923076916]  
 [125.223, 127.091, 131.361, 132.428]  
 [126.158]  
 [4.9230769230769225, 8.6153846153846132, 18.461538461538453, 19.384615384615373]  
 [143.648, 146.322, 163.401, 169.805]  
 [144.322, 146.855, 164.337, 170.473]  
 [4.3076923076923075, 6.3076923076923066, 10.769230769230765, 19.538461538461526]  
 [171.69, 186.368, 195.708, 198.643]  
 [172.491, 186.901, 196.375]  
 [9.3846153846153815, 9.5384615384615348, 15.538461538461531, 18.769230769230759]  
 [200.261, 207.466, 216.273, 218.141]  
 [200.795, 208.001, 217.074, 218.674]  
 [9.6923076923076881, 12.923076923076918, 18.769230769230759, 19.384615384615373]  
 [226.961, 228.033, 239.241, 244.31]  
 [227.631, 228.567, 240.042, 244.844]  
 [6.6153846153846141, 7.5384615384615365, 10.769230769230765, 13.076923076923071]  
 [267.278, 269.681, 276.887, 277.421]  
 [267.812, 270.214, 277.421]  
 [4.615384615384615, 7.6923076923076898, 8.1538461538461515, 12.61538461538461]  
 [294.266, 302.806, 303.606, 308.157]  
 [303.473, 304.407, 308.691]  
