 34.994    34.994  
 0.0    35.01  
 1.0    35.143  
 0.0    35.277  
 4.25    35.411  
 0.0    35.544  
 7.5    35.678  
 0.0    35.811  
 10.75    35.945  
 0.0    36.078  
 14.0    36.212  
 0.0    36.346  
 17.25    36.479  
 0.0    36.613  
 20.5    36.746  
 0.0    36.88  
 23.75    37.013  
 0.0    37.147  
 27.0    37.281  
 0.0    37.414  
 30.25    37.548  
 0.0    37.681  
 33.5    37.815  
 0.0    37.948  
 36.75    38.082  
 0.0    38.216  
 40.0    38.349  
 0.0    38.483  
 43.25    38.616  
 0.0    38.75  
 46.5    38.884  
 0.0    39.017  
 49.75    39.151  
 0.0    39.284  
 53.0    39.418  
 0.0    39.551  
 56.25    39.685  
 0.0    39.819  
 59.5    39.952  
 0.0    40.086  
 62.75    40.219  
 0.0    40.353  
 66.0    40.487  
 0.0    40.62  
 69.25    40.754  
 0.0    40.887  
 72.5    41.021  
 0.0    41.154  
 75.75    41.288  
 0.0    41.422  
 79.0    41.555  
 0.0    41.689  
 82.25    41.822  
 0.0    41.956  
 85.5    42.089  
 0.0    42.223  
 88.75    42.357  
 0.0    42.49  
 92.0    42.624  
 0.0    42.757  
 95.25    42.891  
 0.0    43.025  
 98.5    43.158  
 0.0    43.292  
 101.75    43.425  
 0.0    43.559  
 105.0    43.692  
 0.0    43.826  
 108.25    43.96  
 0.0    44.093  
 111.5    44.227  
 0.0    44.36  
 114.75    44.494  
 0.0    44.628  
 118.0    44.761  
 0.0    44.895  
 121.25    45.028  
 0.0    45.162  
 124.5    45.295  
 0.0    45.429  
 127.75    45.563  
 0.0    45.696  
 131.0    45.83  
 0.0    45.963  
 134.25    46.097  
 0.0    46.23  
 137.5    46.364  
 0.0    46.498  
 140.75    46.631  
 0.0    46.765  
 144.0    46.898  
 0.0    47.032  
 147.25    47.166  
 0.0    47.299  
 150.5    47.433  
 0.0    47.566  
 153.75    47.7  
 0.0    47.834  
 157.0    47.967  
 0.0    48.1  
 160.25    48.234  
 0.0    48.368  
 163.5    48.501  
 0.0    48.635  
 166.75    48.768  
 0.0    48.902  
 170.0    49.036  
 0.0    49.169  
 173.25    49.303  
 0.0    49.436  
 176.5    49.57  
 0.0    49.704  
 179.75    49.837  
 0.0    49.971  
 183.0    50.104  
 0.0    50.238  
 186.25    50.371  
 0.0    50.505  
 189.5    50.639  
 0.0    50.772  
 192.75    50.906  
 0.0    51.039  
 196.0    51.173  
 0.0    51.306  
 199.25    51.44  
 0.0    51.574  
 202.5    51.707  
 0.0    51.841  
 205.75    51.974  
 0.0    52.108  
 209.0    52.241  
 0.0    52.375  
 212.25    52.509  
 0.0    52.642  
 215.5    52.776  
 0.0    52.909  
 218.75    53.043  
 0.0    53.177  
 222.0    53.31  
 0.0    53.444  
 225.25    53.577  
 0.0    53.711  
 228.5    53.844  
 0.0    53.978  
 231.75    54.112  
 0.0    54.245  
 235.0    54.379  
 0.0    54.512  
 238.25    54.646  
 0.0    54.78  
 241.5    54.913  
 0.0    55.047  
 244.75    55.18  
 0.0    55.314  
 248.0    55.447  
 0.0    55.581  
 251.25    55.715  
 0.0    55.848  
 254.5    55.982  
 0.0    56.115  
 257.75    56.249  
 0.0    56.382  
 261.0    56.516  
 0.0    56.65  
 264.25    56.783  
 0.0    56.917  
 267.5    57.05  
 0.0    57.184  
 270.75    57.318  
 0.0    57.451  
 274.0    57.585  
 0.0    57.718  
 277.25    57.852  
 0.0    57.985  
 280.5    58.119  
 0.0    58.253  
 283.75    58.386  
 0.0    58.52  
 287.0    58.653  
 0.0    58.787  
 290.25    58.92  
 0.0    59.054  
 293.5    59.188  
 0.0    59.321  
 296.75    59.455  
 0.0    59.588  
 300.0    59.722  
 0.0    59.855  
 303.25    59.989  
 0.0    60.123  
 306.5    60.256  
 0.0    60.39  
 309.75    60.523  
 0.0    60.657  
 313.0    60.79  
 0.0    60.924  
 316.25    61.058  
 0.0    61.191  
 319.5    61.325  
 0.0    61.458  
 322.75    61.592  
 0.0    61.725  
 326.0    61.859  
 0.0    61.993  
 329.25    62.126  
 0.0    62.26  
 332.5    62.393  
 0.0    62.527  
 335.75    62.661  
 0.0    62.794  
 339.0    62.928  
 0.0    63.061  
 342.25    63.195  
 0.0    63.329  
 345.5    63.462  
 0.0    63.596  
 348.75    63.729  
 0.0    63.865  
 1.0    63.996  
 0.0    64.13  
 4.25    64.264  
 0.0    64.397  
 7.5    64.531  
 0.0    64.664  
 10.75    64.798  
 0.0    64.931  
 14.0    65.065  
 0.0    65.199  
 17.25    65.332  
 0.0    65.466  
 20.5    65.599  
 0.0    65.733  
 23.75    65.867  
 0.0    66.0  
 27.0    66.134  
 0.0    66.267  
 30.25    66.401  
 0.0    66.534  
 33.5    66.668  
 0.0    66.802  
 36.75    66.935  
 0.0    67.069  
 40.0    67.202  
 0.0    67.336  
 43.25    67.469  
 0.0    67.603  
 46.5    67.737  
 0.0    67.87  
 49.75    68.004  
 0.0    68.137  
 53.0    68.271  
 0.0    68.405  
 56.25    68.538  
 0.0    68.672  
 59.5    68.805  
 0.0    68.939  
 62.75    69.072  
 0.0    69.206  
 66.0    69.34  
 0.0    69.473  
 69.25    69.607  
 0.0    69.74  
 72.5    69.874  
 0.0    70.008  
 75.75    70.142  
 0.0    70.275  
 79.0    70.408  
 0.0    70.542  
 82.25    70.675  
 0.0    70.809  
 85.5    70.943  
 0.0    71.076  
 88.75    71.21  
 0.0    71.343  
 92.0    71.477  
 0.0    71.61  
 95.25    71.744  
 0.0    71.878  
 98.5    72.011  
 0.0    72.145  
 101.75    72.278  
 0.0    72.412  
 105.0    72.545  
 0.0    72.679  
 108.25    72.813  
 0.0    72.946  
 111.5    73.08  
 0.0    73.213  
 114.75    73.347  
 0.0    73.48  
 118.0    73.614  
 0.0    73.748  
 121.25    73.881  
 0.0    74.015  
 124.5    74.148  
 0.0    74.282  
 127.75    74.416  
 0.0    74.549  
 131.0    74.683  
 0.0    74.817  
 134.25    74.95  
 0.0    75.083  
 137.5    75.217  
 0.0    75.351  
 140.75    75.484  
 0.0    75.618  
 144.0    75.751  
 0.0    75.885  
 147.25    76.019  
 0.0    76.152  
 150.5    76.286  
 0.0    76.419  
 153.75    76.553  
 0.0    76.686  
 157.0    76.82  
 0.0    76.954  
 160.25    77.087  
 0.0    77.221  
 163.5    77.354  
 0.0    77.488  
 166.75    77.621  
 0.0    77.755  
 170.0    77.889  
 0.0    78.022  
 173.25    78.156  
 0.0    78.289  
 176.5    78.423  
 0.0    78.557  
 179.75    78.69  
 0.0    78.824  
 183.0    78.957  
 0.0    79.091  
 186.25    79.224  
 0.0    79.358  
 189.5    79.491  
 0.0    79.625  
 192.75    79.759  
 0.0    79.892  
 196.0    80.026  
 0.0    80.159  
 199.25    80.293  
 0.0    80.427  
 202.5    80.56  
 0.0    80.694  
 205.75    80.827  
 0.0    80.961  
 209.0    81.095  
 0.0    81.228  
 212.25    81.362  
 0.0    81.495  
 215.5    81.629  
 0.0    81.762  
 218.75    81.896  
 0.0    82.03  
 222.0    82.163  
 0.0    82.297  
 225.25    82.43  
 0.0    82.564  
 228.5    82.697  
 0.0    82.831  
 231.75    82.965  
 0.0    83.098  
 235.0    83.232  
 0.0    83.365  
 238.25    83.499  
 0.0    83.632  
 241.5    83.766  
 0.0    83.9  
 244.75    84.033  
 0.0    84.167  
 248.0    84.3  
 0.0    84.434  
 251.25    84.568  
 0.0    84.701  
 254.5    84.835  
 0.0    84.968  
 257.75    85.102  
 0.0    85.236  
 261.0    85.369  
 0.0    85.503  
 264.25    85.636  
 0.0    85.77  
 267.5    85.903  
 0.0    86.037  
 270.75    86.17  
 0.0    86.304  
 274.0    86.438  
 0.0    86.571  
 277.25    86.705  
 0.0    86.838  
 280.5    86.972  
 0.0    87.105  
 283.75    87.239  
 0.0    87.373  
 287.0    87.506  
 0.0    87.64  
 290.25    87.773  
 0.0    87.907  
 293.5    88.041  
 0.0    88.174  
 296.75    88.308  
 0.0    88.441  
 300.0    88.575  
 0.0    88.709  
 303.25    88.842  
 0.0    88.976  
 306.5    89.109  
 0.0    89.243  
 309.75    89.376  
 0.0    89.51  
 313.0    89.644  
 0.0    89.777  
 316.25    89.911  
 0.0    90.044  
 319.5    90.178  
 0.0    90.311  
 322.75    90.445  
 0.0    90.579  
 326.0    90.712  
 0.0    90.846  
 329.25    90.979  
 0.0    91.113  
 332.5    91.247  
 0.0    91.38  
 335.75    91.514  
 0.0    91.647  
 339.0    91.781  
 0.0    91.914  
 342.25    92.048  
 0.0    92.182  
 345.5    92.315  
 0.0    92.449  
 348.75    92.582  
 0.0    92.719  
 1.0    92.849  
 0.0    92.983  
 4.25    93.117  
 0.0    93.25  
 7.5    93.384  
 0.0    93.517  
 10.75    93.651  
 0.0    93.785  
 14.0    93.918  
 0.0    94.052  
 17.25    94.185  
 0.0    94.319  
 20.5    94.452  
 0.0    94.586  
 23.75    94.72  
 0.0    94.853  
 27.0    94.987  
 0.0    95.12  
 30.25    95.254  
 0.0    95.387  
 33.5    95.521  
 0.0    95.655  
 36.75    95.788  
 0.0    95.922  
 40.0    96.055  
 0.0    96.189  
 43.25    96.323  
 0.0    96.456  
 46.5    96.59  
 0.0    96.723  
 49.75    96.857  
 0.0    96.99  
 53.0    97.124  
 0.0    97.258  
 56.25    97.391  
 0.0    97.525  
 59.5    97.658  
 0.0    97.792  
 62.75    97.925  
 0.0    98.059  
 66.0    98.193  
 0.0    98.326  
 69.25    98.46  
 0.0    98.593  
 72.5    98.727  
 0.0    98.86  
 75.75    98.994  
 0.0    99.128  
 79.0    99.261  
 0.0    99.395  
 82.25    99.528  
 0.0    99.662  
 85.5    99.796  
 0.0    99.929  
 88.75    100.063  
 0.0    100.196  
 92.0    100.33  
 0.0    100.463  
 95.25    100.597  
 0.0    100.731  
 98.5    100.864  
 0.0    100.998  
 101.75    101.131  
 0.0    101.265  
 105.0    101.399  
 0.0    101.532  
 108.25    101.666  
 0.0    101.799  
 111.5    101.933  
 0.0    102.066  
 114.75    102.2  
 0.0    102.334  
 118.0    102.467  
 0.0    102.601  
 121.25    102.734  
 0.0    102.868  
 124.5    103.001  
 0.0    103.135  
 127.75    103.269  
 0.0    103.402  
 131.0    103.536  
 0.0    103.669  
 134.25    103.803  
 0.0    103.936  
 137.5    104.07  
 0.0    104.204  
 140.75    104.337  
 0.0    104.471  
 144.0    104.604  
 0.0    104.738  
 147.25    104.872  
 0.0    105.005  
 150.5    105.139  
 0.0    105.272  
 153.75    105.406  
 0.0    105.539  
 157.0    105.673  
 0.0    105.807  
 160.25    105.94  
 0.0    106.074  
 163.5    106.207  
 0.0    106.341  
 166.75    106.474  
 0.0    106.608  
 170.0    106.742  
 0.0    106.875  
 173.25    107.009  
 0.0    107.142  
 176.5    107.276  
 0.0    107.41  
 179.75    107.543  
 0.0    107.677  
 183.0    107.81  
 0.0    107.944  
 186.25    108.077  
 0.0    108.211  
 189.5    108.345  
 0.0    108.478  
 192.75    108.612  
 0.0    108.745  
 196.0    108.879  
 0.0    109.012  
 199.25    109.146  
 0.0    109.28  
 202.5    109.413  
 0.0    109.547  
 205.75    109.68  
 0.0    109.814  
 209.0    109.948  
 0.0    110.081  
 212.25    110.215  
 0.0    110.348  
 215.5    110.482  
 0.0    110.615  
 218.75    110.749  
 0.0    110.883  
 222.0    111.016  
 0.0    111.15  
 225.25    111.283  
 0.0    111.417  
 228.5    111.55  
 0.0    111.684  
 231.75    111.818  
 0.0    111.951  
 235.0    112.085  
 0.0    112.218  
 238.25    112.352  
 0.0    112.486  
 241.5    112.619  
 0.0    112.753  
 244.75    112.886  
 0.0    113.02  
 248.0    113.153  
 0.0    113.287  
 251.25    113.421  
 0.0    113.554  
 254.5    113.688  
 0.0    113.821  
 257.75    113.955  
 0.0    114.088  
 261.0    114.222  
 0.0    114.356  
 264.25    114.489  
 0.0    114.623  
 267.5    114.756  
 0.0    114.89  
 270.75    115.023  
 0.0    115.157  
 274.0    115.291  
 0.0    115.424  
 277.25    115.558  
 0.0    115.691  
 280.5    115.825  
 0.0    115.959  
 283.75    116.092  
 0.0    116.226  
 287.0    116.359  
 0.0    116.493  
 290.25    116.626  
 0.0    116.76  
 293.5    116.894  
 0.0    117.027  
 296.75    117.161  
 0.0    117.294  
 300.0    117.428  
 0.0    117.562  
 303.25    117.695  
 0.0    117.829  
 306.5    117.962  
 0.0    118.096  
 309.75    118.229  
 0.0    118.363  
 313.0    118.497  
 0.0    118.63  
 316.25    118.764  
 0.0    118.897  
 319.5    119.031  
 0.0    119.164  
 322.75    119.298  
 0.0    119.432  
 326.0    119.565  
 0.0    119.699  
 329.25    119.832  
 0.0    119.966  
 332.5    120.1  
 0.0    120.233  
 335.75    120.367  
 0.0    120.5  
 339.0    120.634  
 0.0    120.767  
 342.25    120.901  
 0.0    121.035  
 345.5    121.168  
 0.0    121.302  
 348.75    121.435  
 0.0    121.575  
 1.0    121.704  
 0.0    121.836  
 4.25    121.97  
 0.0    122.103  
 7.5    122.237  
 0.0    122.37  
 10.75    122.504  
 0.0    122.637  
 14.0    122.771  
 0.0    122.905  
 17.25    123.038  
 0.0    123.172  
 20.5    123.305  
 0.0    123.439  
 23.75    123.573  
 0.0    123.706  
 27.0    123.84  
 0.0    123.973  
 30.25    124.107  
 0.0    124.24  
 33.5    124.374  
 0.0    124.508  
 36.75    124.641  
 0.0    124.775  
 40.0    124.908  
 0.0    125.042  
 43.25    125.175  
 0.0    125.31  
 46.5    125.443  
 0.0    125.576  
 49.75    125.71  
 0.0    125.843  
 53.0    125.977  
 0.0    126.11  
 56.25    126.244  
 0.0    126.378  
 59.5    126.511  
 0.0    126.645  
 62.75    126.778  
 0.0    126.912  
 66.0    127.046  
 0.0    127.179  
 69.25    127.313  
 0.0    127.446  
 72.5    127.58  
 0.0    127.714  
 75.75    127.847  
 0.0    127.981  
 79.0    128.114  
 0.0    128.248  
 82.25    128.381  
 0.0    128.515  
 85.5    128.649  
 0.0    128.782  
 88.75    128.916  
 0.0    129.049  
 92.0    129.183  
 0.0    129.316  
 95.25    129.45  
 0.0    129.584  
 98.5    129.717  
 0.0    129.851  
 101.75    129.984  
 0.0    130.118  
 105.0    130.252  
 0.0    130.385  
 108.25    130.519  
 0.0    130.652  
 111.5    130.786  
 0.0    130.919  
 114.75    131.053  
 0.0    131.186  
 118.0    131.321  
 0.0    131.454  
 121.25    131.587  
 0.0    131.721  
 124.5    131.854  
 0.0    131.988  
 127.75    132.122  
 0.0    132.255  
 131.0    132.389  
 0.0    132.522  
 134.25    132.656  
 0.0    132.789  
 137.5    132.923  
 0.0    133.057  
 140.75    133.19  
 0.0    133.324  
 144.0    133.457  
 0.0    133.591  
 147.25    133.725  
 0.0    133.858  
 150.5    133.992  
 0.0    134.125  
 153.75    134.259  
 0.0    134.392  
 157.0    134.526  
 0.0    134.66  
 160.25    134.793  
 0.0    134.927  
 163.5    135.06  
 0.0    135.194  
 166.75    135.327  
 0.0    135.461  
 170.0    135.595  
 0.0    135.728  
 173.25    135.862  
 0.0    135.995  
 176.5    136.13  
 0.0    136.263  
 179.75    136.396  
 0.0    136.53  
 183.0    136.663  
 0.0    136.797  
 186.25    136.93  
 0.0    137.064  
 189.5    137.198  
 0.0    137.331  
 192.75    137.465  
 0.0    137.598  
 196.0    137.732  
 0.0    137.866  
 199.25    137.999  
 0.0    138.133  
 202.5    138.266  
 0.0    138.4  
 205.75    138.533  
 0.0    138.667  
 209.0    138.8  
 0.0    138.934  
 212.25    139.068  
 0.0    139.201  
 215.5    139.335  
 0.0    139.468  
 218.75    139.602  
 0.0    139.736  
 222.0    139.869  
 0.0    140.003  
 225.25    140.136  
 0.0    140.27  
 228.5    140.404  
 0.0    140.537  
 231.75    140.671  
 0.0    140.804  
 235.0    140.938  
 0.0    141.071  
 238.25    141.205  
 0.0    141.339  
 241.5    141.472  
 0.0    141.606  
 244.75    141.739  
 0.0    141.873  
 248.0    142.006  
 0.0    142.14  
 251.25    142.274  
 0.0    142.407  
 254.5    142.541  
 0.0    142.674  
 257.75    142.808  
 0.0    142.941  
 261.0    143.075  
 0.0    143.209  
 264.25    143.342  
 0.0    143.476  
 267.5    143.609  
 0.0    143.743  
 270.75    143.877  
 0.0    144.011  
 274.0    144.144  
 0.0    144.277  
 277.25    144.411  
 0.0    144.544  
 280.5    144.678  
 0.0    144.812  
 283.75    144.945  
 0.0    145.079  
 287.0    145.213  
 0.0    145.346  
 290.25    145.479  
 0.0    145.613  
 293.5    145.747  
 0.0    145.88  
 296.75    146.014  
 0.0    146.148  
 300.0    146.281  
 0.0    146.414  
 303.25    146.548  
 0.0    146.682  
 306.5    146.815  
 0.0    146.949  
 309.75    147.082  
 0.0    147.216  
 313.0    147.35  
 0.0    147.483  
 316.25    147.617  
 0.0    147.75  
 319.5    147.884  
 0.0    148.017  
 322.75    148.151  
 0.0    148.285  
 326.0    148.418  
 0.0    148.552  
 329.25    148.685  
 0.0    148.819  
 332.5    148.953  
 0.0    149.086  
 335.75    149.22  
 0.0    149.353  
 339.0    149.487  
 0.0    149.62  
 342.25    149.754  
 0.0    149.888  
 345.5    150.021  
 0.0    150.155  
 348.75    150.288  
 0.0    150.427  
 1.0    150.555  
 0.0    150.689  
 4.25    150.823  
 0.0    150.956  
 7.5    151.09  
 0.0    151.223  
 10.75    151.357  
 0.0    151.49  
 14.0    151.624  
 0.0    151.758  
 17.25    151.891  
 0.0    152.025  
 20.5    152.158  
 0.0    152.292  
 23.75    152.425  
 0.0    152.559  
 27.0    152.693  
 0.0    152.826  
 30.25    152.96  
 0.0    153.094  
 33.5    153.227  
 0.0    153.361  
 36.75    153.494  
 0.0    153.628  
 40.0    153.761  
 0.0    153.895  
 43.25    154.029  
 0.0    154.162  
 46.5    154.296  
 0.0    154.429  
 49.75    154.563  
 0.0    154.696  
 53.0    154.83  
 0.0    154.964  
 56.25    155.097  
 0.0    155.231  
 59.5    155.364  
 0.0    155.498  
 62.75    155.631  
 0.0    155.765  
 66.0    155.899  
 0.0    156.032  
 69.25    156.166  
 0.0    156.299  
 72.5    156.433  
 0.0    156.566  
 75.75    156.7  
 0.0    156.834  
 79.0    156.967  
 0.0    157.101  
 82.25    157.234  
 0.0    157.368  
 85.5    157.502  
 0.0    157.635  
 88.75    157.769  
 0.0    157.902  
 92.0    158.036  
 0.0    158.169  
 95.25    158.303  
 0.0    158.437  
 98.5    158.57  
 0.0    158.704  
 101.75    158.837  
 0.0    158.971  
 105.0    159.105  
 0.0    159.238  
 108.25    159.372  
 0.0    159.505  
 111.5    159.639  
 0.0    159.772  
 114.75    159.906  
 0.0    160.039  
 118.0    160.173  
 0.0    160.307  
 121.25    160.44  
 0.0    160.574  
 124.5    160.707  
 0.0    160.841  
 127.75    160.975  
 0.0    161.108  
 131.0    161.242  
 0.0    161.375  
 134.25    161.509  
 0.0    161.642  
 137.5    161.776  
 0.0    161.91  
 140.75    162.043  
 0.0    162.177  
 144.0    162.31  
 0.0    162.444  
 147.25    162.578  
 0.0    162.711  
 150.5    162.845  
 0.0    162.978  
 153.75    163.112  
 0.0    163.245  
 157.0    163.379  
 0.0    163.513  
 160.25    163.646  
 0.0    163.78  
 163.5    163.913  
 0.0    164.047  
 166.75    164.181  
 0.0    164.314  
 170.0    164.448  
 0.0    164.581  
 173.25    164.715  
 0.0    164.848  
 176.5    164.982  
 0.0    165.116  
 179.75    165.249  
 0.0    165.383  
 183.0    165.516  
 0.0    165.65  
 186.25    165.783  
 0.0    165.917  
 189.5    166.051  
 0.0    166.184  
 192.75    166.318  
 0.0    166.451  
 196.0    166.585  
 0.0    166.719  
 199.25    166.852  
 0.0    166.986  
 202.5    167.119  
 0.0    167.253  
 205.75    167.386  
 0.0    167.52  
 209.0    167.654  
 0.0    167.787  
 212.25    167.921  
 0.0    168.054  
 215.5    168.188  
 0.0    168.321  
 218.75    168.455  
 0.0    168.589  
 222.0    168.722  
 0.0    168.856  
 225.25    168.99  
 0.0    169.123  
 228.5    169.256  
 0.0    169.39  
 231.75    169.524  
 0.0    169.657  
 235.0    169.791  
 0.0    169.924  
 238.25    170.058  
 0.0    170.192  
 241.5    170.325  
 0.0    170.459  
 244.75    170.592  
 0.0    170.726  
 248.0    170.859  
 0.0    170.993  
 251.25    171.127  
 0.0    171.26  
 254.5    171.394  
 0.0    171.527  
 257.75    171.661  
 0.0    171.794  
 261.0    171.928  
 0.0    172.062  
 264.25    172.195  
 0.0    172.329  
 267.5    172.462  
 0.0    172.596  
 270.75    172.73  
 0.0    172.863  
 274.0    172.997  
 0.0    173.13  
 277.25    173.264  
 0.0    173.397  
 280.5    173.531  
 0.0    173.665  
 283.75    173.798  
 0.0    173.932  
 287.0    174.065  
 0.0    174.199  
 290.25    174.332  
 0.0    174.466  
 293.5    174.6  
 0.0    174.733  
 296.75    174.867  
 0.0    175.0  
 300.0    175.134  
 0.0    175.268  
 303.25    175.401  
 0.0    175.535  
 306.5    175.668  
 0.0    175.802  
 309.75    175.935  
 0.0    176.069  
 313.0    176.203  
 0.0    176.336  
 316.25    176.47  
 0.0    176.603  
 319.5    176.737  
 0.0    176.87  
 322.75    177.004  
 0.0    177.138  
 326.0    177.271  
 0.0    177.405  
 329.25    177.538  
 0.0    177.672  
 332.5    177.805  
 0.0    177.939  
 335.75    178.073  
 0.0    178.206  
 339.0    178.34  
 0.0    178.473  
 342.25    178.607  
 0.0    178.741  
 345.5    178.874  
 0.0    179.008  
 348.75    179.141  
 0.0    179.28  
 1.0    179.408  
 0.0    179.542  
 4.25    179.676  
 0.0    179.809  
 7.5    179.943  
 0.0    180.076  
 10.75    180.21  
 0.0    180.344  
 14.0    180.477  
 0.0    180.611  
 17.25    180.744  
 0.0    180.878  
 20.5    181.011  
 0.0    181.145  
 23.75    181.279  
 0.0    181.412  
 27.0    181.546  
 0.0    181.679  
 30.25    181.813  
 0.0    181.947  
 33.5    182.08  
 0.0    182.214  
 36.75    182.347  
 0.0    182.481  
 40.0    182.614  
 0.0    182.748  
 43.25    182.882  
 0.0    183.015  
 46.5    183.149  
 0.0    183.282  
 49.75    183.416  
 0.0    183.549  
 53.0    183.683  
 0.0    183.817  
 56.25    183.95  
 0.0    184.084  
 59.5    184.217  
 0.0    184.351  
 62.75    184.484  
 0.0    184.618  
 66.0    184.752  
 0.0    184.885  
 69.25    185.019  
 0.0    185.152  
 72.5    185.286  
 0.0    185.42  
 75.75    185.553  
 0.0    185.687  
 79.0    185.82  
 0.0    185.954  
 82.25    186.087  
 0.0    186.221  
 85.5    186.355  
 0.0    186.488  
 88.75    186.622  
 0.0    186.755  
 92.0    186.889  
 0.0    187.022  
 95.25    187.156  
 0.0    187.29  
 98.5    187.423  
 0.0    187.557  
 101.75    187.69  
 0.0    187.824  
 105.0    187.958  
 0.0    188.091  
 108.25    188.225  
 0.0    188.358  
 111.5    188.492  
 0.0    188.625  
 114.75    188.759  
 0.0    188.893  
 118.0    189.026  
 0.0    189.16  
 121.25    189.293  
 0.0    189.427  
 124.5    189.561  
 0.0    189.694  
 127.75    189.828  
 0.0    189.962  
 131.0    190.095  
 0.0    190.228  
 134.25    190.362  
 0.0    190.495  
 137.5    190.629  
 0.0    190.763  
 140.75    190.896  
 0.0    191.03  
 144.0    191.163  
 0.0    191.297  
 147.25    191.431  
 0.0    191.564  
 150.5    191.698  
 0.0    191.831  
 153.75    191.965  
 0.0    192.099  
 157.0    192.232  
 0.0    192.366  
 160.25    192.499  
 0.0    192.633  
 163.5    192.766  
 0.0    192.9  
 166.75    193.033  
 0.0    193.167  
 170.0    193.301  
 0.0    193.434  
 173.25    193.568  
 0.0    193.701  
 176.5    193.835  
 0.0    193.969  
 179.75    194.102  
 0.0    194.236  
 183.0    194.369  
 0.0    194.503  
 186.25    194.636  
 0.0    194.77  
 189.5    194.904  
 0.0    195.037  
 192.75    195.171  
 0.0    195.304  
 196.0    195.438  
 0.0    195.572  
 199.25    195.705  
 0.0    195.839  
 202.5    195.972  
 0.0    196.106  
 205.75    196.239  
 0.0    196.373  
 209.0    196.507  
 0.0    196.64  
 212.25    196.774  
 0.0    196.907  
 215.5    197.041  
 0.0    197.174  
 218.75    197.308  
 0.0    197.442  
 222.0    197.575  
 0.0    197.709  
 225.25    197.842  
 0.0    197.976  
 228.5    198.11  
 0.0    198.243  
 231.75    198.377  
 0.0    198.51  
 235.0    198.644  
 0.0    198.777  
 238.25    198.911  
 0.0    199.045  
 241.5    199.178  
 0.0    199.312  
 244.75    199.445  
 0.0    199.579  
 248.0    199.712  
 0.0    199.846  
 251.25    199.98  
 0.0    200.113  
 254.5    200.247  
 0.0    200.38  
 257.75    200.514  
 0.0    200.648  
 261.0    200.781  
 0.0    200.915  
 264.25    201.048  
 0.0    201.182  
 267.5    201.315  
 0.0    201.449  
 270.75    201.583  
 0.0    201.716  
 274.0    201.85  
 0.0    201.983  
 277.25    202.117  
 0.0    202.25  
 280.5    202.384  
 0.0    202.518  
 283.75    202.651  
 0.0    202.785  
 287.0    202.918  
 0.0    203.052  
 290.25    203.186  
 0.0    203.319  
 293.5    203.453  
 0.0    203.586  
 296.75    203.72  
 0.0    203.853  
 300.0    203.987  
 0.0    204.121  
 303.25    204.254  
 0.0    204.388  
 306.5    204.521  
 0.0    204.655  
 309.75    204.788  
 0.0    204.922  
 313.0    205.056  
 0.0    205.189  
 316.25    205.323  
 0.0    205.456  
 319.5    205.59  
 0.0    205.723  
 322.75    205.857  
 0.0    205.991  
 326.0    206.124  
 0.0    206.258  
 329.25    206.391  
 0.0    206.525  
 332.5    206.659  
 0.0    206.792  
 335.75    206.926  
 0.0    207.059  
 339.0    207.193  
 0.0    207.326  
 342.25    207.46  
 0.0    207.594  
 345.5    207.727  
 0.0    207.861  
 348.75    207.994  
 0.0    208.134  
 1.0    208.263  
 0.0    208.395  
 4.25    208.529  
 0.0    208.662  
 7.5    208.796  
 0.0    208.929  
 10.75    209.063  
 0.0    209.197  
 14.0    209.33  
 0.0    209.464  
 17.25    209.597  
 0.0    209.731  
 20.5    209.864  
 0.0    209.998  
 23.75    210.132  
 0.0    210.265  
 27.0    210.399  
 0.0    210.532  
 30.25    210.666  
 0.0    210.8  
 33.5    210.933  
 0.0    211.067  
 36.75    211.2  
 0.0    211.334  
 40.0    211.467  
 0.0    211.601  
 43.25    211.735  
 0.0    211.868  
 46.5    212.002  
 0.0    212.135  
 49.75    212.269  
 0.0    212.402  
 53.0    212.536  
 0.0    212.67  
 56.25    212.803  
 0.0    212.937  
 59.5    213.07  
 0.0    213.204  
 62.75    213.337  
 0.0    213.471  
 66.0    213.605  
 0.0    213.738  
 69.25    213.872  
 0.0    214.005  
 72.5    214.139  
 0.0    214.272  
 75.75    214.406  
 0.0    214.54  
 79.0    214.673  
 0.0    214.807  
 82.25    214.94  
 0.0    215.074  
 85.5    215.208  
 0.0    215.341  
 88.75    215.475  
 0.0    215.608  
 92.0    215.742  
 0.0    215.875  
 95.25    216.009  
 0.0    216.143  
 98.5    216.276  
 0.0    216.41  
 101.75    216.543  
 0.0    216.677  
 105.0    216.811  
 0.0    216.944  
 108.25    217.078  
 0.0    217.211  
 111.5    217.345  
 0.0    217.478  
 114.75    217.612  
 0.0    217.746  
 118.0    217.879  
 0.0    218.013  
 121.25    218.146  
 0.0    218.28  
 124.5    218.413  
 0.0    218.547  
 127.75    218.681  
 0.0    218.814  
 131.0    218.948  
 0.0    219.081  
 134.25    219.215  
 0.0    219.349  
 137.5    219.482  
 0.0    219.616  
 140.75    219.749  
 0.0    219.883  
 144.0    220.016  
 0.0    220.15  
 147.25    220.284  
 0.0    220.417  
 150.5    220.551  
 0.0    220.684  
 153.75    220.818  
 0.0    220.951  
 157.0    221.085  
 0.0    221.219  
 160.25    221.352  
 0.0    221.486  
 163.5    221.619  
 0.0    221.753  
 166.75    221.887  
 0.0    222.02  
 170.0    222.154  
 0.0    222.287  
 173.25    222.421  
 0.0    222.554  
 176.5    222.688  
 0.0    222.822  
 179.75    222.955  
 0.0    223.089  
 183.0    223.222  
 0.0    223.356  
 186.25    223.49  
 0.0    223.624  
 189.5    223.757  
 0.0    223.89  
 192.75    224.024  
 0.0    224.157  
 196.0    224.291  
 0.0    224.424  
 199.25    224.558  
 0.0    224.692  
 202.5    224.825  
 0.0    224.959  
 205.75    225.092  
 0.0    225.226  
 209.0    225.36  
 0.0    225.493  
 212.25    225.627  
 0.0    225.76  
 215.5    225.894  
 0.0    226.028  
 218.75    226.161  
 0.0    226.295  
 222.0    226.428  
 0.0    226.562  
 225.25    226.695  
 0.0    226.829  
 228.5    226.962  
 0.0    227.096  
 231.75    227.23  
 0.0    227.363  
 235.0    227.497  
 0.0    227.63  
 238.25    227.764  
 0.0    227.898  
 241.5    228.031  
 0.0    228.165  
 244.75    228.298  
 0.0    228.432  
 248.0    228.565  
 0.0    228.699  
 251.25    228.833  
 0.0    228.966  
 254.5    229.1  
 0.0    229.233  
 257.75    229.367  
 0.0    229.501  
 261.0    229.634  
 0.0    229.768  
 264.25    229.901  
 0.0    230.035  
 267.5    230.168  
 0.0    230.302  
 270.75    230.436  
 0.0    230.569  
 274.0    230.703  
 0.0    230.836  
 277.25    230.97  
 0.0    231.103  
 280.5    231.237  
 0.0    231.371  
 283.75    231.504  
 0.0    231.638  
 287.0    231.771  
 0.0    231.905  
 290.25    232.039  
 0.0    232.172  
 293.5    232.306  
 0.0    232.439  
 296.75    232.573  
 0.0    232.706  
 300.0    232.84  
 0.0    232.974  
 303.25    233.107  
 0.0    233.241  
 306.5    233.374  
 0.0    233.508  
 309.75    233.641  
 0.0    233.775  
 313.0    233.909  
 0.0    234.042  
 316.25    234.176  
 0.0    234.309  
 319.5    234.443  
 0.0    234.577  
 322.75    234.71  
 0.0    234.844  
 326.0    234.977  
 0.0    235.111  
 329.25    235.244  
 0.0    235.378  
 332.5    235.512  
 0.0    235.646  
 335.75    235.779  
 0.0    235.912  
 339.0    236.046  
 0.0    236.179  
 342.25    236.313  
 0.0    236.447  
 345.5    236.58  
 0.0    236.714  
 348.75    236.848  
 0.0    236.989  
 1.0    237.131  
 0.0    237.265  
 4.25    237.398  
 0.0    237.532  
 7.5    237.665  
 0.0    237.799  
 10.75    237.933  
 0.0    238.066  
 14.0    238.2  
 0.0    238.333  
 17.25    238.467  
 0.0    238.601  
 20.5    238.734  
 0.0    238.868  
 23.75    239.001  
 0.0    239.135  
 27.0    239.268  
 0.0    239.402  
 30.25    239.536  
 0.0    239.669  
 33.5    239.803  
 0.0    239.936  
 36.75    240.07  
 0.0    240.203  
 40.0    240.337  
 0.0    240.471  
 43.25    240.604  
 0.0    240.738  
 46.5    240.871  
 0.0    241.005  
 49.75    241.139  
 0.0    241.272  
 53.0    241.406  
 0.0    241.539  
 56.25    241.673  
 0.0    241.806  
 59.5    241.94  
 0.0    242.074  
 62.75    242.207  
 0.0    242.341  
 66.0    242.474  
 0.0    242.608  
 69.25    242.742  
 0.0    242.875  
 72.5    243.009  
 0.0    243.142  
 75.75    243.276  
 0.0    243.409  
 79.0    243.543  
 0.0    243.677  
 82.25    243.81  
 0.0    243.944  
 85.5    244.077  
 0.0    244.211  
 88.75    244.344  
 0.0    244.478  
 92.0    244.612  
 0.0    244.745  
 95.25    244.879  
 0.0    245.012  
 98.5    245.146  
 0.0    245.28  
 101.75    245.413  
 0.0    245.547  
 105.0    245.68  
 0.0    245.814  
 108.25    245.947  
 0.0    246.081  
 111.5    246.215  
 0.0    246.348  
 114.75    246.482  
 0.0    246.615  
 118.0    246.749  
 0.0    246.882  
 121.25    247.016  
 0.0    247.15  
 124.5    247.283  
 0.0    247.417  
 127.75    247.55  
 0.0    247.684  
 131.0    247.818  
 0.0    247.951  
 134.25    248.085  
 0.0    248.218  
 137.5    248.352  
 0.0    248.485  
 140.75    248.619  
 0.0    248.753  
 144.0    248.886  
 0.0    249.02  
 147.25    249.153  
 0.0    249.287  
 150.5    249.42  
 0.0    249.554  
 153.75    249.688  
 0.0    249.821  
 157.0    249.955  
 0.0    250.088  
 160.25    250.222  
 0.0    250.355  
 163.5    250.489  
 0.0    250.623  
 166.75    250.756  
 0.0    250.89  
 170.0    251.023  
 0.0    251.157  
 173.25    251.291  
 0.0    251.424  
 176.5    251.558  
 0.0    251.691  
 179.75    251.825  
 0.0    251.958  
 183.0    252.092  
 0.0    252.226  
 186.25    252.359  
 0.0    252.493  
 189.5    252.626  
 0.0    252.76  
 192.75    252.894  
 0.0    253.027  
 196.0    253.161  
 0.0    253.294  
 199.25    253.428  
 0.0    253.561  
 202.5    253.695  
 0.0    253.829  
 205.75    253.962  
 0.0    254.096  
 209.0    254.229  
 0.0    254.363  
 212.25    254.496  
 0.0    254.63  
 215.5    254.764  
 0.0    254.897  
 218.75    255.031  
 0.0    255.164  
 222.0    255.298  
 0.0    255.432  
 225.25    255.565  
 0.0    255.699  
 228.5    255.832  
 0.0    255.966  
 231.75    256.099  
 0.0    256.233  
 235.0    256.367  
 0.0    256.5  
 238.25    256.634  
 0.0    256.767  
 241.5    256.901  
 0.0    257.034  
 244.75    257.168  
 0.0    257.302  
 248.0    257.435  
 0.0    257.569  
 251.25    257.703  
 0.0    257.836  
 254.5    257.97  
 0.0    258.103  
 257.75    258.237  
 0.0    258.37  
 261.0    258.504  
 0.0    258.637  
 264.25    258.771  
 0.0    258.905  
 267.5    259.038  
 0.0    259.172  
 270.75    259.305  
 0.0    259.439  
 274.0    259.572  
 0.0    259.706  
 277.25    259.84  
 0.0    259.973  
 280.5    260.107  
 0.0    260.24  
 283.75    260.374  
 0.0    260.507  
 287.0    260.641  
 0.0    260.775  
 290.25    260.908  
 0.0    261.042  
 293.5    261.175  
 0.0    261.309  
 296.75    261.442  
 0.0    261.576  
 300.0    261.71  
 0.0    261.843  
 303.25    261.977  
 0.0    262.11  
 306.5    262.244  
 0.0    262.378  
 309.75    262.511  
 0.0    262.645  
 313.0    262.778  
 0.0    262.912  
 316.25    263.045  
 0.0    263.179  
 319.5    263.313  
 0.0    263.446  
 322.75    263.58  
 0.0    263.713  
 326.0    263.847  
 0.0    263.981  
 329.25    264.114  
 0.0    264.248  
 332.5    264.381  
 0.0    264.515  
 335.75    264.649  
 0.0    264.782  
 339.0    264.916  
 0.0    265.049  
 342.25    265.183  
 0.0    265.316  
 345.5    265.45  
 0.0    265.583  
 348.75    265.717  
 0.0    265.858  
 1.0    266.001  
 0.0    266.134  
 4.25    266.268  
 0.0    266.402  
 7.5    266.535  
 0.0    266.669  
 10.75    266.802  
 0.0    266.936  
 14.0    267.07  
 0.0    267.203  
 17.25    267.337  
 0.0    267.47  
 20.5    267.604  
 0.0    267.737  
 23.75    267.871  
 0.0    268.005  
 27.0    268.138  
 0.0    268.272  
 30.25    268.405  
 0.0    268.539  
 33.5    268.673  
 0.0    268.806  
 36.75    268.94  
 0.0    269.073  
 40.0    269.207  
 0.0    269.34  
 43.25    269.474  
 0.0    269.608  
 46.5    269.741  
 0.0    269.875  
 49.75    270.008  
 0.0    270.142  
 53.0    270.275  
 0.0    270.409  
 56.25    270.543  
 0.0    270.676  
 59.5    270.81  
 0.0    270.943  
 62.75    271.077  
 0.0    271.211  
 66.0    271.344  
 0.0    271.478  
 69.25    271.611  
 0.0    271.745  
 72.5    271.878  
 0.0    272.012  
 75.75    272.146  
 0.0    272.279  
 79.0    272.413  
 0.0    272.546  
 82.25    272.68  
 0.0    272.813  
 85.5    272.947  
 0.0    273.081  
 88.75    273.214  
 0.0    273.348  
 92.0    273.481  
 0.0    273.615  
 95.25    273.749  
 0.0    273.882  
 98.5    274.016  
 0.0    274.149  
 101.75    274.283  
 0.0    274.416  
 105.0    274.55  
 0.0    274.684  
 108.25    274.817  
 0.0    274.951  
 111.5    275.084  
 0.0    275.218  
 114.75    275.351  
 0.0    275.485  
 118.0    275.619  
 0.0    275.752  
 121.25    275.886  
 0.0    276.019  
 124.5    276.153  
 0.0    276.287  
 127.75    276.42  
 0.0    276.554  
 131.0    276.687  
 0.0    276.821  
 134.25    276.954  
 0.0    277.088  
 137.5    277.222  
 0.0    277.355  
 140.75    277.489  
 0.0    277.622  
 144.0    277.756  
 0.0    277.89  
 147.25    278.023  
 0.0    278.157  
 150.5    278.29  
 0.0    278.424  
 153.75    278.557  
 0.0    278.691  
 157.0    278.825  
 0.0    278.958  
 160.25    279.092  
 0.0    279.225  
 163.5    279.359  
 0.0    279.492  
 166.75    279.626  
 0.0    279.76  
 170.0    279.893  
 0.0    280.027  
 173.25    280.16  
 0.0    280.294  
 176.5    280.427  
 0.0    280.561  
 179.75    280.695  
 0.0    280.828  
 183.0    280.962  
 0.0    281.095  
 186.25    281.229  
 0.0    281.363  
 189.5    281.496  
 0.0    281.63  
 192.75    281.763  
 0.0    281.897  
 196.0    282.03  
 0.0    282.164  
 199.25    282.298  
 0.0    282.431  
 202.5    282.565  
 0.0    282.698  
 205.75    282.832  
 0.0    282.965  
 209.0    283.099  
 0.0    283.233  
 212.25    283.366  
 0.0    283.5  
 215.5    283.633  
 0.0    283.767  
 218.75    283.901  
 0.0    284.034  
 222.0    284.168  
 0.0    284.301  
 225.25    284.435  
 0.0    284.568  
 228.5    284.702  
 0.0    284.836  
 231.75    284.969  
 0.0    285.103  
 235.0    285.236  
 0.0    285.37  
 238.25    285.503  
 0.0    285.637  
 241.5    285.771  
 0.0    285.904  
 244.75    286.038  
 0.0    286.171  
 248.0    286.305  
 0.0    286.439  
 251.25    286.572  
 0.0    286.706  
 254.5    286.839  
 0.0    286.973  
 257.75    287.107  
 0.0    287.24  
 261.0    287.374  
 0.0    287.507  
 264.25    287.641  
 0.0    287.774  
 267.5    287.908  
 0.0    288.041  
 270.75    288.175  
 0.0    288.309  
 274.0    288.442  
 0.0    288.576  
 277.25    288.709  
 0.0    288.843  
 280.5    288.976  
 0.0    289.11  
 283.75    289.244  
 0.0    289.377  
 287.0    289.511  
 0.0    289.644  
 290.25    289.778  
 0.0    289.912  
 293.5    290.045  
 0.0    290.179  
 296.75    290.312  
 0.0    290.446  
 300.0    290.579  
 0.0    290.713  
 303.25    290.847  
 0.0    290.98  
 306.5    291.114  
 0.0    291.247  
 309.75    291.381  
 0.0    291.514  
 313.0    291.648  
 0.0    291.782  
 316.25    291.915  
 0.0    292.049  
 319.5    292.182  
 0.0    292.316  
 322.75    292.45  
 0.0    292.583  
 326.0    292.717  
 0.0    292.85  
 329.25    292.984  
 0.0    293.117  
 332.5    293.251  
 0.0    293.385  
 335.75    293.518  
 0.0    293.652  
 339.0    293.785  
 0.0    293.919  
 342.25    294.053  
 0.0    294.186  
 345.5    294.32  
 0.0    294.453  
 348.75    294.587  
 0.0    294.728  
 1.0    294.871  
 0.0    295.005  
 4.25    295.138  
 0.0    295.271  
 7.5    295.405  
 0.0    295.539  
 10.75    295.672  
 0.0    295.806  
 14.0    295.939  
 0.0    296.073  
 17.25    296.206  
 0.0    296.34  
 20.5    296.474  
 0.0    296.607  
 23.75    296.741  
 0.0    296.874  
 27.0    297.008  
 0.0    297.141  
 30.25    297.275  
 0.0    297.409  
 33.5    297.542  
 0.0    297.676  
 36.75    297.809  
 0.0    297.943  
 40.0    298.077  
 0.0    298.21  
 43.25    298.344  
 0.0    298.477  
 46.5    298.611  
 0.0    298.744  
 49.75    298.878  
 0.0    299.012  
 53.0    299.145  
 0.0    299.279  
 56.25    299.412  
 0.0    299.546  
 59.5    299.68  
 0.0    299.813  
 62.75    299.947  
 0.0    300.08  
 66.0    300.214  
 0.0    300.347  
 69.25    300.481  
 0.0    300.614  
 72.5    300.748  
 0.0    300.882  
 75.75    301.015  
 0.0    301.149  
 79.0    301.282  
 0.0    301.416  
 82.25    301.55  
 0.0    301.683  
 85.5    301.817  
 0.0    301.95  
 88.75    302.084  
 0.0    302.217  
 92.0    302.351  
 0.0    302.485  
 95.25    302.618  
 0.0    302.752  
 98.5    302.885  
 0.0    303.019  
 101.75    303.153  
 0.0    303.286  
 105.0    303.42  
 0.0    303.553  
 108.25    303.687  
 0.0    303.82  
 111.5    303.954  
 0.0    304.088  
 114.75    304.221  
 0.0    304.355  
 118.0    304.488  
 0.0    304.622  
 121.25    304.755  
 0.0    304.889  
 124.5    305.023  
 0.0    305.156  
 127.75    305.29  
 0.0    305.423  
 131.0    305.557  
 0.0    305.691  
 134.25    305.824  
 0.0    305.958  
 137.5    306.091  
 0.0    306.225  
 140.75    306.358  
 0.0    306.492  
 144.0    306.626  
 0.0    306.759  
 147.25    306.893  
 0.0    307.026  
 150.5    307.16  
 0.0    307.294  
 153.75    307.427  
 0.0    307.561  
 157.0    307.694  
 0.0    307.828  
 160.25    307.961  
 0.0    308.095  
 163.5    308.228  
 0.0    308.362  
 166.75    308.496  
 0.0    308.629  
 170.0    308.763  
 0.0    308.896  
 173.25    309.03  
 0.0    309.164  
 176.5    309.297  
 0.0    309.431  
 179.75    309.564  
 0.0    309.698  
 183.0    309.831  
 0.0    309.965  
 186.25    310.099  
 0.0    310.232  
 189.5    310.366  
 0.0    310.499  
 192.75    310.633  
 0.0    310.767  
 196.0    310.9  
 0.0    311.034  
 199.25    311.167  
 0.0    311.301  
 202.5    311.434  
 0.0    311.568  
 205.75    311.702  
 0.0    311.835  
 209.0    311.969  
 0.0    312.102  
 212.25    312.236  
 0.0    312.37  
 215.5    312.503  
 0.0    312.637  
 218.75    312.77  
 0.0    312.904  
 222.0    313.037  
 0.0    313.171  
 225.25    313.305  
 0.0    313.438  
 228.5    313.572  
 0.0    313.705  
 231.75    313.839  
 0.0    313.973  
 235.0    314.106  
 0.0    314.24  
 238.25    314.373  
 0.0    314.507  
 241.5    314.64  
 0.0    314.774  
 244.75    314.907  
 0.0    315.041  
 248.0    315.175  
 0.0    315.308  
 251.25    315.442  
 0.0    315.575  
 254.5    315.709  
 0.0    315.843  
 257.75    315.976  
 0.0    316.11  
 261.0    316.243  
 0.0    316.377  
 264.25    316.51  
 0.0    316.644  
 267.5    316.778  
 0.0    316.911  
 270.75    317.045  
 0.0    317.178  
 274.0    317.312  
 0.0    317.446  
 277.25    317.579  
 0.0    317.713  
 280.5    317.846  
 0.0    317.98  
 283.75    318.113  
 0.0    318.247  
 287.0    318.381  
 0.0    318.514  
 290.25    318.648  
 0.0    318.781  
 293.5    318.915  
 0.0    319.048  
 296.75    319.182  
 0.0    319.316  
 300.0    319.449  
 0.0    319.583  
 303.25    319.716  
 0.0    319.85  
 306.5    319.984  
 0.0    320.117  
 309.75    320.251  
 0.0    320.384  
 313.0    320.518  
 0.0    320.651  
 316.25    320.785  
 0.0    320.919  
 319.5    321.052  
 0.0    321.186  
 322.75    321.319  
 0.0    321.453  
 326.0    321.586  
 0.0    321.72  
 329.25    321.854  
 0.0    321.987  
 332.5    322.121  
 0.0    322.254  
 335.75    322.388  
 0.0    322.521  
 339.0    322.655  
 0.0    322.789  
 342.25    322.922  
 0.0    323.056  
 345.5    323.189  
 0.0    323.323  
 348.75    323.456  
