 [242.0, 225.75, 222.5, 34.0]  
 [44.754, 46.09, 46.357, 61.853]  
 [45.556, 47.025, 62.387]  
 [300.5, 157.5, 141.25, 73.0]  
 [68.799, 80.553, 81.889, 87.499]  
 [69.333, 82.424, 88.034]  
 [313.5, 225.75, 206.25, 196.5]  
 [96.583, 103.796, 105.399, 106.201]  
 [97.117, 104.331, 105.933, 106.735]  
 [225.75, 183.5, 92.5, 76.25]  
 [132.649, 136.122, 143.602, 144.938]  
 [136.656, 144.137, 145.606]  
 [196.5, 151.0, 147.75, 63.25]  
 [163.907, 167.647, 167.914, 174.86]  
 [164.441, 168.448, 168.715, 175.528]  
 [297.25, 235.5, 193.25, 193.25]  
 [184.478, 189.554, 193.027]  
 [185.012, 190.089, 193.561]  
 [245.25, 209.5, 63.25, 60.0]  
 [217.605, 220.544, 232.566, 232.833]  
 [218.273, 221.078, 233.234]  
 [290.75, 131.5, 82.75, 63.25]  
 [242.735, 255.825, 259.833, 261.436]  
 [256.493, 260.768, 262.104]  
 [177.0, 128.25, 118.5, 73.0]  
 [280.955, 284.962, 285.764, 289.504]  
 [281.623, 285.63, 286.298, 290.038]  
 [294.0, 199.75, 199.75, 128.25]  
 [300.207, 307.955, 313.832]  
 [300.741, 314.366]  
