 type    delay1    delay2    T    NT1    NT2    Dist    Dist_NT1    Dist_NT2    distance_T_dist    cue    order    orient    horiz_vertical    A_R    A_err    Abs_angle_error    Error_interference    A_DC    A_DC_dist    Q_DC    A_DF    A_DF_dist    Q_DF    A_DVF    Q_DVF    A_DVF_dist    Q_DVF_dist    presentation_att_cue_time    presentation_target_time    presentation_dist_time    presentation_probe_time    R_T    trial_time    disp_time  
 1.0    0.2    11.8    142.0    241.0    321.0    126.0    214.7    64.0    16.0    2.0    1.0    -1.0    1.0    145.0    -3.0    3.0    -3.0    142.0    126.0    2.0    241.0    214.7    3.0    321.0    4.0    64.0    1.0    38.2    39.433    40.033    52.249    5.017    57.266    14.562  
 3.0    7.0    12.0    204.0    51.0    114.0    311.0    65.1    134.2    107.0    3.0    2.0    0.0    1.0    205.0    -1.0    1.0    1.0    51.0    65.1    1.0    114.0    134.2    2.0    204.0    3.0    311.0    4.0    57.933    66.399    58.999    78.799    5.017    83.816    21.362  
 3.0    7.0    5.0    63.0    200.0    139.0    305.0    216.7    159.5    118.0    1.0    1.0    0.0    1.0    60.0    3.0    3.0    3.0    200.0    216.7    3.0    139.0    159.5    2.0    63.0    1.0    305.0    4.0    84.466    85.533    92.933    98.333    5.017    103.349    14.355  
 3.0    7.0    12.0    296.0    223.0    156.0    53.0    204.2    126.5    117.0    4.0    2.0    0.0    1.0    297.0    -1.0    1.0    1.0    223.0    204.2    3.0    156.0    126.5    2.0    296.0    4.0    53.0    1.0    104.0    112.466    105.066    124.866    5.017    129.883    21.362  
 3.0    0.2    11.8    312.0    42.0    232.0    113.0    29.4    206.6    161.0    4.0    1.0    0.0    0.0    308.0    4.0    4.0    -4.0    42.0    29.4    1.0    232.0    206.6    3.0    312.0    4.0    113.0    2.0    130.533    131.6    132.2    144.4    5.017    149.416    14.362  
 1.0    7.0    12.0    322.0    137.0    203.0    303.4    111.7    27.0    18.6    4.0    2.0    -1.0    1.0    0.0    -38.0    38.0    -38.0    322.0    303.4    4.0    137.0    111.7    2.0    203.0    3.0    27.0    1.0    150.067    158.533    151.133    170.933    5.017    175.95    21.362  
 3.0    0.2    12.0    152.0    216.0    43.0    303.0    230.6    66.2    151.0    2.0    2.0    0.0    1.0    180.0    -28.0    28.0    28.0    216.0    230.6    3.0    43.0    66.2    1.0    152.0    2.0    303.0    4.0    176.6    178.283    177.683    190.683    5.017    195.7    14.579  
 3.0    0.2    11.8    131.0    242.0    339.0    43.0    230.4    311.9    88.0    2.0    1.0    0.0    0.0    117.0    14.0    14.0    14.0    242.0    230.4    3.0    339.0    311.9    4.0    131.0    2.0    43.0    1.0    196.35    197.417    198.017    210.217    5.017    215.233    14.362  
 3.0    0.2    11.8    313.0    39.0    243.0    153.0    22.4    215.4    160.0    4.0    1.0    0.0    0.0    348.0    -35.0    35.0    -35.0    39.0    22.4    1.0    243.0    215.4    3.0    313.0    4.0    153.0    2.0    215.884    216.95    217.55    229.75    5.017    234.767    14.362  
 1.0    0.2    11.8    137.0    227.0    302.0    118.5    200.5    69.0    18.5    2.0    1.0    -1.0    1.0    119.0    18.0    18.0    18.0    137.0    118.5    2.0    227.0    200.5    3.0    302.0    4.0    69.0    1.0    235.417    236.484    237.084    249.283    5.017    254.3    14.362  
 3.0    7.0    5.0    68.0    114.0    208.0    334.0    129.7    231.1    94.0    1.0    1.0    0.0    1.0    67.0    1.0    1.0    1.0    114.0    129.7    2.0    208.0    231.1    3.0    68.0    1.0    334.0    4.0    254.951    256.017    263.417    268.817    5.017    273.834    14.355  
 1.0    0.2    12.0    231.0    21.0    334.0    241.6    42.0    151.0    10.6    3.0    2.0    1.0    0.0    223.0    8.0    8.0    -8.0    231.0    241.6    3.0    21.0    42.0    1.0    334.0    4.0    151.0    2.0    274.484    276.15    275.55    288.55    5.017    293.567    14.562  
 1.0    7.0    5.0    315.0    212.0    61.0    332.6    236.2    120.0    17.6    4.0    1.0    1.0    0.0    312.0    3.0    3.0    -3.0    315.0    332.6    4.0    212.0    236.2    3.0    61.0    1.0    120.0    2.0    294.217    295.284    302.684    308.084    5.017    313.1    14.355  
 1.0    0.2    11.8    318.0    26.0    206.0    329.8    50.4    147.0    11.8    4.0    1.0    1.0    1.0    319.0    -1.0    1.0    1.0    318.0    329.8    4.0    26.0    50.4    1.0    206.0    3.0    147.0    2.0    313.751    314.817    315.417    327.617    5.017    332.634    14.362  
 3.0    0.2    11.8    309.0    49.0    248.0    134.0    34.0    220.4    175.0    4.0    1.0    0.0    1.0    305.0    4.0    4.0    4.0    49.0    34.0    1.0    248.0    220.4    3.0    309.0    4.0    134.0    2.0    333.284    334.351    334.951    347.151    5.017    352.167    14.362  
 3.0    7.0    12.0    305.0    47.0    233.0    111.0    31.6    212.1    166.0    4.0    2.0    0.0    0.0    353.0    -48.0    48.0    48.0    47.0    31.6    1.0    233.0    212.1    3.0    305.0    4.0    111.0    2.0    352.818    361.284    353.884    373.684    5.017    378.701    21.362  
 3.0    0.2    12.0    20.0    318.0    114.0    240.0    329.9    139.3    140.0    1.0    2.0    0.0    1.0    46.0    -26.0    26.0    -26.0    318.0    329.9    4.0    114.0    139.3    2.0    20.0    1.0    240.0    3.0    379.351    381.018    380.418    393.417    5.017    398.434    14.562  
 1.0    7.0    12.0    332.0    249.0    116.0    314.1    228.1    61.0    17.9    4.0    2.0    -1.0    1.0    0.0    -28.0    28.0    -28.0    332.0    314.1    4.0    249.0    228.1    3.0    116.0    2.0    61.0    1.0    399.084    407.551    400.151    419.951    5.017    424.968    21.362  
 3.0    0.2    11.8    301.0    52.0    233.0    110.0    35.8    203.5    169.0    4.0    1.0    0.0    0.0    270.0    31.0    31.0    31.0    52.0    35.8    1.0    233.0    203.5    3.0    301.0    4.0    110.0    2.0    431.765    432.879    433.561    445.781    5.199    450.98    20.627  
 3.0    0.2    11.8    45.0    323.0    200.0    111.0    335.0    225.9    66.0    1.0    1.0    0.0    1.0    0.0    45.0    45.0    -45.0    323.0    335.0    4.0    200.0    225.9    3.0    45.0    1.0    111.0    2.0    451.736    452.871    453.534    465.828    5.03    470.858    14.571  
 1.0    0.2    12.0    49.0    334.0    233.0    37.9    309.7    121.0    11.1    1.0    2.0    -1.0    1.0    0.0    49.0    49.0    -49.0    49.0    37.9    1.0    334.0    309.7    4.0    233.0    3.0    121.0    2.0    471.544    473.331    472.645    485.734    5.11    490.844    14.703  
 3.0    7.0    5.0    132.0    39.0    328.0    212.0    20.9    306.9    80.0    2.0    1.0    0.0    0.0    90.0    42.0    42.0    -42.0    39.0    20.9    1.0    328.0    306.9    4.0    132.0    2.0    212.0    3.0    491.646    492.843    500.269    505.668    5.04    510.708    14.558  
 1.0    7.0    12.0    290.0    133.0    219.0    303.1    159.0    29.0    13.1    4.0    2.0    1.0    0.0    270.0    20.0    20.0    -20.0    290.0    303.1    4.0    133.0    159.0    2.0    219.0    3.0    29.0    1.0    511.393    519.883    512.484    532.333    5.057    537.39    21.405  
 3.0    7.0    5.0    118.0    334.0    243.0    55.0    320.3    216.0    63.0    2.0    1.0    0.0    1.0    180.0    -62.0    62.0    -62.0    334.0    320.3    4.0    243.0    216.0    3.0    118.0    2.0    55.0    1.0    538.085    539.216    546.642    552.059    5.039    557.097    14.444  
 1.0    0.2    11.8    123.0    204.0    41.0    137.2    227.1    300.0    14.2    2.0    1.0    1.0    1.0    180.0    -57.0    57.0    -57.0    123.0    137.2    2.0    204.0    227.1    3.0    41.0    1.0    300.0    4.0    557.76    558.861    559.458    571.682    5.054    576.736    14.413  
 1.0    0.2    11.8    320.0    120.0    51.0    334.1    146.0    248.0    14.1    4.0    1.0    1.0    1.0    0.0    -40.0    40.0    -40.0    320.0    334.1    4.0    120.0    146.0    2.0    51.0    1.0    248.0    3.0    577.4    578.501    579.101    591.325    5.071    596.396    14.394  
 3.0    0.2    12.0    131.0    228.0    322.0    33.0    211.4    294.1    98.0    2.0    2.0    0.0    0.0    90.0    41.0    41.0    41.0    228.0    211.4    3.0    322.0    294.1    4.0    131.0    2.0    33.0    1.0    597.111    598.833    598.213    611.258    5.037    616.296    14.638  
 37.533    37.533    37.533    37.533    37.533    37.533    37.533    37.533    37.533    37.533    37.533    37.533    37.533    37.533    37.533    37.533    37.533    37.533    37.533    37.533    37.533    37.533    37.533    37.533    37.533    37.533    37.533    37.533    37.533    37.533    37.533    37.533    37.533    37.533    37.533  
