 [190.0, 82.75, 14.5, 8.0]  
 [32.201, 32.732, 38.336, 47.143]  
 [38.87, 47.543]  
 [303.75, 173.75, 66.5, 34.0]  
 [63.154, 65.823, 74.629, 85.303]  
 [63.688, 66.356, 75.163, 85.838]  
 [186.75, 121.75, 95.75, 66.5]  
 [94.644, 97.045, 99.18, 104.517]  
 [97.446, 99.714, 104.918]  
 [264.75, 105.5, 40.5, 14.5]  
 [119.195, 121.33, 126.667, 139.743]  
 [119.729, 121.997, 127.201, 140.277]  
 [251.75, 225.75, 147.75, 50.25]  
 [150.951, 158.957, 165.362, 167.496]  
 [151.351, 159.358, 165.762]  
 [349.25, 206.25, 151.0, 79.5]  
 [182.174, 188.045, 192.581, 204.323]  
 [182.707, 188.578, 193.115]  
 [339.5, 329.75, 248.5, 27.5]  
 [206.725, 224.871, 231.543, 232.343]  
 [225.405, 232.077, 233.01]  
 [329.75, 300.5, 66.5, 34.0]  
 [236.08, 238.748, 257.962, 260.364]  
 [236.48, 258.496, 260.898]  
 [342.75, 290.75, 264.75, 66.5]  
 [267.569, 283.847, 285.982, 290.252]  
 [268.37, 286.516, 290.786]  
 [336.25, 294.0, 173.75, 43.75]  
 [294.539, 305.213, 315.087, 318.556]  
 [295.072, 305.747, 315.487, 318.956]  
