 32.057    32.057  
 0.0    32.074  
 352.0    32.205  
 0.0    32.339  
 348.75    32.472  
 0.0    32.606  
 345.5    32.739  
 0.0    32.872  
 342.25    33.006  
 0.0    33.139  
 339.0    33.273  
 0.0    33.406  
 335.75    33.54  
 0.0    33.673  
 332.5    33.806  
 0.0    33.94  
 329.25    34.073  
 0.0    34.207  
 326.0    34.34  
 0.0    34.474  
 322.75    34.607  
 0.0    34.74  
 319.5    34.874  
 0.0    35.007  
 316.25    35.141  
 0.0    35.274  
 313.0    35.408  
 0.0    35.541  
 309.75    35.674  
 0.0    35.808  
 306.5    35.941  
 0.0    36.075  
 303.25    36.208  
 0.0    36.342  
 300.0    36.475  
 0.0    36.608  
 296.75    36.742  
 0.0    36.875  
 293.5    37.009  
 0.0    37.142  
 290.25    37.276  
 0.0    37.409  
 287.0    37.542  
 0.0    37.676  
 283.75    37.809  
 0.0    37.943  
 280.5    38.076  
 0.0    38.21  
 277.25    38.343  
 0.0    38.476  
 274.0    38.61  
 0.0    38.743  
 270.75    38.877  
 0.0    39.01  
 267.5    39.144  
 0.0    39.277  
 264.25    39.411  
 0.0    39.544  
 261.0    39.677  
 0.0    39.811  
 257.75    39.944  
 0.0    40.078  
 254.5    40.211  
 0.0    40.344  
 251.25    40.478  
 0.0    40.611  
 248.0    40.745  
 0.0    40.878  
 244.75    41.012  
 0.0    41.145  
 241.5    41.278  
 0.0    41.412  
 238.25    41.545  
 0.0    41.679  
 235.0    41.812  
 0.0    41.946  
 231.75    42.079  
 0.0    42.213  
 228.5    42.346  
 0.0    42.479  
 225.25    42.613  
 0.0    42.746  
 222.0    42.88  
 0.0    43.013  
 218.75    43.146  
 0.0    43.28  
 215.5    43.413  
 0.0    43.547  
 212.25    43.68  
 0.0    43.814  
 209.0    43.947  
 0.0    44.081  
 205.75    44.214  
 0.0    44.347  
 202.5    44.481  
 0.0    44.614  
 199.25    44.748  
 0.0    44.881  
 196.0    45.015  
 0.0    45.148  
 192.75    45.281  
 0.0    45.415  
 189.5    45.548  
 0.0    45.682  
 186.25    45.815  
 0.0    45.949  
 183.0    46.082  
 0.0    46.215  
 179.75    46.349  
 0.0    46.482  
 176.5    46.616  
 0.0    46.749  
 173.25    46.883  
 0.0    47.016  
 170.0    47.149  
 0.0    47.283  
 166.75    47.416  
 0.0    47.55  
 163.5    47.683  
 0.0    47.817  
 160.25    47.95  
 0.0    48.083  
 157.0    48.217  
 0.0    48.35  
 153.75    48.484  
 0.0    48.617  
 150.5    48.75  
 0.0    48.884  
 147.25    49.017  
 0.0    49.151  
 144.0    49.284  
 0.0    49.418  
 140.75    49.551  
 0.0    49.685  
 137.5    49.818  
 0.0    49.951  
 134.25    50.085  
 0.0    50.218  
 131.0    50.352  
 0.0    50.485  
 127.75    50.619  
 0.0    50.752  
 124.5    50.885  
 0.0    51.019  
 121.25    51.152  
 0.0    51.286  
 118.0    51.419  
 0.0    51.553  
 114.75    51.686  
 0.0    51.819  
 111.5    51.953  
 0.0    52.086  
 108.25    52.22  
 0.0    52.353  
 105.0    52.487  
 0.0    52.62  
 101.75    52.754  
 0.0    52.887  
 98.5    53.02  
 0.0    53.154  
 95.25    53.287  
 0.0    53.421  
 92.0    53.554  
 0.0    53.687  
 88.75    53.821  
 0.0    53.954  
 85.5    54.088  
 0.0    54.221  
 82.25    54.355  
 0.0    54.488  
 79.0    54.621  
 0.0    54.755  
 75.75    54.888  
 0.0    55.022  
 72.5    55.155  
 0.0    55.289  
 69.25    55.422  
 0.0    55.555  
 66.0    55.689  
 0.0    55.822  
 62.75    55.956  
 0.0    56.089  
 59.5    56.223  
 0.0    56.356  
 56.25    56.49  
 0.0    56.623  
 53.0    56.756  
 0.0    56.89  
 49.75    57.023  
 0.0    57.157  
 46.5    57.29  
 0.0    57.424  
 43.25    57.557  
 0.0    57.69  
 40.0    57.824  
 0.0    57.957  
 36.75    58.091  
 0.0    58.224  
 33.5    58.358  
 0.0    58.491  
 30.25    58.624  
 0.0    58.758  
 27.0    58.891  
 0.0    59.025  
 23.75    59.158  
 0.0    59.292  
 20.5    59.425  
 0.0    59.558  
 17.25    59.692  
 0.0    59.825  
 14.0    59.959  
 0.0    60.092  
 10.75    60.226  
 0.0    60.359  
 7.5    60.492  
 0.0    60.626  
 4.25    60.759  
 0.0    60.895  
 352.0    61.026  
 0.0    61.16  
 348.75    61.293  
 0.0    61.426  
 345.5    61.56  
 0.0    61.693  
 342.25    61.827  
 0.0    61.962  
 339.0    62.094  
 0.0    62.227  
 335.75    62.36  
 0.0    62.494  
 332.5    62.627  
 0.0    62.761  
 329.25    62.894  
 0.0    63.028  
 326.0    63.161  
 0.0    63.294  
 322.75    63.428  
 0.0    63.561  
 319.5    63.695  
 0.0    63.828  
 316.25    63.962  
 0.0    64.095  
 313.0    64.228  
 0.0    64.362  
 309.75    64.495  
 0.0    64.629  
 306.5    64.762  
 0.0    64.896  
 303.25    65.029  
 0.0    65.162  
 300.0    65.296  
 0.0    65.43  
 296.75    65.563  
 0.0    65.696  
 293.5    65.83  
 0.0    65.963  
 290.25    66.096  
 0.0    66.23  
 287.0    66.363  
 0.0    66.497  
 283.75    66.63  
 0.0    66.764  
 280.5    66.897  
 0.0    67.031  
 277.25    67.164  
 0.0    67.297  
 274.0    67.431  
 0.0    67.564  
 270.75    67.698  
 0.0    67.831  
 267.5    67.965  
 0.0    68.098  
 264.25    68.231  
 0.0    68.365  
 261.0    68.498  
 0.0    68.632  
 257.75    68.765  
 0.0    68.898  
 254.5    69.032  
 0.0    69.165  
 251.25    69.299  
 0.0    69.432  
 248.0    69.566  
 0.0    69.699  
 244.75    69.833  
 0.0    69.966  
 241.5    70.099  
 0.0    70.233  
 238.25    70.366  
 0.0    70.5  
 235.0    70.633  
 0.0    70.766  
 231.75    70.9  
 0.0    71.033  
 228.5    71.167  
 0.0    71.3  
 225.25    71.434  
 0.0    71.567  
 222.0    71.701  
 0.0    71.836  
 218.75    71.967  
 0.0    72.101  
 215.5    72.234  
 0.0    72.368  
 212.25    72.501  
 0.0    72.634  
 209.0    72.768  
 0.0    72.901  
 205.75    73.035  
 0.0    73.168  
 202.5    73.302  
 0.0    73.435  
 199.25    73.569  
 0.0    73.702  
 196.0    73.835  
 0.0    73.969  
 192.75    74.102  
 0.0    74.236  
 189.5    74.369  
 0.0    74.503  
 186.25    74.636  
 0.0    74.769  
 183.0    74.903  
 0.0    75.036  
 179.75    75.17  
 0.0    75.303  
 176.5    75.437  
 0.0    75.57  
 173.25    75.703  
 0.0    75.837  
 170.0    75.97  
 0.0    76.104  
 166.75    76.237  
 0.0    76.371  
 163.5    76.504  
 0.0    76.638  
 160.25    76.771  
 0.0    76.904  
 157.0    77.038  
 0.0    77.171  
 153.75    77.305  
 0.0    77.438  
 150.5    77.571  
 0.0    77.705  
 147.25    77.838  
 0.0    77.972  
 144.0    78.105  
 0.0    78.239  
 140.75    78.372  
 0.0    78.505  
 137.5    78.639  
 0.0    78.772  
 134.25    78.906  
 0.0    79.039  
 131.0    79.173  
 0.0    79.306  
 127.75    79.44  
 0.0    79.573  
 124.5    79.706  
 0.0    79.84  
 121.25    79.973  
 0.0    80.107  
 118.0    80.24  
 0.0    80.374  
 114.75    80.507  
 0.0    80.64  
 111.5    80.774  
 0.0    80.907  
 108.25    81.041  
 0.0    81.174  
 105.0    81.308  
 0.0    81.441  
 101.75    81.574  
 0.0    81.708  
 98.5    81.841  
 0.0    81.975  
 95.25    82.108  
 0.0    82.241  
 92.0    82.375  
 0.0    82.508  
 88.75    82.642  
 0.0    82.775  
 85.5    82.909  
 0.0    83.042  
 82.25    83.176  
 0.0    83.309  
 79.0    83.442  
 0.0    83.576  
 75.75    83.71  
 0.0    83.843  
 72.5    83.976  
 0.0    84.109  
 69.25    84.243  
 0.0    84.376  
 66.0    84.51  
 0.0    84.643  
 62.75    84.777  
 0.0    84.91  
 59.5    85.044  
 0.0    85.177  
 56.25    85.31  
 0.0    85.444  
 53.0    85.577  
 0.0    85.711  
 49.75    85.844  
 0.0    85.978  
 46.5    86.111  
 0.0    86.244  
 43.25    86.378  
 0.0    86.511  
 40.0    86.645  
 0.0    86.778  
 36.75    86.911  
 0.0    87.045  
 33.5    87.178  
 0.0    87.312  
 30.25    87.445  
 0.0    87.579  
 27.0    87.712  
 0.0    87.846  
 23.75    87.979  
 0.0    88.112  
 20.5    88.246  
 0.0    88.379  
 17.25    88.513  
 0.0    88.646  
 14.0    88.78  
 0.0    88.913  
 10.75    89.046  
 0.0    89.18  
 7.5    89.313  
 0.0    89.447  
 4.25    89.58  
 0.0    89.717  
 352.0    89.847  
 0.0    89.98  
 348.75    90.114  
 0.0    90.247  
 345.5    90.381  
 0.0    90.514  
 342.25    90.648  
 0.0    90.781  
 339.0    90.914  
 0.0    91.048  
 335.75    91.181  
 0.0    91.315  
 332.5    91.448  
 0.0    91.582  
 329.25    91.715  
 0.0    91.848  
 326.0    91.982  
 0.0    92.115  
 322.75    92.249  
 0.0    92.382  
 319.5    92.516  
 0.0    92.649  
 316.25    92.782  
 0.0    92.916  
 313.0    93.049  
 0.0    93.183  
 309.75    93.316  
 0.0    93.45  
 306.5    93.583  
 0.0    93.716  
 303.25    93.85  
 0.0    93.983  
 300.0    94.117  
 0.0    94.25  
 296.75    94.384  
 0.0    94.517  
 293.5    94.65  
 0.0    94.784  
 290.25    94.917  
 0.0    95.051  
 287.0    95.184  
 0.0    95.318  
 283.75    95.451  
 0.0    95.584  
 280.5    95.718  
 0.0    95.851  
 277.25    95.985  
 0.0    96.118  
 274.0    96.252  
 0.0    96.385  
 270.75    96.519  
 0.0    96.652  
 267.5    96.785  
 0.0    96.919  
 264.25    97.052  
 0.0    97.186  
 261.0    97.319  
 0.0    97.452  
 257.75    97.586  
 0.0    97.719  
 254.5    97.853  
 0.0    97.986  
 251.25    98.12  
 0.0    98.253  
 248.0    98.386  
 0.0    98.52  
 244.75    98.653  
 0.0    98.787  
 241.5    98.92  
 0.0    99.054  
 238.25    99.187  
 0.0    99.321  
 235.0    99.454  
 0.0    99.587  
 231.75    99.721  
 0.0    99.854  
 228.5    99.988  
 0.0    100.121  
 225.25    100.255  
 0.0    100.388  
 222.0    100.521  
 0.0    100.655  
 218.75    100.788  
 0.0    100.922  
 215.5    101.055  
 0.0    101.189  
 212.25    101.322  
 0.0    101.455  
 209.0    101.589  
 0.0    101.722  
 205.75    101.856  
 0.0    101.989  
 202.5    102.123  
 0.0    102.256  
 199.25    102.389  
 0.0    102.523  
 196.0    102.656  
 0.0    102.79  
 192.75    102.923  
 0.0    103.057  
 189.5    103.19  
 0.0    103.323  
 186.25    103.457  
 0.0    103.59  
 183.0    103.724  
 0.0    103.857  
 179.75    103.991  
 0.0    104.124  
 176.5    104.257  
 0.0    104.391  
 173.25    104.524  
 0.0    104.658  
 170.0    104.791  
 0.0    104.925  
 166.75    105.058  
 0.0    105.191  
 163.5    105.325  
 0.0    105.458  
 160.25    105.592  
 0.0    105.725  
 157.0    105.859  
 0.0    105.992  
 153.75    106.125  
 0.0    106.259  
 150.5    106.392  
 0.0    106.526  
 147.25    106.659  
 0.0    106.793  
 144.0    106.926  
 0.0    107.059  
 140.75    107.193  
 0.0    107.326  
 137.5    107.46  
 0.0    107.593  
 134.25    107.727  
 0.0    107.86  
 131.0    107.993  
 0.0    108.127  
 127.75    108.26  
 0.0    108.394  
 124.5    108.527  
 0.0    108.661  
 121.25    108.794  
 0.0    108.928  
 118.0    109.061  
 0.0    109.194  
 114.75    109.328  
 0.0    109.461  
 111.5    109.595  
 0.0    109.728  
 108.25    109.861  
 0.0    109.995  
 105.0    110.128  
 0.0    110.262  
 101.75    110.395  
 0.0    110.529  
 98.5    110.662  
 0.0    110.796  
 95.25    110.929  
 0.0    111.062  
 92.0    111.196  
 0.0    111.329  
 88.75    111.463  
 0.0    111.596  
 85.5    111.73  
 0.0    111.863  
 82.25    111.996  
 0.0    112.13  
 79.0    112.263  
 0.0    112.397  
 75.75    112.53  
 0.0    112.664  
 72.5    112.797  
 0.0    112.93  
 69.25    113.064  
 0.0    113.197  
 66.0    113.331  
 0.0    113.464  
 62.75    113.598  
 0.0    113.731  
 59.5    113.864  
 0.0    113.998  
 56.25    114.131  
 0.0    114.265  
 53.0    114.398  
 0.0    114.532  
 49.75    114.665  
 0.0    114.798  
 46.5    114.932  
 0.0    115.065  
 43.25    115.199  
 0.0    115.332  
 40.0    115.466  
 0.0    115.599  
 36.75    115.732  
 0.0    115.866  
 33.5    115.999  
 0.0    116.133  
 30.25    116.266  
 0.0    116.4  
 27.0    116.533  
 0.0    116.666  
 23.75    116.8  
 0.0    116.933  
 20.5    117.067  
 0.0    117.2  
 17.25    117.334  
 0.0    117.467  
 14.0    117.6  
 0.0    117.734  
 10.75    117.867  
 0.0    118.001  
 7.5    118.134  
 0.0    118.268  
 4.25    118.401  
 0.0    118.538  
 352.0    118.668  
 0.0    118.801  
 348.75    118.935  
 0.0    119.068  
 345.5    119.202  
 0.0    119.335  
 342.25    119.468  
 0.0    119.602  
 339.0    119.735  
 0.0    119.869  
 335.75    120.002  
 0.0    120.136  
 332.5    120.269  
 0.0    120.402  
 329.25    120.536  
 0.0    120.669  
 326.0    120.803  
 0.0    120.936  
 322.75    121.07  
 0.0    121.203  
 319.5    121.337  
 0.0    121.47  
 316.25    121.603  
 0.0    121.737  
 313.0    121.87  
 0.0    122.004  
 309.75    122.137  
 0.0    122.27  
 306.5    122.404  
 0.0    122.537  
 303.25    122.671  
 0.0    122.804  
 300.0    122.938  
 0.0    123.071  
 296.75    123.205  
 0.0    123.338  
 293.5    123.471  
 0.0    123.605  
 290.25    123.738  
 0.0    123.872  
 287.0    124.005  
 0.0    124.138  
 283.75    124.272  
 0.0    124.405  
 280.5    124.539  
 0.0    124.672  
 277.25    124.806  
 0.0    124.939  
 274.0    125.073  
 0.0    125.206  
 270.75    125.339  
 0.0    125.473  
 267.5    125.606  
 0.0    125.74  
 264.25    125.873  
 0.0    126.007  
 261.0    126.14  
 0.0    126.273  
 257.75    126.407  
 0.0    126.54  
 254.5    126.674  
 0.0    126.807  
 251.25    126.941  
 0.0    127.074  
 248.0    127.207  
 0.0    127.341  
 244.75    127.474  
 0.0    127.608  
 241.5    127.741  
 0.0    127.875  
 238.25    128.008  
 0.0    128.142  
 235.0    128.275  
 0.0    128.408  
 231.75    128.542  
 0.0    128.675  
 228.5    128.809  
 0.0    128.942  
 225.25    129.075  
 0.0    129.209  
 222.0    129.342  
 0.0    129.476  
 218.75    129.609  
 0.0    129.743  
 215.5    129.876  
 0.0    130.009  
 212.25    130.143  
 0.0    130.276  
 209.0    130.41  
 0.0    130.543  
 205.75    130.677  
 0.0    130.81  
 202.5    130.943  
 0.0    131.077  
 199.25    131.21  
 0.0    131.344  
 196.0    131.477  
 0.0    131.611  
 192.75    131.744  
 0.0    131.877  
 189.5    132.011  
 0.0    132.144  
 186.25    132.278  
 0.0    132.411  
 183.0    132.545  
 0.0    132.678  
 179.75    132.812  
 0.0    132.945  
 176.5    133.078  
 0.0    133.212  
 173.25    133.345  
 0.0    133.479  
 170.0    133.612  
 0.0    133.746  
 166.75    133.879  
 0.0    134.012  
 163.5    134.146  
 0.0    134.279  
 160.25    134.413  
 0.0    134.546  
 157.0    134.679  
 0.0    134.813  
 153.75    134.946  
 0.0    135.08  
 150.5    135.213  
 0.0    135.347  
 147.25    135.48  
 0.0    135.614  
 144.0    135.747  
 0.0    135.88  
 140.75    136.014  
 0.0    136.147  
 137.5    136.281  
 0.0    136.414  
 134.25    136.547  
 0.0    136.681  
 131.0    136.814  
 0.0    136.948  
 127.75    137.082  
 0.0    137.215  
 124.5    137.348  
 0.0    137.482  
 121.25    137.615  
 0.0    137.748  
 118.0    137.882  
 0.0    138.015  
 114.75    138.149  
 0.0    138.282  
 111.5    138.416  
 0.0    138.549  
 108.25    138.682  
 0.0    138.816  
 105.0    138.949  
 0.0    139.083  
 101.75    139.216  
 0.0    139.35  
 98.5    139.483  
 0.0    139.616  
 95.25    139.75  
 0.0    139.883  
 92.0    140.017  
 0.0    140.15  
 88.75    140.284  
 0.0    140.417  
 85.5    140.55  
 0.0    140.684  
 82.25    140.817  
 0.0    140.951  
 79.0    141.084  
 0.0    141.217  
 75.75    141.351  
 0.0    141.484  
 72.5    141.618  
 0.0    141.751  
 69.25    141.885  
 0.0    142.018  
 66.0    142.152  
 0.0    142.285  
 62.75    142.419  
 0.0    142.552  
 59.5    142.685  
 0.0    142.819  
 56.25    142.952  
 0.0    143.086  
 53.0    143.219  
 0.0    143.352  
 49.75    143.486  
 0.0    143.619  
 46.5    143.753  
 0.0    143.886  
 43.25    144.02  
 0.0    144.153  
 40.0    144.286  
 0.0    144.42  
 36.75    144.553  
 0.0    144.687  
 33.5    144.821  
 0.0    144.954  
 30.25    145.087  
 0.0    145.22  
 27.0    145.354  
 0.0    145.487  
 23.75    145.621  
 0.0    145.754  
 20.5    145.888  
 0.0    146.021  
 17.25    146.154  
 0.0    146.288  
 14.0    146.421  
 0.0    146.555  
 10.75    146.688  
 0.0    146.822  
 7.5    146.955  
 0.0    147.089  
 4.25    147.222  
 0.0    147.362  
 352.0    147.491  
 0.0    147.622  
 348.75    147.756  
 0.0    147.889  
 345.5    148.022  
 0.0    148.156  
 342.25    148.289  
 0.0    148.423  
 339.0    148.556  
 0.0    148.69  
 335.75    148.823  
 0.0    148.957  
 332.5    149.09  
 0.0    149.223  
 329.25    149.357  
 0.0    149.49  
 326.0    149.624  
 0.0    149.757  
 322.75    149.89  
 0.0    150.024  
 319.5    150.157  
 0.0    150.291  
 316.25    150.424  
 0.0    150.558  
 313.0    150.691  
 0.0    150.824  
 309.75    150.958  
 0.0    151.091  
 306.5    151.225  
 0.0    151.358  
 303.25    151.492  
 0.0    151.625  
 300.0    151.759  
 0.0    151.892  
 296.75    152.025  
 0.0    152.159  
 293.5    152.292  
 0.0    152.426  
 290.25    152.559  
 0.0    152.692  
 287.0    152.826  
 0.0    152.959  
 283.75    153.093  
 0.0    153.226  
 280.5    153.36  
 0.0    153.493  
 277.25    153.626  
 0.0    153.76  
 274.0    153.893  
 0.0    154.027  
 270.75    154.16  
 0.0    154.294  
 267.5    154.427  
 0.0    154.561  
 264.25    154.694  
 0.0    154.827  
 261.0    154.961  
 0.0    155.094  
 257.75    155.228  
 0.0    155.361  
 254.5    155.495  
 0.0    155.628  
 251.25    155.761  
 0.0    155.895  
 248.0    156.028  
 0.0    156.162  
 244.75    156.295  
 0.0    156.429  
 241.5    156.562  
 0.0    156.695  
 238.25    156.829  
 0.0    156.962  
 235.0    157.096  
 0.0    157.229  
 231.75    157.363  
 0.0    157.496  
 228.5    157.629  
 0.0    157.763  
 225.25    157.896  
 0.0    158.03  
 222.0    158.163  
 0.0    158.297  
 218.75    158.43  
 0.0    158.563  
 215.5    158.697  
 0.0    158.83  
 212.25    158.964  
 0.0    159.098  
 209.0    159.231  
 0.0    159.364  
 205.75    159.498  
 0.0    159.631  
 202.5    159.764  
 0.0    159.898  
 199.25    160.031  
 0.0    160.165  
 196.0    160.298  
 0.0    160.431  
 192.75    160.565  
 0.0    160.698  
 189.5    160.832  
 0.0    160.965  
 186.25    161.099  
 0.0    161.232  
 183.0    161.365  
 0.0    161.499  
 179.75    161.632  
 0.0    161.766  
 176.5    161.899  
 0.0    162.033  
 173.25    162.166  
 0.0    162.3  
 170.0    162.433  
 0.0    162.566  
 166.75    162.7  
 0.0    162.833  
 163.5    162.967  
 0.0    163.1  
 160.25    163.234  
 0.0    163.367  
 157.0    163.5  
 0.0    163.634  
 153.75    163.767  
 0.0    163.901  
 150.5    164.034  
 0.0    164.168  
 147.25    164.301  
 0.0    164.434  
 144.0    164.568  
 0.0    164.701  
 140.75    164.835  
 0.0    164.968  
 137.5    165.102  
 0.0    165.235  
 134.25    165.368  
 0.0    165.502  
 131.0    165.635  
 0.0    165.769  
 127.75    165.902  
 0.0    166.036  
 124.5    166.169  
 0.0    166.302  
 121.25    166.436  
 0.0    166.569  
 118.0    166.703  
 0.0    166.836  
 114.75    166.97  
 0.0    167.103  
 111.5    167.236  
 0.0    167.37  
 108.25    167.503  
 0.0    167.637  
 105.0    167.77  
 0.0    167.904  
 101.75    168.037  
 0.0    168.17  
 98.5    168.304  
 0.0    168.437  
 95.25    168.571  
 0.0    168.704  
 92.0    168.838  
 0.0    168.971  
 88.75    169.104  
 0.0    169.238  
 85.5    169.371  
 0.0    169.505  
 82.25    169.638  
 0.0    169.772  
 79.0    169.905  
 0.0    170.038  
 75.75    170.172  
 0.0    170.305  
 72.5    170.439  
 0.0    170.572  
 69.25    170.706  
 0.0    170.839  
 66.0    170.972  
 0.0    171.106  
 62.75    171.239  
 0.0    171.373  
 59.5    171.506  
 0.0    171.64  
 56.25    171.773  
 0.0    171.906  
 53.0    172.04  
 0.0    172.173  
 49.75    172.307  
 0.0    172.441  
 46.5    172.574  
 0.0    172.707  
 43.25    172.84  
 0.0    172.974  
 40.0    173.107  
 0.0    173.241  
 36.75    173.374  
 0.0    173.508  
 33.5    173.641  
 0.0    173.774  
 30.25    173.908  
 0.0    174.041  
 27.0    174.175  
 0.0    174.308  
 23.75    174.442  
 0.0    174.575  
 20.5    174.709  
 0.0    174.842  
 17.25    174.975  
 0.0    175.109  
 14.0    175.242  
 0.0    175.376  
 10.75    175.509  
 0.0    175.643  
 7.5    175.776  
 0.0    175.909  
 4.25    176.043  
 0.0    176.181  
 352.0    176.31  
 0.0    176.443  
 348.75    176.576  
 0.0    176.71  
 345.5    176.843  
 0.0    176.977  
 342.25    177.11  
 0.0    177.244  
 339.0    177.377  
 0.0    177.511  
 335.75    177.644  
 0.0    177.777  
 332.5    177.911  
 0.0    178.044  
 329.25    178.178  
 0.0    178.311  
 326.0    178.445  
 0.0    178.578  
 322.75    178.711  
 0.0    178.845  
 319.5    178.978  
 0.0    179.112  
 316.25    179.245  
 0.0    179.379  
 313.0    179.512  
 0.0    179.645  
 309.75    179.779  
 0.0    179.912  
 306.5    180.046  
 0.0    180.179  
 303.25    180.313  
 0.0    180.446  
 300.0    180.58  
 0.0    180.713  
 296.75    180.846  
 0.0    180.98  
 293.5    181.113  
 0.0    181.247  
 290.25    181.38  
 0.0    181.513  
 287.0    181.647  
 0.0    181.78  
 283.75    181.914  
 0.0    182.047  
 280.5    182.181  
 0.0    182.314  
 277.25    182.447  
 0.0    182.581  
 274.0    182.714  
 0.0    182.848  
 270.75    182.981  
 0.0    183.115  
 267.5    183.248  
 0.0    183.381  
 264.25    183.515  
 0.0    183.648  
 261.0    183.782  
 0.0    183.915  
 257.75    184.049  
 0.0    184.182  
 254.5    184.315  
 0.0    184.449  
 251.25    184.582  
 0.0    184.716  
 248.0    184.849  
 0.0    184.983  
 244.75    185.116  
 0.0    185.249  
 241.5    185.383  
 0.0    185.516  
 238.25    185.65  
 0.0    185.783  
 235.0    185.917  
 0.0    186.05  
 231.75    186.183  
 0.0    186.317  
 228.5    186.45  
 0.0    186.584  
 225.25    186.717  
 0.0    186.851  
 222.0    186.984  
 0.0    187.118  
 218.75    187.251  
 0.0    187.384  
 215.5    187.518  
 0.0    187.651  
 212.25    187.785  
 0.0    187.918  
 209.0    188.051  
 0.0    188.185  
 205.75    188.318  
 0.0    188.452  
 202.5    188.585  
 0.0    188.719  
 199.25    188.852  
 0.0    188.985  
 196.0    189.119  
 0.0    189.252  
 192.75    189.386  
 0.0    189.519  
 189.5    189.653  
 0.0    189.786  
 186.25    189.92  
 0.0    190.053  
 183.0    190.186  
 0.0    190.32  
 179.75    190.453  
 0.0    190.587  
 176.5    190.72  
 0.0    190.854  
 173.25    190.987  
 0.0    191.12  
 170.0    191.254  
 0.0    191.387  
 166.75    191.521  
 0.0    191.654  
 163.5    191.788  
 0.0    191.921  
 160.25    192.054  
 0.0    192.188  
 157.0    192.321  
 0.0    192.455  
 153.75    192.588  
 0.0    192.722  
 150.5    192.855  
 0.0    192.988  
 147.25    193.122  
 0.0    193.255  
 144.0    193.389  
 0.0    193.522  
 140.75    193.656  
 0.0    193.789  
 137.5    193.922  
 0.0    194.056  
 134.25    194.189  
 0.0    194.323  
 131.0    194.456  
 0.0    194.59  
 127.75    194.723  
 0.0    194.856  
 124.5    194.99  
 0.0    195.123  
 121.25    195.257  
 0.0    195.39  
 118.0    195.524  
 0.0    195.657  
 114.75    195.79  
 0.0    195.924  
 111.5    196.057  
 0.0    196.191  
 108.25    196.324  
 0.0    196.458  
 105.0    196.591  
 0.0    196.724  
 101.75    196.858  
 0.0    196.991  
 98.5    197.125  
 0.0    197.258  
 95.25    197.392  
 0.0    197.525  
 92.0    197.658  
 0.0    197.792  
 88.75    197.925  
 0.0    198.059  
 85.5    198.192  
 0.0    198.326  
 82.25    198.459  
 0.0    198.592  
 79.0    198.726  
 0.0    198.859  
 75.75    198.993  
 0.0    199.126  
 72.5    199.26  
 0.0    199.393  
 69.25    199.527  
 0.0    199.66  
 66.0    199.793  
 0.0    199.927  
 62.75    200.06  
 0.0    200.194  
 59.5    200.327  
 0.0    200.46  
 56.25    200.594  
 0.0    200.727  
 53.0    200.861  
 0.0    200.994  
 49.75    201.128  
 0.0    201.261  
 46.5    201.394  
 0.0    201.528  
 43.25    201.661  
 0.0    201.795  
 40.0    201.928  
 0.0    202.062  
 36.75    202.195  
 0.0    202.329  
 33.5    202.462  
 0.0    202.595  
 30.25    202.729  
 0.0    202.862  
 27.0    202.996  
 0.0    203.129  
 23.75    203.263  
 0.0    203.396  
 20.5    203.529  
 0.0    203.663  
 17.25    203.796  
 0.0    203.93  
 14.0    204.063  
 0.0    204.197  
 10.75    204.33  
 0.0    204.464  
 7.5    204.597  
 0.0    204.73  
 4.25    204.864  
 0.0    205.002  
 352.0    205.13  
 0.0    205.264  
 348.75    205.397  
 0.0    205.531  
 345.5    205.664  
 0.0    205.798  
 342.25    205.931  
 0.0    206.065  
 339.0    206.198  
 0.0    206.331  
 335.75    206.465  
 0.0    206.598  
 332.5    206.732  
 0.0    206.865  
 329.25    206.999  
 0.0    207.132  
 326.0    207.265  
 0.0    207.399  
 322.75    207.532  
 0.0    207.666  
 319.5    207.799  
 0.0    207.933  
 316.25    208.066  
 0.0    208.2  
 313.0    208.333  
 0.0    208.466  
 309.75    208.6  
 0.0    208.733  
 306.5    208.867  
 0.0    209.0  
 303.25    209.133  
 0.0    209.267  
 300.0    209.4  
 0.0    209.534  
 296.75    209.667  
 0.0    209.801  
 293.5    209.934  
 0.0    210.067  
 290.25    210.201  
 0.0    210.334  
 287.0    210.468  
 0.0    210.601  
 283.75    210.735  
 0.0    210.868  
 280.5    211.001  
 0.0    211.135  
 277.25    211.268  
 0.0    211.402  
 274.0    211.535  
 0.0    211.669  
 270.75    211.802  
 0.0    211.935  
 267.5    212.069  
 0.0    212.202  
 264.25    212.336  
 0.0    212.469  
 261.0    212.603  
 0.0    212.736  
 257.75    212.869  
 0.0    213.003  
 254.5    213.136  
 0.0    213.27  
 251.25    213.403  
 0.0    213.537  
 248.0    213.67  
 0.0    213.803  
 244.75    213.937  
 0.0    214.07  
 241.5    214.204  
 0.0    214.337  
 238.25    214.471  
 0.0    214.604  
 235.0    214.737  
 0.0    214.871  
 231.75    215.004  
 0.0    215.138  
 228.5    215.271  
 0.0    215.405  
 225.25    215.538  
 0.0    215.671  
 222.0    215.805  
 0.0    215.938  
 218.75    216.072  
 0.0    216.205  
 215.5    216.339  
 0.0    216.472  
 212.25    216.605  
 0.0    216.739  
 209.0    216.872  
 0.0    217.006  
 205.75    217.139  
 0.0    217.273  
 202.5    217.406  
 0.0    217.54  
 199.25    217.673  
 0.0    217.806  
 196.0    217.94  
 0.0    218.073  
 192.75    218.207  
 0.0    218.34  
 189.5    218.474  
 0.0    218.607  
 186.25    218.74  
 0.0    218.874  
 183.0    219.007  
 0.0    219.141  
 179.75    219.274  
 0.0    219.408  
 176.5    219.541  
 0.0    219.674  
 173.25    219.808  
 0.0    219.941  
 170.0    220.075  
 0.0    220.208  
 166.75    220.342  
 0.0    220.475  
 163.5    220.608  
 0.0    220.742  
 160.25    220.875  
 0.0    221.009  
 157.0    221.142  
 0.0    221.276  
 153.75    221.409  
 0.0    221.542  
 150.5    221.676  
 0.0    221.809  
 147.25    221.943  
 0.0    222.076  
 144.0    222.21  
 0.0    222.343  
 140.75    222.477  
 0.0    222.61  
 137.5    222.743  
 0.0    222.877  
 134.25    223.01  
 0.0    223.144  
 131.0    223.277  
 0.0    223.41  
 127.75    223.544  
 0.0    223.677  
 124.5    223.811  
 0.0    223.944  
 121.25    224.078  
 0.0    224.211  
 118.0    224.345  
 0.0    224.478  
 114.75    224.611  
 0.0    224.745  
 111.5    224.878  
 0.0    225.012  
 108.25    225.145  
 0.0    225.279  
 105.0    225.412  
 0.0    225.545  
 101.75    225.679  
 0.0    225.812  
 98.5    225.946  
 0.0    226.079  
 95.25    226.213  
 0.0    226.346  
 92.0    226.479  
 0.0    226.613  
 88.75    226.746  
 0.0    226.88  
 85.5    227.013  
 0.0    227.146  
 82.25    227.28  
 0.0    227.413  
 79.0    227.547  
 0.0    227.68  
 75.75    227.814  
 0.0    227.947  
 72.5    228.081  
 0.0    228.214  
 69.25    228.347  
 0.0    228.481  
 66.0    228.614  
 0.0    228.748  
 62.75    228.881  
 0.0    229.014  
 59.5    229.148  
 0.0    229.281  
 56.25    229.415  
 0.0    229.548  
 53.0    229.682  
 0.0    229.815  
 49.75    229.949  
 0.0    230.082  
 46.5    230.215  
 0.0    230.349  
 43.25    230.482  
 0.0    230.616  
 40.0    230.749  
 0.0    230.883  
 36.75    231.016  
 0.0    231.149  
 33.5    231.283  
 0.0    231.416  
 30.25    231.55  
 0.0    231.683  
 27.0    231.816  
 0.0    231.95  
 23.75    232.083  
 0.0    232.217  
 20.5    232.35  
 0.0    232.484  
 17.25    232.617  
 0.0    232.751  
 14.0    232.884  
 0.0    233.017  
 10.75    233.151  
 0.0    233.284  
 7.5    233.418  
 0.0    233.551  
 4.25    233.685  
 0.0    233.824  
 352.0    233.954  
 0.0    234.085  
 348.75    234.218  
 0.0    234.352  
 345.5    234.485  
 0.0    234.619  
 342.25    234.752  
 0.0    234.885  
 339.0    235.019  
 0.0    235.152  
 335.75    235.286  
 0.0    235.419  
 332.5    235.553  
 0.0    235.686  
 329.25    235.819  
 0.0    235.953  
 326.0    236.086  
 0.0    236.22  
 322.75    236.353  
 0.0    236.487  
 319.5    236.62  
 0.0    236.753  
 316.25    236.887  
 0.0    237.02  
 313.0    237.154  
 0.0    237.287  
 309.75    237.421  
 0.0    237.554  
 306.5    237.687  
 0.0    237.821  
 303.25    237.954  
 0.0    238.088  
 300.0    238.221  
 0.0    238.355  
 296.75    238.488  
 0.0    238.621  
 293.5    238.755  
 0.0    238.888  
 290.25    239.022  
 0.0    239.155  
 287.0    239.289  
 0.0    239.422  
 283.75    239.556  
 0.0    239.689  
 280.5    239.822  
 0.0    239.956  
 277.25    240.089  
 0.0    240.223  
 274.0    240.356  
 0.0    240.489  
 270.75    240.623  
 0.0    240.756  
 267.5    240.89  
 0.0    241.023  
 264.25    241.157  
 0.0    241.29  
 261.0    241.424  
 0.0    241.557  
 257.75    241.69  
 0.0    241.824  
 254.5    241.957  
 0.0    242.091  
 251.25    242.224  
 0.0    242.358  
 248.0    242.491  
 0.0    242.624  
 244.75    242.758  
 0.0    242.891  
 241.5    243.025  
 0.0    243.158  
 238.25    243.291  
 0.0    243.425  
 235.0    243.558  
 0.0    243.692  
 231.75    243.825  
 0.0    243.959  
 228.5    244.092  
 0.0    244.226  
 225.25    244.359  
 0.0    244.492  
 222.0    244.626  
 0.0    244.759  
 218.75    244.893  
 0.0    245.026  
 215.5    245.16  
 0.0    245.293  
 212.25    245.426  
 0.0    245.56  
 209.0    245.693  
 0.0    245.827  
 205.75    245.96  
 0.0    246.094  
 202.5    246.227  
 0.0    246.36  
 199.25    246.494  
 0.0    246.627  
 196.0    246.761  
 0.0    246.894  
 192.75    247.028  
 0.0    247.161  
 189.5    247.294  
 0.0    247.428  
 186.25    247.561  
 0.0    247.695  
 183.0    247.828  
 0.0    247.962  
 179.75    248.095  
 0.0    248.229  
 176.5    248.362  
 0.0    248.495  
 173.25    248.629  
 0.0    248.762  
 170.0    248.896  
 0.0    249.029  
 166.75    249.162  
 0.0    249.296  
 163.5    249.429  
 0.0    249.563  
 160.25    249.696  
 0.0    249.83  
 157.0    249.963  
 0.0    250.096  
 153.75    250.23  
 0.0    250.363  
 150.5    250.497  
 0.0    250.63  
 147.25    250.764  
 0.0    250.897  
 144.0    251.031  
 0.0    251.164  
 140.75    251.297  
 0.0    251.431  
 137.5    251.564  
 0.0    251.698  
 134.25    251.831  
 0.0    251.965  
 131.0    252.098  
 0.0    252.231  
 127.75    252.365  
 0.0    252.498  
 124.5    252.632  
 0.0    252.765  
 121.25    252.898  
 0.0    253.032  
 118.0    253.165  
 0.0    253.299  
 114.75    253.432  
 0.0    253.566  
 111.5    253.699  
 0.0    253.833  
 108.25    253.966  
 0.0    254.099  
 105.0    254.233  
 0.0    254.366  
 101.75    254.5  
 0.0    254.633  
 98.5    254.767  
 0.0    254.9  
 95.25    255.033  
 0.0    255.167  
 92.0    255.3  
 0.0    255.434  
 88.75    255.567  
 0.0    255.7  
 85.5    255.834  
 0.0    255.967  
 82.25    256.101  
 0.0    256.234  
 79.0    256.368  
 0.0    256.501  
 75.75    256.635  
 0.0    256.768  
 72.5    256.901  
 0.0    257.035  
 69.25    257.168  
 0.0    257.302  
 66.0    257.435  
 0.0    257.569  
 62.75    257.702  
 0.0    257.835  
 59.5    257.969  
 0.0    258.102  
 56.25    258.236  
 0.0    258.369  
 53.0    258.503  
 0.0    258.636  
 49.75    258.769  
 0.0    258.903  
 46.5    259.036  
 0.0    259.17  
 43.25    259.303  
 0.0    259.437  
 40.0    259.57  
 0.0    259.703  
 36.75    259.837  
 0.0    259.97  
 33.5    260.104  
 0.0    260.238  
 30.25    260.371  
 0.0    260.504  
 27.0    260.637  
 0.0    260.771  
 23.75    260.904  
 0.0    261.038  
 20.5    261.171  
 0.0    261.305  
 17.25    261.438  
 0.0    261.571  
 14.0    261.705  
 0.0    261.838  
 10.75    261.972  
 0.0    262.105  
 7.5    262.239  
 0.0    262.372  
 4.25    262.505  
 0.0    262.645  
 352.0    262.775  
 0.0    262.906  
 348.75    263.039  
 0.0    263.173  
 345.5    263.306  
 0.0    263.44  
 342.25    263.573  
 0.0    263.706  
 339.0    263.84  
 0.0    263.973  
 335.75    264.107  
 0.0    264.24  
 332.5    264.374  
 0.0    264.507  
 329.25    264.64  
 0.0    264.774  
 326.0    264.907  
 0.0    265.041  
 322.75    265.174  
 0.0    265.308  
 319.5    265.441  
 0.0    265.574  
 316.25    265.708  
 0.0    265.841  
 313.0    265.975  
 0.0    266.108  
 309.75    266.242  
 0.0    266.375  
 306.5    266.508  
 0.0    266.642  
 303.25    266.775  
 0.0    266.909  
 300.0    267.042  
 0.0    267.175  
 296.75    267.309  
 0.0    267.442  
 293.5    267.576  
 0.0    267.709  
 290.25    267.843  
 0.0    267.976  
 287.0    268.11  
 0.0    268.243  
 283.75    268.376  
 0.0    268.51  
 280.5    268.643  
 0.0    268.777  
 277.25    268.91  
 0.0    269.043  
 274.0    269.177  
 0.0    269.31  
 270.75    269.444  
 0.0    269.577  
 267.5    269.711  
 0.0    269.844  
 264.25    269.978  
 0.0    270.111  
 261.0    270.244  
 0.0    270.378  
 257.75    270.511  
 0.0    270.645  
 254.5    270.778  
 0.0    270.912  
 251.25    271.045  
 0.0    271.178  
 248.0    271.312  
 0.0    271.445  
 244.75    271.579  
 0.0    271.712  
 241.5    271.846  
 0.0    271.979  
 238.25    272.112  
 0.0    272.246  
 235.0    272.379  
 0.0    272.513  
 231.75    272.646  
 0.0    272.78  
 228.5    272.913  
 0.0    273.046  
 225.25    273.18  
 0.0    273.313  
 222.0    273.447  
 0.0    273.58  
 218.75    273.714  
 0.0    273.847  
 215.5    273.98  
 0.0    274.114  
 212.25    274.247  
 0.0    274.381  
 209.0    274.514  
 0.0    274.648  
 205.75    274.781  
 0.0    274.914  
 202.5    275.048  
 0.0    275.181  
 199.25    275.315  
 0.0    275.448  
 196.0    275.582  
 0.0    275.715  
 192.75    275.848  
 0.0    275.982  
 189.5    276.115  
 0.0    276.249  
 186.25    276.382  
 0.0    276.516  
 183.0    276.649  
 0.0    276.783  
 179.75    276.916  
 0.0    277.049  
 176.5    277.183  
 0.0    277.316  
 173.25    277.45  
 0.0    277.583  
 170.0    277.716  
 0.0    277.85  
 166.75    277.983  
 0.0    278.117  
 163.5    278.25  
 0.0    278.384  
 160.25    278.517  
 0.0    278.65  
 157.0    278.784  
 0.0    278.917  
 153.75    279.051  
 0.0    279.184  
 150.5    279.318  
 0.0    279.451  
 147.25    279.585  
 0.0    279.718  
 144.0    279.851  
 0.0    279.985  
 140.75    280.118  
 0.0    280.252  
 137.5    280.385  
 0.0    280.519  
 134.25    280.652  
 0.0    280.786  
 131.0    280.919  
 0.0    281.052  
 127.75    281.186  
 0.0    281.319  
 124.5    281.453  
 0.0    281.586  
 121.25    281.719  
 0.0    281.853  
 118.0    281.986  
 0.0    282.12  
 114.75    282.253  
 0.0    282.387  
 111.5    282.52  
 0.0    282.653  
 108.25    282.787  
 0.0    282.92  
 105.0    283.054  
 0.0    283.187  
 101.75    283.321  
 0.0    283.454  
 98.5    283.587  
 0.0    283.721  
 95.25    283.854  
 0.0    283.988  
 92.0    284.121  
 0.0    284.255  
 88.75    284.388  
 0.0    284.521  
 85.5    284.655  
 0.0    284.788  
 82.25    284.922  
 0.0    285.055  
 79.0    285.189  
 0.0    285.322  
 75.75    285.455  
 0.0    285.589  
 72.5    285.722  
 0.0    285.856  
 69.25    285.989  
 0.0    286.123  
 66.0    286.256  
 0.0    286.389  
 62.75    286.523  
 0.0    286.656  
 59.5    286.79  
 0.0    286.923  
 56.25    287.057  
 0.0    287.19  
 53.0    287.323  
 0.0    287.457  
 49.75    287.59  
 0.0    287.724  
 46.5    287.857  
 0.0    287.991  
 43.25    288.124  
 0.0    288.257  
 40.0    288.391  
 0.0    288.524  
 36.75    288.658  
 0.0    288.791  
 33.5    288.925  
 0.0    289.058  
 30.25    289.191  
 0.0    289.325  
 27.0    289.458  
 0.0    289.592  
 23.75    289.725  
 0.0    289.859  
 20.5    289.992  
 0.0    290.126  
 17.25    290.259  
 0.0    290.392  
 14.0    290.526  
 0.0    290.659  
 10.75    290.793  
 0.0    290.926  
 7.5    291.06  
 0.0    291.193  
 4.25    291.326  
 0.0    291.468  
 352.0    291.61  
 0.0    291.743  
 348.75    291.877  
 0.0    292.01  
 345.5    292.144  
 0.0    292.277  
 342.25    292.411  
 0.0    292.544  
 339.0    292.677  
 0.0    292.811  
 335.75    292.944  
 0.0    293.078  
 332.5    293.211  
 0.0    293.345  
 329.25    293.478  
 0.0    293.611  
 326.0    293.745  
 0.0    293.878  
 322.75    294.012  
 0.0    294.145  
 319.5    294.279  
 0.0    294.412  
 316.25    294.545  
 0.0    294.679  
 313.0    294.813  
 0.0    294.946  
 309.75    295.079  
 0.0    295.213  
 306.5    295.346  
 0.0    295.479  
 303.25    295.613  
 0.0    295.746  
 300.0    295.88  
 0.0    296.013  
 296.75    296.147  
 0.0    296.28  
 293.5    296.414  
 0.0    296.547  
 290.25    296.68  
 0.0    296.814  
 287.0    296.947  
 0.0    297.08  
 283.75    297.214  
 0.0    297.347  
 280.5    297.481  
 0.0    297.614  
 277.25    297.748  
 0.0    297.881  
 274.0    298.015  
 0.0    298.148  
 270.75    298.281  
 0.0    298.415  
 267.5    298.548  
 0.0    298.682  
 264.25    298.815  
 0.0    298.948  
 261.0    299.082  
 0.0    299.215  
 257.75    299.349  
 0.0    299.482  
 254.5    299.616  
 0.0    299.749  
 251.25    299.883  
 0.0    300.016  
 248.0    300.149  
 0.0    300.283  
 244.75    300.416  
 0.0    300.55  
 241.5    300.683  
 0.0    300.817  
 238.25    300.95  
 0.0    301.083  
 235.0    301.217  
 0.0    301.35  
 231.75    301.484  
 0.0    301.617  
 228.5    301.751  
 0.0    301.884  
 225.25    302.017  
 0.0    302.151  
 222.0    302.284  
 0.0    302.418  
 218.75    302.551  
 0.0    302.685  
 215.5    302.818  
 0.0    302.951  
 212.25    303.085  
 0.0    303.218  
 209.0    303.352  
 0.0    303.485  
 205.75    303.619  
 0.0    303.752  
 202.5    303.885  
 0.0    304.019  
 199.25    304.152  
 0.0    304.286  
 196.0    304.419  
 0.0    304.553  
 192.75    304.686  
 0.0    304.82  
 189.5    304.953  
 0.0    305.086  
 186.25    305.22  
 0.0    305.353  
 183.0    305.487  
 0.0    305.62  
 179.75    305.754  
 0.0    305.887  
 176.5    306.02  
 0.0    306.154  
 173.25    306.287  
 0.0    306.421  
 170.0    306.554  
 0.0    306.688  
 166.75    306.821  
 0.0    306.954  
 163.5    307.088  
 0.0    307.221  
 160.25    307.355  
 0.0    307.488  
 157.0    307.622  
 0.0    307.755  
 153.75    307.888  
 0.0    308.022  
 150.5    308.155  
 0.0    308.289  
 147.25    308.422  
 0.0    308.556  
 144.0    308.689  
 0.0    308.822  
 140.75    308.956  
 0.0    309.089  
 137.5    309.223  
 0.0    309.356  
 134.25    309.49  
 0.0    309.623  
 131.0    309.756  
 0.0    309.89  
 127.75    310.023  
 0.0    310.157  
 124.5    310.29  
 0.0    310.424  
 121.25    310.557  
 0.0    310.69  
 118.0    310.824  
 0.0    310.957  
 114.75    311.091  
 0.0    311.224  
 111.5    311.358  
 0.0    311.491  
 108.25    311.624  
 0.0    311.758  
 105.0    311.891  
 0.0    312.025  
 101.75    312.158  
 0.0    312.292  
 98.5    312.425  
 0.0    312.558  
 95.25    312.692  
 0.0    312.825  
 92.0    312.959  
 0.0    313.092  
 88.75    313.226  
 0.0    313.359  
 85.5    313.492  
 0.0    313.626  
 82.25    313.759  
 0.0    313.893  
 79.0    314.026  
 0.0    314.16  
 75.75    314.293  
 0.0    314.426  
 72.5    314.56  
 0.0    314.693  
 69.25    314.827  
 0.0    314.96  
 66.0    315.094  
 0.0    315.227  
 62.75    315.36  
 0.0    315.494  
 59.5    315.627  
 0.0    315.761  
 56.25    315.894  
 0.0    316.028  
 53.0    316.161  
 0.0    316.294  
 49.75    316.428  
 0.0    316.561  
 46.5    316.695  
 0.0    316.828  
 43.25    316.962  
 0.0    317.095  
 40.0    317.228  
 0.0    317.362  
 36.75    317.495  
 0.0    317.629  
 33.5    317.762  
 0.0    317.896  
 30.25    318.029  
 0.0    318.163  
 27.0    318.296  
 0.0    318.429  
 23.75    318.563  
 0.0    318.696  
 20.5    318.83  
 0.0    318.963  
 17.25    319.097  
 0.0    319.23  
 14.0    319.363  
 0.0    319.497  
 10.75    319.63  
 0.0    319.764  
 7.5    319.897  
 0.0    320.03  
 4.25    320.164  
