 33.334    33.334  
 0.0    33.351  
 4.0    33.486  
 0.0    33.619  
 4.15384615385    33.753  
 0.0    33.887  
 4.30769230769    34.021  
 0.0    34.155  
 4.46153846154    34.289  
 0.0    34.422  
 4.61538461538    34.556  
 0.0    34.69  
 4.76923076923    34.823  
 0.0    34.957  
 4.92307692308    35.102  
 0.0    35.237  
 5.07692307692    35.371  
 0.0    35.505  
 5.23076923077    35.639  
 0.0    35.773  
 5.38461538462    35.907  
 0.0    36.04  
 5.53846153846    36.174  
 0.0    36.307  
 5.69230769231    36.441  
 0.0    36.575  
 5.84615384615    36.708  
 0.0    36.852  
 6.0    36.987  
 0.0    37.121  
 6.15384615385    37.255  
 0.0    37.389  
 6.30769230769    37.523  
 0.0    37.656  
 6.46153846154    37.79  
 0.0    37.924  
 6.61538461538    38.057  
 0.0    38.191  
 6.76923076923    38.325  
 0.0    38.458  
 6.92307692308    38.592  
 0.0    38.725  
 7.07692307692    38.859  
 0.0    38.993  
 7.23076923077    39.126  
 0.0    39.26  
 7.38461538462    39.404  
 0.0    39.539  
 7.53846153846    39.673  
 0.0    39.807  
 7.69230769231    39.94  
 0.0    40.074  
 7.84615384615    40.207  
 0.0    40.341  
 8.0    40.475  
 0.0    40.609  
 8.15384615385    40.743  
 0.0    40.877  
 8.30769230769    41.011  
 0.0    41.157  
 8.46153846154    41.291  
 0.0    41.425  
 8.61538461538    41.558  
 0.0    41.692  
 8.76923076923    41.825  
 0.0    41.961  
 8.92307692308    42.095  
 0.0    42.228  
 9.07692307692    42.362  
 0.0    42.495  
 9.23076923077    42.629  
 0.0    42.774  
 9.38461538462    42.909  
 0.0    43.043  
 9.53846153846    43.177  
 0.0    43.311  
 9.69230769231    43.445  
 0.0    43.579  
 9.84615384615    43.713  
 0.0    43.857  
 10.0    43.992  
 0.0    44.127  
 10.1538461538    44.26  
 0.0    44.394  
 10.3076923077    44.529  
 0.0    44.663  
 10.4615384615    44.797  
 0.0    44.931  
 10.6153846154    45.076  
 0.0    45.211  
 10.7692307692    45.344  
 0.0    45.478  
 10.9230769231    45.613  
 0.0    45.747  
 11.0769230769    45.881  
 0.0    46.014  
 11.2307692308    46.148  
 0.0    46.293  
 11.3846153846    46.428  
 0.0    46.562  
 11.5384615385    46.695  
 0.0    46.829  
 11.6923076923    46.963  
 0.0    47.097  
 11.8461538462    47.23  
 0.0    47.364  
 12.0    47.498  
 0.0    47.632  
 12.1538461538    47.766  
 0.0    47.9  
 12.3076923077    48.043  
 0.0    48.179  
 12.4615384615    48.313  
 0.0    48.447  
 12.6153846154    48.581  
 0.0    48.715  
 12.7692307692    48.849  
 0.0    48.983  
 12.9230769231    49.117  
 0.0    49.262  
 13.0769230769    49.397  
 0.0    49.531  
 13.2307692308    49.664  
 0.0    49.799  
 13.3846153846    49.933  
 0.0    50.067  
 13.5384615385    50.201  
 0.0    50.335  
 13.6923076923    50.48  
 0.0    50.615  
 13.8461538462    50.748  
 0.0    50.882  
 14.0    51.016  
 0.0    51.15  
 14.1538461538    51.283  
 0.0    51.417  
 14.3076923077    51.551  
 0.0    51.685  
 14.4615384615    51.819  
 0.0    51.952  
 14.6153846154    52.086  
 0.0    52.231  
 14.7692307692    52.366  
 0.0    52.499  
 14.9230769231    52.633  
 0.0    52.767  
 15.0769230769    52.901  
 0.0    53.034  
 15.2307692308    53.168  
 0.0    53.302  
 15.3846153846    53.436  
 0.0    53.57  
 15.5384615385    53.704  
 0.0    53.837  
 15.6923076923    53.982  
 0.0    54.117  
 15.8461538462    54.252  
 0.0    54.386  
 16.0    54.52  
 0.0    54.654  
 16.1538461538    54.788  
 0.0    54.922  
 16.3076923077    55.067  
 0.0    55.201  
 16.4615384615    55.335  
 0.0    55.469  
 16.6153846154    55.603  
 0.0    55.737  
 16.7692307692    55.872  
 0.0    56.006  
 16.9230769231    56.149  
 0.0    56.284  
 17.0769230769    56.419  
 0.0    56.552  
 17.2307692308    56.686  
 0.0    56.82  
 17.3846153846    56.954  
 0.0    57.087  
 17.5384615385    57.221  
 0.0    57.355  
 17.6923076923    57.489  
 0.0    57.622  
 17.8461538462    57.756  
 0.0    57.89  
 18.0    58.024  
 0.0    58.169  
 18.1538461538    58.303  
 0.0    58.437  
 18.3076923077    58.571  
 0.0    58.704  
 18.4615384615    58.838  
 0.0    58.971  
 18.6153846154    59.105  
 0.0    59.239  
 18.7692307692    59.375  
 0.0    59.518  
 18.9230769231    59.653  
 0.0    59.788  
 19.0769230769    59.921  
 0.0    60.055  
 19.2307692308    60.189  
 0.0    60.322  
 19.3846153846    60.456  
 0.0    60.59  
 19.5384615385    60.724  
 0.0    60.858  
 19.6923076923    60.992  
 0.0    61.125  
 19.8461538462    61.259  
 0.0    61.403  
 4.0    61.538  
 0.0    61.673  
 4.15384615385    61.806  
 0.0    61.94  
 4.30769230769    62.074  
 0.0    62.208  
 4.46153846154    62.342  
 0.0    62.476  
 4.61538461538    62.61  
 0.0    62.744  
 4.76923076923    62.877  
 0.0    63.022  
 4.92307692308    63.157  
 0.0    63.291  
 5.07692307692    63.424  
 0.0    63.558  
 5.23076923077    63.692  
 0.0    63.826  
 5.38461538462    63.959  
 0.0    64.093  
 5.53846153846    64.227  
 0.0    64.361  
 5.69230769231    64.495  
 0.0    64.628  
 5.84615384615    64.772  
 0.0    64.907  
 6.0    65.042  
 0.0    65.175  
 6.15384615385    65.309  
 0.0    65.443  
 6.30769230769    65.577  
 0.0    65.71  
 6.46153846154    65.844  
 0.0    65.978  
 6.61538461538    66.112  
 0.0    66.245  
 6.76923076923    66.379  
 0.0    66.513  
 6.92307692308    66.646  
 0.0    66.79  
 7.07692307692    66.925  
 0.0    67.06  
 7.23076923077    67.193  
 0.0    67.327  
 7.38461538462    67.46  
 0.0    67.594  
 7.53846153846    67.728  
 0.0    67.861  
 7.69230769231    67.995  
 0.0    68.129  
 7.84615384615    68.263  
 0.0    68.396  
 8.0    68.53  
 0.0    68.664  
 8.15384615385    68.798  
 0.0    68.931  
 8.30769230769    69.065  
 0.0    69.208  
 8.46153846154    69.344  
 0.0    69.478  
 8.61538461538    69.612  
 0.0    69.745  
 8.76923076923    69.879  
 0.0    70.012  
 8.92307692308    70.146  
 0.0    70.28  
 9.07692307692    70.413  
 0.0    70.547  
 9.23076923077    70.681  
 0.0    70.814  
 9.38461538462    70.948  
 0.0    71.082  
 9.53846153846    71.216  
 0.0    71.349  
 9.69230769231    71.483  
 0.0    71.617  
 9.84615384615    71.762  
 0.0    71.897  
 10.0    72.03  
 0.0    72.164  
 10.1538461538    72.297  
 0.0    72.431  
 10.3076923077    72.565  
 0.0    72.698  
 10.4615384615    72.832  
 0.0    72.966  
 10.6153846154    73.1  
 0.0    73.233  
 10.7692307692    73.367  
 0.0    73.501  
 10.9230769231    73.635  
 0.0    73.768  
 11.0769230769    73.912  
 0.0    74.047  
 11.2307692308    74.182  
 0.0    74.315  
 11.3846153846    74.449  
 0.0    74.583  
 11.5384615385    74.716  
 0.0    74.85  
 11.6923076923    74.984  
 0.0    75.118  
 11.8461538462    75.252  
 0.0    75.385  
 12.0    75.519  
 0.0    75.653  
 12.1538461538    75.787  
 0.0    75.93  
 12.3076923077    76.065  
 0.0    76.2  
 12.4615384615    76.333  
 0.0    76.468  
 12.6153846154    76.602  
 0.0    76.736  
 12.7692307692    76.87  
 0.0    77.003  
 12.9230769231    77.137  
 0.0    77.283  
 13.0769230769    77.417  
 0.0    77.551  
 13.2307692308    77.685  
 0.0    77.819  
 13.3846153846    77.953  
 0.0    78.086  
 13.5384615385    78.221  
 0.0    78.354  
 13.6923076923    78.488  
 0.0    78.622  
 13.8461538462    78.765  
 0.0    78.901  
 14.0    79.035  
 0.0    79.169  
 14.1538461538    79.302  
 0.0    79.436  
 14.3076923077    79.57  
 0.0    79.704  
 14.4615384615    79.837  
 0.0    79.971  
 14.6153846154    80.105  
 0.0    80.239  
 14.7692307692    80.373  
 0.0    80.506  
 14.9230769231    80.64  
 0.0    80.784  
 15.0769230769    80.919  
 0.0    81.054  
 15.2307692308    81.188  
 0.0    81.322  
 15.3846153846    81.456  
 0.0    81.59  
 15.5384615385    81.724  
 0.0    81.857  
 15.6923076923    81.991  
 0.0    82.135  
 15.8461538462    82.27  
 0.0    82.404  
 16.0    82.539  
 0.0    82.673  
 16.1538461538    82.807  
 0.0    82.941  
 16.3076923077    83.076  
 0.0    83.22  
 16.4615384615    83.355  
 0.0    83.489  
 16.6153846154    83.623  
 0.0    83.757  
 16.7692307692    83.892  
 0.0    84.026  
 16.9230769231    84.169  
 0.0    84.305  
 17.0769230769    84.44  
 0.0    84.574  
 17.2307692308    84.708  
 0.0    84.842  
 17.3846153846    84.976  
 0.0    85.11  
 17.5384615385    85.244  
 0.0    85.388  
 17.6923076923    85.523  
 0.0    85.657  
 17.8461538462    85.792  
 0.0    85.926  
 18.0    86.06  
 0.0    86.194  
 18.1538461538    86.328  
 0.0    86.473  
 18.3076923077    86.608  
 0.0    86.741  
 18.4615384615    86.876  
 0.0    87.009  
 18.6153846154    87.143  
 0.0    87.277  
 18.7692307692    87.411  
 0.0    87.545  
 18.9230769231    87.69  
 0.0    87.825  
 19.0769230769    87.96  
 0.0    88.094  
 19.2307692308    88.228  
 0.0    88.362  
 19.3846153846    88.507  
 0.0    88.642  
 19.5384615385    88.776  
 0.0    88.909  
 19.6923076923    89.043  
 0.0    89.177  
 19.8461538462    89.311  
 0.0    89.452  
 4.0    89.59  
 0.0    89.725  
 4.15384615385    89.86  
 0.0    89.993  
 4.30769230769    90.127  
 0.0    90.261  
 4.46153846154    90.395  
 0.0    90.528  
 4.61538461538    90.662  
 0.0    90.796  
 4.76923076923    90.93  
 0.0    91.063  
 4.92307692308    91.197  
 0.0    91.331  
 5.07692307692    91.465  
 0.0    91.608  
 5.23076923077    91.743  
 0.0    91.878  
 5.38461538462    92.011  
 0.0    92.145  
 5.53846153846    92.278  
 0.0    92.412  
 5.69230769231    92.545  
 0.0    92.679  
 5.84615384615    92.813  
 0.0    92.947  
 6.0    93.08  
 0.0    93.214  
 6.15384615385    93.348  
 0.0    93.481  
 6.30769230769    93.615  
 0.0    93.749  
 6.46153846154    93.883  
 0.0    94.026  
 6.61538461538    94.162  
 0.0    94.296  
 6.76923076923    94.43  
 0.0    94.563  
 6.92307692308    94.697  
 0.0    94.831  
 7.07692307692    94.965  
 0.0    95.098  
 7.23076923077    95.232  
 0.0    95.366  
 7.38461538462    95.5  
 0.0    95.634  
 7.53846153846    95.767  
 0.0    95.913  
 7.69230769231    96.047  
 0.0    96.181  
 7.84615384615    96.315  
 0.0    96.448  
 8.0    96.582  
 0.0    96.715  
 8.15384615385    96.849  
 0.0    96.983  
 8.30769230769    97.117  
 0.0    97.251  
 8.46153846154    97.384  
 0.0    97.518  
 8.61538461538    97.652  
 0.0    97.785  
 8.76923076923    97.919  
 0.0    98.064  
 8.92307692308    98.199  
 0.0    98.333  
 9.07692307692    98.466  
 0.0    98.6  
 9.23076923077    98.733  
 0.0    98.867  
 9.38461538462    99.001  
 0.0    99.135  
 9.53846153846    99.269  
 0.0    99.402  
 9.69230769231    99.536  
 0.0    99.67  
 9.84615384615    99.804  
 0.0    99.949  
 10.0    100.084  
 0.0    100.217  
 10.1538461538    100.351  
 0.0    100.484  
 10.3076923077    100.618  
 0.0    100.753  
 10.4615384615    100.887  
 0.0    101.021  
 10.6153846154    101.155  
 0.0    101.3  
 10.7692307692    101.435  
 0.0    101.568  
 10.9230769231    101.702  
 0.0    101.836  
 11.0769230769    101.97  
 0.0    102.104  
 11.2307692308    102.238  
 0.0    102.372  
 11.3846153846    102.506  
 0.0    102.649  
 11.5384615385    102.784  
 0.0    102.919  
 11.6923076923    103.053  
 0.0    103.186  
 11.8461538462    103.32  
 0.0    103.453  
 12.0    103.587  
 0.0    103.721  
 12.1538461538    103.856  
 0.0    103.99  
 12.3076923077    104.124  
 0.0    104.269  
 12.4615384615    104.404  
 0.0    104.537  
 12.6153846154    104.672  
 0.0    104.806  
 12.7692307692    104.94  
 0.0    105.074  
 12.9230769231    105.208  
 0.0    105.351  
 13.0769230769    105.487  
 0.0    105.621  
 13.2307692308    105.755  
 0.0    105.89  
 13.3846153846    106.024  
 0.0    106.157  
 13.5384615385    106.291  
 0.0    106.425  
 13.6923076923    106.559  
 0.0    106.702  
 13.8461538462    106.837  
 0.0    106.972  
 14.0    107.106  
 0.0    107.239  
 14.1538461538    107.373  
 0.0    107.507  
 14.3076923077    107.641  
 0.0    107.775  
 14.4615384615    107.909  
 0.0    108.043  
 14.6153846154    108.177  
 0.0    108.322  
 14.7692307692    108.457  
 0.0    108.59  
 14.9230769231    108.724  
 0.0    108.858  
 15.0769230769    108.992  
 0.0    109.126  
 15.2307692308    109.26  
 0.0    109.393  
 15.3846153846    109.527  
 0.0    109.661  
 15.5384615385    109.806  
 0.0    109.941  
 15.6923076923    110.075  
 0.0    110.209  
 15.8461538462    110.342  
 0.0    110.476  
 16.0    110.61  
 0.0    110.744  
 16.1538461538    110.878  
 0.0    111.012  
 16.3076923077    111.146  
 0.0    111.29  
 16.4615384615    111.426  
 0.0    111.559  
 16.6153846154    111.693  
 0.0    111.827  
 16.7692307692    111.961  
 0.0    112.095  
 16.9230769231    112.229  
 0.0    112.363  
 17.0769230769    112.497  
 0.0    112.641  
 17.2307692308    112.776  
 0.0    112.911  
 17.3846153846    113.045  
 0.0    113.179  
 17.5384615385    113.313  
 0.0    113.447  
 17.6923076923    113.592  
 0.0    113.727  
 17.8461538462    113.861  
 0.0    113.995  
 18.0    114.129  
 0.0    114.263  
 18.1538461538    114.397  
 0.0    114.531  
 18.3076923077    114.675  
 0.0    114.81  
 18.4615384615    114.944  
 0.0    115.078  
 18.6153846154    115.212  
 0.0    115.346  
 18.7692307692    115.481  
 0.0    115.615  
 18.9230769231    115.749  
 0.0    115.894  
 19.0769230769    116.029  
 0.0    116.162  
 19.2307692308    116.297  
 0.0    116.431  
 19.3846153846    116.565  
 0.0    116.699  
 19.5384615385    116.833  
 0.0    116.976  
 19.6923076923    117.112  
 0.0    117.246  
 19.8461538462    117.38  
 0.0    117.524  
 4.0    117.66  
 0.0    117.796  
 4.15384615385    117.93  
 0.0    118.063  
 4.30769230769    118.197  
 0.0    118.331  
 4.46153846154    118.464  
 0.0    118.598  
 4.61538461538    118.732  
 0.0    118.866  
 4.76923076923    118.999  
 0.0    119.133  
 4.92307692308    119.267  
 0.0    119.4  
 5.07692307692    119.534  
 0.0    119.668  
 5.23076923077    119.801  
 0.0    119.935  
 5.38461538462    120.08  
 0.0    120.215  
 5.53846153846    120.349  
 0.0    120.483  
 5.69230769231    120.617  
 0.0    120.751  
 5.84615384615    120.884  
 0.0    121.018  
 6.0    121.152  
 0.0    121.286  
 6.15384615385    121.42  
 0.0    121.565  
 6.30769230769    121.699  
 0.0    121.833  
 6.46153846154    121.967  
 0.0    122.101  
 6.61538461538    122.235  
 0.0    122.369  
 6.76923076923    122.503  
 0.0    122.637  
 6.92307692308    122.782  
 0.0    122.917  
 7.07692307692    123.05  
 0.0    123.184  
 7.23076923077    123.319  
 0.0    123.453  
 7.38461538462    123.587  
 0.0    123.721  
 7.53846153846    123.855  
 0.0    123.998  
 7.69230769231    124.133  
 0.0    124.268  
 7.84615384615    124.402  
 0.0    124.536  
 8.0    124.67  
 0.0    124.804  
 8.15384615385    124.938  
 0.0    125.072  
 8.30769230769    125.216  
 0.0    125.351  
 8.46153846154    125.485  
 0.0    125.619  
 8.61538461538    125.753  
 0.0    125.887  
 8.76923076923    126.021  
 0.0    126.155  
 8.92307692308    126.289  
 0.0    126.423  
 9.07692307692    126.568  
 0.0    126.703  
 9.23076923077    126.836  
 0.0    126.971  
 9.38461538462    127.105  
 0.0    127.238  
 9.53846153846    127.372  
 0.0    127.506  
 9.69230769231    127.64  
 0.0    127.774  
 9.84615384615    127.918  
 0.0    128.053  
 10.0    128.187  
 0.0    128.321  
 10.1538461538    128.455  
 0.0    128.588  
 10.3076923077    128.722  
 0.0    128.856  
 10.4615384615    128.99  
 0.0    129.124  
 10.6153846154    129.257  
 0.0    129.391  
 10.7692307692    129.525  
 0.0    129.659  
 10.9230769231    129.792  
 0.0    129.937  
 11.0769230769    130.072  
 0.0    130.206  
 11.2307692308    130.339  
 0.0    130.473  
 11.3846153846    130.607  
 0.0    130.741  
 11.5384615385    130.874  
 0.0    131.009  
 11.6923076923    131.142  
 0.0    131.276  
 11.8461538462    131.41  
 0.0    131.554  
 12.0    131.689  
 0.0    131.823  
 12.1538461538    131.957  
 0.0    132.09  
 12.3076923077    132.224  
 0.0    132.358  
 12.4615384615    132.492  
 0.0    132.626  
 12.6153846154    132.76  
 0.0    132.894  
 12.7692307692    133.04  
 0.0    133.174  
 12.9230769231    133.308  
 0.0    133.442  
 13.0769230769    133.576  
 0.0    133.71  
 13.2307692308    133.844  
 0.0    133.978  
 13.3846153846    134.112  
 0.0    134.246  
 13.5384615385    134.389  
 0.0    134.524  
 13.6923076923    134.659  
 0.0    134.792  
 13.8461538462    134.926  
 0.0    135.06  
 14.0    135.194  
 0.0    135.328  
 14.1538461538    135.462  
 0.0    135.596  
 14.3076923077    135.742  
 0.0    135.876  
 14.4615384615    136.01  
 0.0    136.144  
 14.6153846154    136.278  
 0.0    136.412  
 14.7692307692    136.546  
 0.0    136.68  
 14.9230769231    136.814  
 0.0    136.958  
 15.0769230769    137.093  
 0.0    137.227  
 15.2307692308    137.362  
 0.0    137.496  
 15.3846153846    137.63  
 0.0    137.764  
 15.5384615385    137.898  
 0.0    138.032  
 15.6923076923    138.175  
 0.0    138.31  
 15.8461538462    138.445  
 0.0    138.579  
 16.0    138.713  
 0.0    138.847  
 16.1538461538    138.982  
 0.0    139.115  
 16.3076923077    139.25  
 0.0    139.393  
 16.4615384615    139.528  
 0.0    139.662  
 16.6153846154    139.796  
 0.0    139.93  
 16.7692307692    140.064  
 0.0    140.199  
 16.9230769231    140.333  
 0.0    140.467  
 17.0769230769    140.612  
 0.0    140.747  
 17.2307692308    140.881  
 0.0    141.015  
 17.3846153846    141.149  
 0.0    141.284  
 17.5384615385    141.418  
 0.0    141.562  
 17.6923076923    141.697  
 0.0    141.831  
 17.8461538462    141.966  
 0.0    142.1  
 18.0    142.234  
 0.0    142.368  
 18.1538461538    142.512  
 0.0    142.647  
 18.3076923077    142.781  
 0.0    142.915  
 18.4615384615    143.05  
 0.0    143.184  
 18.6153846154    143.318  
 0.0    143.452  
 18.7692307692    143.596  
 0.0    143.731  
 18.9230769231    143.865  
 0.0    143.999  
 19.0769230769    144.133  
 0.0    144.267  
 19.2307692308    144.401  
 0.0    144.535  
 19.3846153846    144.669  
 0.0    144.803  
 19.5384615385    144.948  
 0.0    145.083  
 19.6923076923    145.217  
 0.0    145.351  
 19.8461538462    145.486  
 0.0    145.631  
 4.0    145.766  
 0.0    145.9  
 4.15384615385    146.035  
 0.0    146.169  
 4.30769230769    146.303  
 0.0    146.437  
 4.46153846154    146.572  
 0.0    146.716  
 4.61538461538    146.851  
 0.0    146.984  
 4.76923076923    147.118  
 0.0    147.251  
 4.92307692308    147.385  
 0.0    147.519  
 5.07692307692    147.653  
 0.0    147.787  
 5.23076923077    147.921  
 0.0    148.055  
 5.38461538462    148.188  
 0.0    148.322  
 5.53846153846    148.466  
 0.0    148.601  
 5.69230769231    148.735  
 0.0    148.869  
 5.84615384615    149.003  
 0.0    149.137  
 6.0    149.27  
 0.0    149.404  
 6.15384615385    149.538  
 0.0    149.672  
 6.30769230769    149.806  
 0.0    149.94  
 6.46153846154    150.074  
 0.0    150.219  
 6.61538461538    150.353  
 0.0    150.488  
 6.76923076923    150.622  
 0.0    150.756  
 6.92307692308    150.89  
 0.0    151.024  
 7.07692307692    151.169  
 0.0    151.304  
 7.23076923077    151.438  
 0.0    151.572  
 7.38461538462    151.706  
 0.0    151.84  
 7.53846153846    151.974  
 0.0    152.109  
 7.69230769231    152.252  
 0.0    152.387  
 7.84615384615    152.522  
 0.0    152.655  
 8.0    152.789  
 0.0    152.923  
 8.15384615385    153.057  
 0.0    153.191  
 8.30769230769    153.326  
 0.0    153.459  
 8.46153846154    153.604  
 0.0    153.739  
 8.61538461538    153.873  
 0.0    154.007  
 8.76923076923    154.141  
 0.0    154.276  
 8.92307692308    154.41  
 0.0    154.544  
 9.07692307692    154.687  
 0.0    154.822  
 9.23076923077    154.957  
 0.0    155.091  
 9.38461538462    155.225  
 0.0    155.36  
 9.53846153846    155.494  
 0.0    155.628  
 9.69230769231    155.773  
 0.0    155.907  
 9.84615384615    156.042  
 0.0    156.176  
 10.0    156.31  
 0.0    156.444  
 10.1538461538    156.579  
 0.0    156.722  
 10.3076923077    156.857  
 0.0    156.992  
 10.4615384615    157.126  
 0.0    157.26  
 10.6153846154    157.394  
 0.0    157.528  
 10.7692307692    157.662  
 0.0    157.796  
 10.9230769231    157.939  
 0.0    158.075  
 11.0769230769    158.209  
 0.0    158.343  
 11.2307692308    158.477  
 0.0    158.611  
 11.3846153846    158.745  
 0.0    158.879  
 11.5384615385    159.013  
 0.0    159.157  
 11.6923076923    159.292  
 0.0    159.426  
 11.8461538462    159.56  
 0.0    159.694  
 12.0    159.828  
 0.0    159.962  
 12.1538461538    160.096  
 0.0    160.23  
 12.3076923077    160.364  
 0.0    160.498  
 12.4615384615    160.643  
 0.0    160.777  
 12.6153846154    160.911  
 0.0    161.045  
 12.7692307692    161.179  
 0.0    161.313  
 12.9230769231    161.448  
 0.0    161.582  
 13.0769230769    161.725  
 0.0    161.861  
 13.2307692308    161.995  
 0.0    162.129  
 13.3846153846    162.263  
 0.0    162.397  
 13.5384615385    162.531  
 0.0    162.665  
 13.6923076923    162.799  
 0.0    162.932  
 13.8461538462    163.066  
 0.0    163.21  
 14.0    163.345  
 0.0    163.479  
 14.1538461538    163.613  
 0.0    163.747  
 14.3076923077    163.881  
 0.0    164.015  
 14.4615384615    164.149  
 0.0    164.283  
 14.6153846154    164.417  
 0.0    164.55  
 14.7692307692    164.684  
 0.0    164.829  
 14.9230769231    164.964  
 0.0    165.098  
 15.0769230769    165.232  
 0.0    165.366  
 15.2307692308    165.5  
 0.0    165.633  
 15.3846153846    165.767  
 0.0    165.901  
 15.5384615385    166.035  
 0.0    166.179  
 15.6923076923    166.314  
 0.0    166.448  
 15.8461538462    166.582  
 0.0    166.716  
 16.0    166.85  
 0.0    166.983  
 16.1538461538    167.117  
 0.0    167.251  
 16.3076923077    167.385  
 0.0    167.519  
 16.4615384615    167.653  
 0.0    167.798  
 16.6153846154    167.933  
 0.0    168.067  
 16.7692307692    168.201  
 0.0    168.334  
 16.9230769231    168.468  
 0.0    168.602  
 17.0769230769    168.736  
 0.0    168.87  
 17.2307692308    169.004  
 0.0    169.149  
 17.3846153846    169.284  
 0.0    169.417  
 17.5384615385    169.551  
 0.0    169.685  
 17.6923076923    169.819  
 0.0    169.953  
 17.8461538462    170.087  
 0.0    170.221  
 18.0    170.355  
 0.0    170.5  
 18.1538461538    170.635  
 0.0    170.769  
 18.3076923077    170.903  
 0.0    171.037  
 18.4615384615    171.171  
 0.0    171.305  
 18.6153846154    171.439  
 0.0    171.583  
 18.7692307692    171.718  
 0.0    171.852  
 18.9230769231    171.986  
 0.0    172.119  
 19.0769230769    172.254  
 0.0    172.388  
 19.2307692308    172.522  
 0.0    172.656  
 19.3846153846    172.79  
 0.0    172.933  
 19.5384615385    173.069  
 0.0    173.203  
 19.6923076923    173.337  
 0.0    173.471  
 19.8461538462    173.605  
 0.0    173.75  
 4.0    173.886  
 0.0    174.02  
 4.15384615385    174.154  
 0.0    174.288  
 4.30769230769    174.422  
 0.0    174.556  
 4.46153846154    174.69  
 0.0    174.824  
 4.61538461538    174.958  
 0.0    175.091  
 4.76923076923    175.225  
 0.0    175.37  
 4.92307692308    175.505  
 0.0    175.639  
 5.07692307692    175.773  
 0.0    175.907  
 5.23076923077    176.041  
 0.0    176.175  
 5.38461538462    176.309  
 0.0    176.442  
 5.53846153846    176.576  
 0.0    176.721  
 5.69230769231    176.856  
 0.0    176.989  
 5.84615384615    177.123  
 0.0    177.257  
 6.0    177.391  
 0.0    177.525  
 6.15384615385    177.658  
 0.0    177.792  
 6.30769230769    177.926  
 0.0    178.06  
 6.46153846154    178.204  
 0.0    178.339  
 6.61538461538    178.474  
 0.0    178.607  
 6.76923076923    178.741  
 0.0    178.875  
 6.92307692308    179.009  
 0.0    179.143  
 7.07692307692    179.277  
 0.0    179.411  
 7.23076923077    179.545  
 0.0    179.679  
 7.38461538462    179.822  
 0.0    179.957  
 7.53846153846    180.092  
 0.0    180.225  
 7.69230769231    180.359  
 0.0    180.493  
 7.84615384615    180.627  
 0.0    180.761  
 8.0    180.895  
 0.0    181.029  
 8.15384615385    181.162  
 0.0    181.296  
 8.30769230769    181.441  
 0.0    181.576  
 8.46153846154    181.71  
 0.0    181.844  
 8.61538461538    181.977  
 0.0    182.111  
 8.76923076923    182.245  
 0.0    182.381  
 8.92307692308    182.524  
 0.0    182.659  
 9.07692307692    182.793  
 0.0    182.927  
 9.23076923077    183.061  
 0.0    183.195  
 9.38461538462    183.329  
 0.0    183.463  
 9.53846153846    183.597  
 0.0    183.731  
 9.69230769231    183.875  
 0.0    184.01  
 9.84615384615    184.144  
 0.0    184.278  
 10.0    184.412  
 0.0    184.546  
 10.1538461538    184.68  
 0.0    184.814  
 10.3076923077    184.948  
 0.0    185.082  
 10.4615384615    185.216  
 0.0    185.361  
 10.6153846154    185.495  
 0.0    185.629  
 10.7692307692    185.763  
 0.0    185.897  
 10.9230769231    186.031  
 0.0    186.165  
 11.0769230769    186.299  
 0.0    186.433  
 11.2307692308    186.567  
 0.0    186.71  
 11.3846153846    186.845  
 0.0    186.98  
 11.5384615385    187.113  
 0.0    187.247  
 11.6923076923    187.381  
 0.0    187.515  
 11.8461538462    187.649  
 0.0    187.783  
 12.0    187.917  
 0.0    188.051  
 12.1538461538    188.195  
 0.0    188.33  
 12.3076923077    188.464  
 0.0    188.598  
 12.4615384615    188.731  
 0.0    188.865  
 12.6153846154    188.999  
 0.0    189.133  
 12.7692307692    189.267  
 0.0    189.401  
 12.9230769231    189.535  
 0.0    189.669  
 13.0769230769    189.814  
 0.0    189.949  
 13.2307692308    190.083  
 0.0    190.217  
 13.3846153846    190.351  
 0.0    190.484  
 13.5384615385    190.618  
 0.0    190.752  
 13.6923076923    190.886  
 0.0    191.03  
 13.8461538462    191.165  
 0.0    191.299  
 14.0    191.433  
 0.0    191.567  
 14.1538461538    191.701  
 0.0    191.835  
 14.3076923077    191.969  
 0.0    192.103  
 14.4615384615    192.237  
 0.0    192.371  
 14.6153846154    192.505  
 0.0    192.648  
 14.7692307692    192.783  
 0.0    192.917  
 14.9230769231    193.051  
 0.0    193.185  
 15.0769230769    193.319  
 0.0    193.454  
 15.2307692308    193.588  
 0.0    193.732  
 15.3846153846    193.868  
 0.0    194.002  
 15.5384615385    194.136  
 0.0    194.27  
 15.6923076923    194.405  
 0.0    194.539  
 15.8461538462    194.673  
 0.0    194.818  
 16.0    194.952  
 0.0    195.087  
 16.1538461538    195.221  
 0.0    195.355  
 16.3076923077    195.489  
 0.0    195.623  
 16.4615384615    195.767  
 0.0    195.902  
 16.6153846154    196.037  
 0.0    196.171  
 16.7692307692    196.307  
 0.0    196.451  
 16.9230769231    196.586  
 0.0    196.72  
 17.0769230769    196.854  
 0.0    196.988  
 17.2307692308    197.123  
 0.0    197.257  
 17.3846153846    197.391  
 0.0    197.525  
 17.5384615385    197.668  
 0.0    197.804  
 17.6923076923    197.939  
 0.0    198.073  
 17.8461538462    198.207  
 0.0    198.341  
 18.0    198.475  
 0.0    198.609  
 18.1538461538    198.752  
 0.0    198.888  
 18.3076923077    199.022  
 0.0    199.156  
 18.4615384615    199.29  
 0.0    199.423  
 18.6153846154    199.558  
 0.0    199.691  
 18.7692307692    199.826  
 0.0    199.96  
 18.9230769231    200.103  
 0.0    200.238  
 19.0769230769    200.373  
 0.0    200.507  
 19.2307692308    200.641  
 0.0    200.775  
 19.3846153846    200.909  
 0.0    201.043  
 19.5384615385    201.178  
 0.0    201.322  
 19.6923076923    201.457  
 0.0    201.591  
 19.8461538462    201.725  
 0.0    201.874  
 4.0    202.008  
 0.0    202.142  
 4.15384615385    202.276  
 0.0    202.41  
 4.30769230769    202.544  
 0.0    202.678  
 4.46153846154    202.822  
 0.0    202.957  
 4.61538461538    203.091  
 0.0    203.225  
 4.76923076923    203.359  
 0.0    203.493  
 4.92307692308    203.626  
 0.0    203.76  
 5.07692307692    203.894  
 0.0    204.028  
 5.23076923077    204.162  
 0.0    204.296  
 5.38461538462    204.44  
 0.0    204.575  
 5.53846153846    204.709  
 0.0    204.843  
 5.69230769231    204.977  
 0.0    205.111  
 5.84615384615    205.245  
 0.0    205.379  
 6.0    205.513  
 0.0    205.647  
 6.15384615385    205.781  
 0.0    205.924  
 6.30769230769    206.06  
 0.0    206.194  
 6.46153846154    206.328  
 0.0    206.462  
 6.61538461538    206.597  
 0.0    206.731  
 6.76923076923    206.865  
 0.0    207.008  
 6.92307692308    207.144  
 0.0    207.278  
 7.07692307692    207.412  
 0.0    207.546  
 7.23076923077    207.68  
 0.0    207.815  
 7.38461538462    207.949  
 0.0    208.092  
 7.53846153846    208.228  
 0.0    208.362  
 7.69230769231    208.496  
 0.0    208.63  
 7.84615384615    208.764  
 0.0    208.898  
 8.0    209.031  
 0.0    209.165  
 8.15384615385    209.299  
 0.0    209.433  
 8.30769230769    209.577  
 0.0    209.712  
 8.46153846154    209.846  
 0.0    209.98  
 8.61538461538    210.114  
 0.0    210.248  
 8.76923076923    210.382  
 0.0    210.516  
 8.92307692308    210.65  
 0.0    210.784  
 9.07692307692    210.929  
 0.0    211.064  
 9.23076923077    211.198  
 0.0    211.332  
 9.38461538462    211.467  
 0.0    211.601  
 9.53846153846    211.735  
 0.0    211.88  
 9.69230769231    212.014  
 0.0    212.149  
 9.84615384615    212.283  
 0.0    212.418  
 10.0    212.552  
 0.0    212.696  
 10.1538461538    212.831  
 0.0    212.966  
 10.3076923077    213.1  
 0.0    213.234  
 10.4615384615    213.368  
 0.0    213.503  
 10.6153846154    213.637  
 0.0    213.781  
 10.7692307692    213.916  
 0.0    214.05  
 10.9230769231    214.184  
 0.0    214.318  
 11.0769230769    214.452  
 0.0    214.586  
 11.2307692308    214.72  
 0.0    214.865  
 11.3846153846    215.0  
 0.0    215.134  
 11.5384615385    215.268  
 0.0    215.402  
 11.6923076923    215.536  
 0.0    215.67  
 11.8461538462    215.804  
 0.0    215.938  
 12.0    216.072  
 0.0    216.216  
 12.1538461538    216.351  
 0.0    216.485  
 12.3076923077    216.619  
 0.0    216.753  
 12.4615384615    216.887  
 0.0    217.021  
 12.6153846154    217.155  
 0.0    217.289  
 12.7692307692    217.432  
 0.0    217.568  
 12.9230769231    217.702  
 0.0    217.836  
 13.0769230769    217.97  
 0.0    218.104  
 13.2307692308    218.238  
 0.0    218.373  
 13.3846153846    218.507  
 0.0    218.651  
 13.5384615385    218.786  
 0.0    218.92  
 13.6923076923    219.054  
 0.0    219.188  
 13.8461538462    219.323  
 0.0    219.456  
 14.0    219.59  
 0.0    219.734  
 14.1538461538    219.87  
 0.0    220.004  
 14.3076923077    220.138  
 0.0    220.272  
 14.4615384615    220.406  
 0.0    220.54  
 14.6153846154    220.674  
 0.0    220.808  
 14.7692307692    220.952  
 0.0    221.087  
 14.9230769231    221.221  
 0.0    221.355  
 15.0769230769    221.491  
 0.0    221.625  
 15.2307692308    221.759  
 0.0    221.904  
 15.3846153846    222.038  
 0.0    222.172  
 15.5384615385    222.306  
 0.0    222.44  
 15.6923076923    222.575  
 0.0    222.709  
 15.8461538462    222.843  
 0.0    222.977  
 16.0    223.12  
 0.0    223.255  
 16.1538461538    223.39  
 0.0    223.524  
 16.3076923077    223.658  
 0.0    223.792  
 16.4615384615    223.926  
 0.0    224.06  
 16.6153846154    224.194  
 0.0    224.339  
 16.7692307692    224.474  
 0.0    224.608  
 16.9230769231    224.742  
 0.0    224.876  
 17.0769230769    225.01  
 0.0    225.144  
 17.2307692308    225.278  
 0.0    225.421  
 17.3846153846    225.557  
 0.0    225.691  
 17.5384615385    225.825  
 0.0    225.959  
 17.6923076923    226.093  
 0.0    226.227  
 17.8461538462    226.362  
 0.0    226.495  
 18.0    226.641  
 0.0    226.775  
 18.1538461538    226.909  
 0.0    227.043  
 18.3076923077    227.178  
 0.0    227.312  
 18.4615384615    227.446  
 0.0    227.58  
 18.6153846154    227.723  
 0.0    227.858  
 18.7692307692    227.993  
 0.0    228.127  
 18.9230769231    228.261  
 0.0    228.401  
 19.0769230769    228.542  
 0.0    228.677  
 19.2307692308    228.811  
 0.0    228.945  
 19.3846153846    229.079  
 0.0    229.213  
 19.5384615385    229.348  
 0.0    229.493  
 19.6923076923    229.627  
 0.0    229.761  
 19.8461538462    229.896  
 0.0    230.046  
 4.0    230.181  
 0.0    230.315  
 4.15384615385    230.448  
 0.0    230.593  
 4.30769230769    230.728  
 0.0    230.862  
 4.46153846154    230.997  
 0.0    231.131  
 4.61538461538    231.265  
 0.0    231.399  
 4.76923076923    231.544  
 0.0    231.679  
 4.92307692308    231.813  
 0.0    231.947  
 5.07692307692    232.081  
 0.0    232.215  
 5.23076923077    232.349  
 0.0    232.484  
 5.38461538462    232.627  
 0.0    232.762  
 5.53846153846    232.896  
 0.0    233.03  
 5.69230769231    233.164  
 0.0    233.299  
 5.84615384615    233.432  
 0.0    233.566  
 6.0    233.7  
 0.0    233.834  
 6.15384615385    233.978  
 0.0    234.113  
 6.30769230769    234.248  
 0.0    234.382  
 6.46153846154    234.516  
 0.0    234.651  
 6.61538461538    234.785  
 0.0    234.928  
 6.76923076923    235.064  
 0.0    235.198  
 6.92307692308    235.333  
 0.0    235.467  
 7.07692307692    235.601  
 0.0    235.735  
 7.23076923077    235.881  
 0.0    236.015  
 7.38461538462    236.149  
 0.0    236.284  
 7.53846153846    236.418  
 0.0    236.553  
 7.69230769231    236.696  
 0.0    236.832  
 7.84615384615    236.966  
 0.0    237.1  
 8.0    237.235  
 0.0    237.369  
 8.15384615385    237.504  
 0.0    237.649  
 8.30769230769    237.783  
 0.0    237.918  
 8.46153846154    238.052  
 0.0    238.187  
 8.61538461538    238.321  
 0.0    238.464  
 8.76923076923    238.6  
 0.0    238.734  
 8.92307692308    238.868  
 0.0    239.003  
 9.07692307692    239.137  
 0.0    239.271  
 9.23076923077    239.416  
 0.0    239.551  
 9.38461538462    239.685  
 0.0    239.819  
 9.53846153846    239.954  
 0.0    240.088  
 9.69230769231    240.222  
 0.0    240.367  
 9.84615384615    240.502  
 0.0    240.635  
 10.0    240.77  
 0.0    240.904  
 10.1538461538    241.038  
 0.0    241.172  
 10.3076923077    241.306  
 0.0    241.44  
 10.4615384615    241.583  
 0.0    241.718  
 10.6153846154    241.853  
 0.0    241.987  
 10.7692307692    242.121  
 0.0    242.255  
 10.9230769231    242.389  
 0.0    242.523  
 11.0769230769    242.657  
 0.0    242.802  
 11.2307692308    242.937  
 0.0    243.071  
 11.3846153846    243.205  
 0.0    243.34  
 11.5384615385    243.474  
 0.0    243.608  
 11.6923076923    243.742  
 0.0    243.886  
 11.8461538462    244.021  
 0.0    244.155  
 12.0    244.289  
 0.0    244.423  
 12.1538461538    244.557  
 0.0    244.691  
 12.3076923077    244.825  
 0.0    244.969  
 12.4615384615    245.104  
 0.0    245.238  
 12.6153846154    245.372  
 0.0    245.506  
 12.7692307692    245.64  
 0.0    245.774  
 12.9230769231    245.909  
 0.0    246.042  
 13.0769230769    246.177  
 0.0    246.32  
 13.2307692308    246.456  
 0.0    246.59  
 13.3846153846    246.724  
 0.0    246.858  
 13.5384615385    246.992  
 0.0    247.126  
 13.6923076923    247.26  
 0.0    247.394  
 13.8461538462    247.537  
 0.0    247.673  
 14.0    247.807  
 0.0    247.942  
 14.1538461538    248.076  
 0.0    248.21  
 14.3076923077    248.345  
 0.0    248.49  
 14.4615384615    248.625  
 0.0    248.759  
 14.6153846154    248.893  
 0.0    249.028  
 14.7692307692    249.162  
 0.0    249.307  
 14.9230769231    249.442  
 0.0    249.576  
 15.0769230769    249.711  
 0.0    249.845  
 15.2307692308    249.979  
 0.0    250.124  
 15.3846153846    250.259  
 0.0    250.393  
 15.5384615385    250.528  
 0.0    250.662  
 15.6923076923    250.797  
 0.0    250.942  
 15.8461538462    251.076  
 0.0    251.21  
 16.0    251.344  
 0.0    251.478  
 16.1538461538    251.613  
 0.0    251.747  
 16.3076923077    251.892  
 0.0    252.027  
 16.4615384615    252.161  
 0.0    252.296  
 16.6153846154    252.43  
 0.0    252.564  
 16.7692307692    252.698  
 0.0    252.843  
 16.9230769231    252.977  
 0.0    253.111  
 17.0769230769    253.246  
 0.0    253.38  
 17.2307692308    253.515  
 0.0    253.66  
 17.3846153846    253.795  
 0.0    253.929  
 17.5384615385    254.064  
 0.0    254.198  
 17.6923076923    254.333  
 0.0    254.477  
 17.8461538462    254.612  
 0.0    254.746  
 18.0    254.881  
 0.0    255.015  
 18.1538461538    255.15  
 0.0    255.295  
 18.3076923077    255.43  
 0.0    255.564  
 18.4615384615    255.698  
 0.0    255.833  
 18.6153846154    255.967  
 0.0    256.112  
 18.7692307692    256.246  
 0.0    256.38  
 18.9230769231    256.515  
 0.0    256.649  
 19.0769230769    256.783  
 0.0    256.917  
 19.2307692308    257.051  
 0.0    257.196  
 19.3846153846    257.331  
 0.0    257.465  
 19.5384615385    257.599  
 0.0    257.733  
 19.6923076923    257.867  
 0.0    258.001  
 19.8461538462    258.136  
 0.0    258.284  
 4.0    258.418  
 0.0    258.552  
 4.15384615385    258.686  
 0.0    258.83  
 4.30769230769    258.965  
 0.0    259.099  
 4.46153846154    259.234  
 0.0    259.368  
 4.61538461538    259.502  
 0.0    259.636  
 4.76923076923    259.77  
 0.0    259.915  
 4.92307692308    260.049  
 0.0    260.183  
 5.07692307692    260.317  
 0.0    260.451  
 5.23076923077    260.586  
 0.0    260.72  
 5.38461538462    260.854  
 0.0    260.999  
 5.53846153846    261.134  
 0.0    261.268  
 5.69230769231    261.402  
 0.0    261.537  
 5.84615384615    261.671  
 0.0    261.805  
 6.0    261.949  
 0.0    262.084  
 6.15384615385    262.219  
 0.0    262.353  
 6.30769230769    262.488  
 0.0    262.622  
 6.46153846154    262.767  
 0.0    262.902  
 6.61538461538    263.036  
 0.0    263.17  
 6.76923076923    263.305  
 0.0    263.439  
 6.92307692308    263.582  
 0.0    263.718  
 7.07692307692    263.852  
 0.0    263.986  
 7.23076923077    264.121  
 0.0    264.255  
 7.38461538462    264.389  
 0.0    264.523  
 7.53846153846    264.667  
 0.0    264.802  
 7.69230769231    264.936  
 0.0    265.071  
 7.84615384615    265.205  
 0.0    265.339  
 8.0    265.473  
 0.0    265.607  
 8.15384615385    265.741  
 0.0    265.884  
 8.30769230769    266.02  
 0.0    266.154  
 8.46153846154    266.288  
 0.0    266.422  
 8.61538461538    266.556  
 0.0    266.69  
 8.76923076923    266.824  
 0.0    266.958  
 8.92307692308    267.102  
 0.0    267.237  
 9.07692307692    267.371  
 0.0    267.505  
 9.23076923077    267.64  
 0.0    267.774  
 9.38461538462    267.908  
 0.0    268.042  
 9.53846153846    268.186  
 0.0    268.321  
 9.69230769231    268.456  
 0.0    268.59  
 9.84615384615    268.724  
 0.0    268.858  
 10.0    268.993  
 0.0    269.127  
 10.1538461538    269.27  
 0.0    269.405  
 10.3076923077    269.539  
 0.0    269.673  
 10.4615384615    269.807  
 0.0    269.942  
 10.6153846154    270.076  
 0.0    270.21  
 10.7692307692    270.344  
 0.0    270.489  
 10.9230769231    270.624  
 0.0    270.758  
 11.0769230769    270.892  
 0.0    271.026  
 11.2307692308    271.16  
 0.0    271.295  
 11.3846153846    271.438  
 0.0    271.574  
 11.5384615385    271.708  
 0.0    271.842  
 11.6923076923    271.976  
 0.0    272.11  
 11.8461538462    272.245  
 0.0    272.379  
 12.0    272.522  
 0.0    272.658  
 12.1538461538    272.792  
 0.0    272.926  
 12.3076923077    273.06  
 0.0    273.194  
 12.4615384615    273.328  
 0.0    273.463  
 12.6153846154    273.597  
 0.0    273.74  
 12.7692307692    273.876  
 0.0    274.01  
 12.9230769231    274.144  
 0.0    274.278  
 13.0769230769    274.412  
 0.0    274.546  
 13.2307692308    274.681  
 0.0    274.824  
 13.3846153846    274.96  
 0.0    275.094  
 13.5384615385    275.228  
 0.0    275.362  
 13.6923076923    275.496  
 0.0    275.63  
 13.8461538462    275.765  
 0.0    275.91  
 14.0    276.044  
 0.0    276.178  
 14.1538461538    276.312  
 0.0    276.446  
 14.3076923077    276.581  
 0.0    276.715  
 14.4615384615    276.849  
 0.0    276.994  
 14.6153846154    277.129  
 0.0    277.263  
 14.7692307692    277.397  
 0.0    277.531  
 14.9230769231    277.665  
 0.0    277.799  
 15.0769230769    277.943  
 0.0    278.078  
 15.2307692308    278.213  
 0.0    278.347  
 15.3846153846    278.481  
 0.0    278.615  
 15.5384615385    278.75  
 0.0    278.884  
 15.6923076923    279.028  
 0.0    279.163  
 15.8461538462    279.298  
 0.0    279.432  
 16.0    279.566  
 0.0    279.7  
 16.1538461538    279.834  
 0.0    279.978  
 16.3076923077    280.114  
 0.0    280.247  
 16.4615384615    280.382  
 0.0    280.516  
 16.6153846154    280.65  
 0.0    280.784  
 16.7692307692    280.919  
 0.0    281.063  
 16.9230769231    281.198  
 0.0    281.332  
 17.0769230769    281.466  
 0.0    281.6  
 17.2307692308    281.735  
 0.0    281.869  
 17.3846153846    282.012  
 0.0    282.148  
 17.5384615385    282.282  
 0.0    282.416  
 17.6923076923    282.551  
 0.0    282.685  
 17.8461538462    282.819  
 0.0    282.953  
 18.0    283.097  
 0.0    283.232  
 18.1538461538    283.366  
 0.0    283.501  
 18.3076923077    283.635  
 0.0    283.769  
 18.4615384615    283.903  
 0.0    284.038  
 18.6153846154    284.181  
 0.0    284.316  
 18.7692307692    284.45  
 0.0    284.585  
 18.9230769231    284.719  
 0.0    284.853  
 19.0769230769    284.987  
 0.0    285.121  
 19.2307692308    285.266  
 0.0    285.401  
 19.3846153846    285.536  
 0.0    285.67  
 19.5384615385    285.805  
 0.0    285.939  
 19.6923076923    286.084  
 0.0    286.218  
 19.8461538462    286.353  
 0.0    286.503  
 4.0    286.638  
 0.0    286.772  
 4.15384615385    286.907  
 0.0    287.051  
 4.30769230769    287.186  
 0.0    287.32  
 4.46153846154    287.455  
 0.0    287.59  
 4.61538461538    287.733  
 0.0    287.869  
 4.76923076923    288.003  
 0.0    288.138  
 4.92307692308    288.272  
 0.0    288.407  
 5.07692307692    288.551  
 0.0    288.686  
 5.23076923077    288.821  
 0.0    288.955  
 5.38461538462    289.09  
 0.0    289.224  
 5.53846153846    289.368  
 0.0    289.503  
 5.69230769231    289.638  
 0.0    289.772  
 5.84615384615    289.907  
 0.0    290.041  
 6.0    290.175  
 0.0    290.318  
 6.15384615385    290.454  
 0.0    290.588  
 6.30769230769    290.723  
 0.0    290.857  
 6.46153846154    290.992  
 0.0    291.126  
 6.61538461538    291.269  
 0.0    291.405  
 6.76923076923    291.539  
 0.0    291.673  
 6.92307692308    291.807  
 0.0    291.941  
 7.07692307692    292.076  
 0.0    292.21  
 7.23076923077    292.353  
 0.0    292.489  
 7.38461538462    292.623  
 0.0    292.757  
 7.53846153846    292.891  
 0.0    293.026  
 7.69230769231    293.16  
 0.0    293.294  
 7.84615384615    293.439  
 0.0    293.574  
 8.0    293.708  
 0.0    293.842  
 8.15384615385    293.976  
 0.0    294.11  
 8.30769230769    294.245  
 0.0    294.39  
 8.46153846154    294.524  
 0.0    294.659  
 8.61538461538    294.793  
 0.0    294.927  
 8.76923076923    295.061  
 0.0    295.195  
 8.92307692308    295.339  
 0.0    295.474  
 9.07692307692    295.609  
 0.0    295.743  
 9.23076923077    295.877  
 0.0    296.011  
 9.38461538462    296.145  
 0.0    296.28  
 9.53846153846    296.423  
 0.0    296.558  
 9.69230769231    296.693  
 0.0    296.827  
 9.84615384615    296.961  
 0.0    297.095  
 10.0    297.23  
 0.0    297.364  
 10.1538461538    297.507  
 0.0    297.643  
 10.3076923077    297.778  
 0.0    297.912  
 10.4615384615    298.046  
 0.0    298.18  
 10.6153846154    298.315  
 0.0    298.459  
 10.7692307692    298.594  
 0.0    298.728  
 10.9230769231    298.863  
 0.0    298.997  
 11.0769230769    299.131  
 0.0    299.265  
 11.2307692308    299.41  
 0.0    299.545  
 11.3846153846    299.679  
 0.0    299.813  
 11.5384615385    299.947  
 0.0    300.081  
 11.6923076923    300.216  
 0.0    300.359  
 11.8461538462    300.495  
 0.0    300.629  
 12.0    300.763  
 0.0    300.897  
 12.1538461538    301.032  
 0.0    301.166  
 12.3076923077    301.31  
 0.0    301.445  
 12.4615384615    301.58  
 0.0    301.714  
 12.6153846154    301.848  
 0.0    301.982  
 12.7692307692    302.117  
 0.0    302.251  
 12.9230769231    302.394  
 0.0    302.529  
 13.0769230769    302.663  
 0.0    302.797  
 13.2307692308    302.932  
 0.0    303.066  
 13.3846153846    303.201  
 0.0    303.335  
 13.5384615385    303.478  
 0.0    303.614  
 13.6923076923    303.748  
 0.0    303.882  
 13.8461538462    304.016  
 0.0    304.151  
 14.0    304.285  
 0.0    304.419  
 14.1538461538    304.562  
 0.0    304.697  
 14.3076923077    304.832  
 0.0    304.966  
 14.4615384615    305.1  
 0.0    305.235  
 14.6153846154    305.369  
 0.0    305.513  
 14.7692307692    305.648  
 0.0    305.783  
 14.9230769231    305.917  
 0.0    306.051  
 15.0769230769    306.185  
 0.0    306.32  
 15.2307692308    306.454  
 0.0    306.597  
 15.3846153846    306.733  
 0.0    306.867  
 15.5384615385    307.001  
 0.0    307.135  
 15.6923076923    307.27  
 0.0    307.404  
 15.8461538462    307.549  
 0.0    307.684  
 16.0    307.818  
 0.0    307.952  
 16.1538461538    308.087  
 0.0    308.221  
 16.3076923077    308.365  
 0.0    308.5  
 16.4615384615    308.635  
 0.0    308.769  
 16.6153846154    308.903  
 0.0    309.038  
 16.7692307692    309.172  
 0.0    309.316  
 16.9230769231    309.451  
 0.0    309.585  
 17.0769230769    309.719  
 0.0    309.853  
 17.2307692308    309.988  
 0.0    310.123  
 17.3846153846    310.266  
 0.0    310.402  
 17.5384615385    310.536  
 0.0    310.67  
 17.6923076923    310.805  
 0.0    310.939  
 17.8461538462    311.073  
 0.0    311.218  
 18.0    311.353  
 0.0    311.488  
 18.1538461538    311.622  
 0.0    311.756  
 18.3076923077    311.891  
 0.0    312.036  
 18.4615384615    312.171  
 0.0    312.305  
 18.6153846154    312.44  
 0.0    312.574  
 18.7692307692    312.709  
 0.0    312.853  
 18.9230769231    312.988  
 0.0    313.122  
 19.0769230769    313.257  
 0.0    313.391  
 19.2307692308    313.526  
 0.0    313.67  
 19.3846153846    313.805  
 0.0    313.939  
 19.5384615385    314.074  
 0.0    314.208  
 19.6923076923    314.343  
 0.0    314.487  
 19.8461538462    314.623  
