 35.293    35.293  
 0.0    35.31  
 4.0    35.444  
 0.0    35.577  
 4.15384615385    35.711  
 0.0    35.844  
 4.30769230769    35.978  
 0.0    36.111  
 4.46153846154    36.244  
 0.0    36.378  
 4.61538461538    36.511  
 0.0    36.645  
 4.76923076923    36.778  
 0.0    36.912  
 4.92307692308    37.045  
 0.0    37.179  
 5.07692307692    37.312  
 0.0    37.445  
 5.23076923077    37.579  
 0.0    37.712  
 5.38461538462    37.846  
 0.0    37.979  
 5.53846153846    38.112  
 0.0    38.246  
 5.69230769231    38.382  
 0.0    38.515  
 5.84615384615    38.648  
 0.0    38.78  
 6.0    38.913  
 0.0    39.046  
 6.15384615385    39.18  
 0.0    39.313  
 6.30769230769    39.447  
 0.0    39.58  
 6.46153846154    39.714  
 0.0    39.847  
 6.61538461538    39.98  
 0.0    40.114  
 6.76923076923    40.247  
 0.0    40.381  
 6.92307692308    40.514  
 0.0    40.648  
 7.07692307692    40.781  
 0.0    40.915  
 7.23076923077    41.048  
 0.0    41.181  
 7.38461538462    41.315  
 0.0    41.448  
 7.53846153846    41.581  
 0.0    41.716  
 7.69230769231    41.849  
 0.0    41.982  
 7.84615384615    42.115  
 0.0    42.249  
 8.0    42.382  
 0.0    42.516  
 8.15384615385    42.649  
 0.0    42.782  
 8.30769230769    42.916  
 0.0    43.049  
 8.46153846154    43.183  
 0.0    43.316  
 8.61538461538    43.449  
 0.0    43.583  
 8.76923076923    43.716  
 0.0    43.85  
 8.92307692308    43.983  
 0.0    44.117  
 9.07692307692    44.25  
 0.0    44.384  
 9.23076923077    44.517  
 0.0    44.65  
 9.38461538462    44.784  
 0.0    44.917  
 9.53846153846    45.051  
 0.0    45.184  
 9.69230769231    45.317  
 0.0    45.451  
 9.84615384615    45.584  
 0.0    45.718  
 10.0    45.851  
 0.0    45.985  
 10.1538461538    46.118  
 0.0    46.252  
 10.3076923077    46.385  
 0.0    46.519  
 10.4615384615    46.652  
 0.0    46.785  
 10.6153846154    46.919  
 0.0    47.052  
 10.7692307692    47.185  
 0.0    47.319  
 10.9230769231    47.452  
 0.0    47.586  
 11.0769230769    47.719  
 0.0    47.853  
 11.2307692308    47.986  
 0.0    48.12  
 11.3846153846    48.253  
 0.0    48.387  
 11.5384615385    48.52  
 0.0    48.653  
 11.6923076923    48.787  
 0.0    48.92  
 11.8461538462    49.053  
 0.0    49.187  
 12.0    49.32  
 0.0    49.454  
 12.1538461538    49.587  
 0.0    49.721  
 12.3076923077    49.854  
 0.0    49.988  
 12.4615384615    50.121  
 0.0    50.255  
 12.6153846154    50.388  
 0.0    50.522  
 12.7692307692    50.655  
 0.0    50.788  
 12.9230769231    50.921  
 0.0    51.055  
 13.0769230769    51.188  
 0.0    51.322  
 13.2307692308    51.455  
 0.0    51.589  
 13.3846153846    51.723  
 0.0    51.856  
 13.5384615385    51.989  
 0.0    52.123  
 13.6923076923    52.256  
 0.0    52.389  
 13.8461538462    52.523  
 0.0    52.656  
 14.0    52.79  
 0.0    52.923  
 14.1538461538    53.056  
 0.0    53.19  
 14.3076923077    53.323  
 0.0    53.457  
 14.4615384615    53.59  
 0.0    53.724  
 14.6153846154    53.857  
 0.0    53.991  
 14.7692307692    54.124  
 0.0    54.257  
 14.9230769231    54.391  
 0.0    54.524  
 15.0769230769    54.658  
 0.0    54.791  
 15.2307692308    54.924  
 0.0    55.059  
 15.3846153846    55.192  
 0.0    55.325  
 15.5384615385    55.459  
 0.0    55.592  
 15.6923076923    55.725  
 0.0    55.859  
 15.8461538462    55.992  
 0.0    56.126  
 16.0    56.259  
 0.0    56.392  
 16.1538461538    56.526  
 0.0    56.659  
 16.3076923077    56.793  
 0.0    56.926  
 16.4615384615    57.06  
 0.0    57.193  
 16.6153846154    57.327  
 0.0    57.46  
 16.7692307692    57.593  
 0.0    57.727  
 16.9230769231    57.86  
 0.0    57.994  
 17.0769230769    58.127  
 0.0    58.26  
 17.2307692308    58.395  
 0.0    58.527  
 17.3846153846    58.661  
 0.0    58.794  
 17.5384615385    58.928  
 0.0    59.061  
 17.6923076923    59.195  
 0.0    59.328  
 17.8461538462    59.461  
 0.0    59.595  
 18.0    59.728  
 0.0    59.862  
 18.1538461538    59.995  
 0.0    60.128  
 18.3076923077    60.262  
 0.0    60.395  
 18.4615384615    60.529  
 0.0    60.662  
 18.6153846154    60.796  
 0.0    60.929  
 18.7692307692    61.063  
 0.0    61.196  
 18.9230769231    61.33  
 0.0    61.463  
 19.0769230769    61.596  
 0.0    61.73  
 19.2307692308    61.863  
 0.0    61.997  
 19.3846153846    62.13  
 0.0    62.263  
 19.5384615385    62.397  
 0.0    62.53  
 19.6923076923    62.664  
 0.0    62.797  
 19.8461538462    62.931  
 0.0    63.074  
 4.0    63.213  
 0.0    63.347  
 4.15384615385    63.481  
 0.0    63.614  
 4.30769230769    63.748  
 0.0    63.881  
 4.46153846154    64.015  
 0.0    64.149  
 4.61538461538    64.282  
 0.0    64.415  
 4.76923076923    64.548  
 0.0    64.682  
 4.92307692308    64.815  
 0.0    64.948  
 5.07692307692    65.083  
 0.0    65.215  
 5.23076923077    65.349  
 0.0    65.482  
 5.38461538462    65.616  
 0.0    65.749  
 5.53846153846    65.883  
 0.0    66.016  
 5.69230769231    66.149  
 0.0    66.282  
 5.84615384615    66.416  
 0.0    66.549  
 6.0    66.683  
 0.0    66.816  
 6.15384615385    66.95  
 0.0    67.083  
 6.30769230769    67.217  
 0.0    67.35  
 6.46153846154    67.484  
 0.0    67.617  
 6.61538461538    67.751  
 0.0    67.884  
 6.76923076923    68.017  
 0.0    68.15  
 6.92307692308    68.284  
 0.0    68.418  
 7.07692307692    68.551  
 0.0    68.684  
 7.23076923077    68.818  
 0.0    68.951  
 7.38461538462    69.085  
 0.0    69.218  
 7.53846153846    69.352  
 0.0    69.485  
 7.69230769231    69.619  
 0.0    69.752  
 7.84615384615    69.886  
 0.0    70.019  
 8.0    70.152  
 0.0    70.285  
 8.15384615385    70.419  
 0.0    70.555  
 8.30769230769    70.688  
 0.0    70.82  
 8.46153846154    70.953  
 0.0    71.086  
 8.61538461538    71.22  
 0.0    71.353  
 8.76923076923    71.487  
 0.0    71.62  
 8.92307692308    71.754  
 0.0    71.887  
 9.07692307692    72.021  
 0.0    72.153  
 9.23076923077    72.287  
 0.0    72.42  
 9.38461538462    72.554  
 0.0    72.687  
 9.53846153846    72.821  
 0.0    72.954  
 9.69230769231    73.088  
 0.0    73.221  
 9.84615384615    73.355  
 0.0    73.488  
 10.0    73.622  
 0.0    73.755  
 10.1538461538    73.888  
 0.0    74.021  
 10.3076923077    74.155  
 0.0    74.288  
 10.4615384615    74.422  
 0.0    74.555  
 10.6153846154    74.689  
 0.0    74.822  
 10.7692307692    74.956  
 0.0    75.09  
 10.9230769231    75.223  
 0.0    75.356  
 11.0769230769    75.49  
 0.0    75.623  
 11.2307692308    75.756  
 0.0    75.889  
 11.3846153846    76.023  
 0.0    76.156  
 11.5384615385    76.29  
 0.0    76.423  
 11.6923076923    76.557  
 0.0    76.69  
 11.8461538462    76.824  
 0.0    76.957  
 12.0    77.091  
 0.0    77.224  
 12.1538461538    77.358  
 0.0    77.49  
 12.3076923077    77.624  
 0.0    77.757  
 12.4615384615    77.891  
 0.0    78.024  
 12.6153846154    78.158  
 0.0    78.291  
 12.7692307692    78.426  
 0.0    78.559  
 12.9230769231    78.692  
 0.0    78.825  
 13.0769230769    78.959  
 0.0    79.092  
 13.2307692308    79.226  
 0.0    79.359  
 13.3846153846    79.493  
 0.0    79.625  
 13.5384615385    79.759  
 0.0    79.892  
 13.6923076923    80.026  
 0.0    80.159  
 13.8461538462    80.293  
 0.0    80.426  
 14.0    80.56  
 0.0    80.693  
 14.1538461538    80.827  
 0.0    80.96  
 14.3076923077    81.094  
 0.0    81.227  
 14.4615384615    81.361  
 0.0    81.493  
 14.6153846154    81.627  
 0.0    81.761  
 14.7692307692    81.894  
 0.0    82.027  
 14.9230769231    82.161  
 0.0    82.294  
 15.0769230769    82.428  
 0.0    82.561  
 15.2307692308    82.695  
 0.0    82.828  
 15.3846153846    82.962  
 0.0    83.095  
 15.5384615385    83.229  
 0.0    83.361  
 15.6923076923    83.496  
 0.0    83.628  
 15.8461538462    83.762  
 0.0    83.895  
 16.0    84.029  
 0.0    84.162  
 16.1538461538    84.296  
 0.0    84.429  
 16.3076923077    84.563  
 0.0    84.696  
 16.4615384615    84.83  
 0.0    84.963  
 16.6153846154    85.098  
 0.0    85.23  
 16.7692307692    85.364  
 0.0    85.497  
 16.9230769231    85.63  
 0.0    85.763  
 17.0769230769    85.897  
 0.0    86.03  
 17.2307692308    86.164  
 0.0    86.297  
 17.3846153846    86.431  
 0.0    86.564  
 17.5384615385    86.698  
 0.0    86.831  
 17.6923076923    86.965  
 0.0    87.098  
 17.8461538462    87.232  
 0.0    87.364  
 18.0    87.498  
 0.0    87.632  
 18.1538461538    87.765  
 0.0    87.898  
 18.3076923077    88.032  
 0.0    88.165  
 18.4615384615    88.302  
 0.0    88.435  
 18.6153846154    88.568  
 0.0    88.701  
 18.7692307692    88.834  
 0.0    88.967  
 18.9230769231    89.1  
 0.0    89.233  
 19.0769230769    89.367  
 0.0    89.5  
 19.2307692308    89.633  
 0.0    89.767  
 19.3846153846    89.9  
 0.0    90.033  
 19.5384615385    90.167  
 0.0    90.3  
 19.6923076923    90.434  
 0.0    90.567  
 19.8461538462    90.701  
 0.0    90.844  
 4.0    90.983  
 0.0    91.118  
 4.15384615385    91.251  
 0.0    91.384  
 4.30769230769    91.518  
 0.0    91.651  
 4.46153846154    91.785  
 0.0    91.918  
 4.61538461538    92.052  
 0.0    92.185  
 4.76923076923    92.318  
 0.0    92.452  
 4.92307692308    92.585  
 0.0    92.719  
 5.07692307692    92.852  
 0.0    92.986  
 5.23076923077    93.119  
 0.0    93.253  
 5.38461538462    93.386  
 0.0    93.519  
 5.53846153846    93.653  
 0.0    93.786  
 5.69230769231    93.92  
 0.0    94.053  
 5.84615384615    94.186  
 0.0    94.32  
 6.0    94.453  
 0.0    94.587  
 6.15384615385    94.72  
 0.0    94.854  
 6.30769230769    94.987  
 0.0    95.121  
 6.46153846154    95.254  
 0.0    95.387  
 6.61538461538    95.521  
 0.0    95.654  
 6.76923076923    95.788  
 0.0    95.921  
 6.92307692308    96.055  
 0.0    96.188  
 7.07692307692    96.321  
 0.0    96.455  
 7.23076923077    96.588  
 0.0    96.722  
 7.38461538462    96.855  
 0.0    96.989  
 7.53846153846    97.122  
 0.0    97.255  
 7.69230769231    97.389  
 0.0    97.522  
 7.84615384615    97.656  
 0.0    97.789  
 8.0    97.923  
 0.0    98.056  
 8.15384615385    98.189  
 0.0    98.323  
 8.30769230769    98.457  
 0.0    98.59  
 8.46153846154    98.723  
 0.0    98.856  
 8.61538461538    98.99  
 0.0    99.123  
 8.76923076923    99.257  
 0.0    99.39  
 8.92307692308    99.524  
 0.0    99.657  
 9.07692307692    99.791  
 0.0    99.924  
 9.23076923077    100.058  
 0.0    100.191  
 9.38461538462    100.324  
 0.0    100.458  
 9.53846153846    100.591  
 0.0    100.724  
 9.69230769231    100.858  
 0.0    100.991  
 9.84615384615    101.125  
 0.0    101.258  
 10.0    101.392  
 0.0    101.525  
 10.1538461538    101.659  
 0.0    101.793  
 10.3076923077    101.926  
 0.0    102.059  
 10.4615384615    102.192  
 0.0    102.326  
 10.6153846154    102.459  
 0.0    102.592  
 10.7692307692    102.726  
 0.0    102.859  
 10.9230769231    102.993  
 0.0    103.126  
 11.0769230769    103.26  
 0.0    103.393  
 11.2307692308    103.527  
 0.0    103.66  
 11.3846153846    103.793  
 0.0    103.927  
 11.5384615385    104.06  
 0.0    104.194  
 11.6923076923    104.327  
 0.0    104.461  
 11.8461538462    104.594  
 0.0    104.727  
 12.0    104.861  
 0.0    104.994  
 12.1538461538    105.129  
 0.0    105.261  
 12.3076923077    105.395  
 0.0    105.528  
 12.4615384615    105.661  
 0.0    105.795  
 12.6153846154    105.928  
 0.0    106.062  
 12.7692307692    106.195  
 0.0    106.329  
 12.9230769231    106.462  
 0.0    106.595  
 13.0769230769    106.729  
 0.0    106.862  
 13.2307692308    106.996  
 0.0    107.129  
 13.3846153846    107.263  
 0.0    107.396  
 13.5384615385    107.53  
 0.0    107.663  
 13.6923076923    107.796  
 0.0    107.93  
 13.8461538462    108.063  
 0.0    108.197  
 14.0    108.33  
 0.0    108.464  
 14.1538461538    108.597  
 0.0    108.73  
 14.3076923077    108.864  
 0.0    108.997  
 14.4615384615    109.131  
 0.0    109.264  
 14.6153846154    109.398  
 0.0    109.531  
 14.7692307692    109.664  
 0.0    109.798  
 14.9230769231    109.931  
 0.0    110.065  
 15.0769230769    110.198  
 0.0    110.331  
 15.2307692308    110.465  
 0.0    110.598  
 15.3846153846    110.732  
 0.0    110.865  
 15.5384615385    110.999  
 0.0    111.132  
 15.6923076923    111.266  
 0.0    111.399  
 15.8461538462    111.532  
 0.0    111.666  
 16.0    111.8  
 0.0    111.933  
 16.1538461538    112.066  
 0.0    112.2  
 16.3076923077    112.333  
 0.0    112.466  
 16.4615384615    112.6  
 0.0    112.733  
 16.6153846154    112.867  
 0.0    113.0  
 16.7692307692    113.134  
 0.0    113.267  
 16.9230769231    113.4  
 0.0    113.534  
 17.0769230769    113.667  
 0.0    113.801  
 17.2307692308    113.934  
 0.0    114.068  
 17.3846153846    114.201  
 0.0    114.334  
 17.5384615385    114.468  
 0.0    114.601  
 17.6923076923    114.735  
 0.0    114.868  
 17.8461538462    115.002  
 0.0    115.136  
 18.0    115.269  
 0.0    115.402  
 18.1538461538    115.536  
 0.0    115.669  
 18.3076923077    115.802  
 0.0    115.935  
 18.4615384615    116.069  
 0.0    116.202  
 18.6153846154    116.336  
 0.0    116.469  
 18.7692307692    116.603  
 0.0    116.736  
 18.9230769231    116.87  
 0.0    117.003  
 19.0769230769    117.137  
 0.0    117.27  
 19.2307692308    117.403  
 0.0    117.537  
 19.3846153846    117.67  
 0.0    117.804  
 19.5384615385    117.937  
 0.0    118.07  
 19.6923076923    118.204  
 0.0    118.337  
 19.8461538462    118.472  
 0.0    118.614  
 4.0    118.754  
 0.0    118.888  
 4.15384615385    119.021  
 0.0    119.155  
 4.30769230769    119.288  
 0.0    119.421  
 4.46153846154    119.554  
 0.0    119.688  
 4.61538461538    119.821  
 0.0    119.955  
 4.76923076923    120.088  
 0.0    120.222  
 4.92307692308    120.355  
 0.0    120.489  
 5.07692307692    120.622  
 0.0    120.756  
 5.23076923077    120.889  
 0.0    121.023  
 5.38461538462    121.156  
 0.0    121.289  
 5.53846153846    121.422  
 0.0    121.556  
 5.69230769231    121.689  
 0.0    121.824  
 5.84615384615    121.957  
 0.0    122.09  
 6.0    122.223  
 0.0    122.357  
 6.15384615385    122.49  
 0.0    122.624  
 6.30769230769    122.757  
 0.0    122.891  
 6.46153846154    123.024  
 0.0    123.157  
 6.61538461538    123.29  
 0.0    123.424  
 6.76923076923    123.557  
 0.0    123.691  
 6.92307692308    123.824  
 0.0    123.958  
 7.07692307692    124.091  
 0.0    124.225  
 7.23076923077    124.358  
 0.0    124.492  
 7.38461538462    124.625  
 0.0    124.759  
 7.53846153846    124.892  
 0.0    125.025  
 7.69230769231    125.16  
 0.0    125.292  
 7.84615384615    125.425  
 0.0    125.559  
 8.0    125.692  
 0.0    125.826  
 8.15384615385    125.959  
 0.0    126.093  
 8.30769230769    126.226  
 0.0    126.36  
 8.46153846154    126.493  
 0.0    126.627  
 8.61538461538    126.76  
 0.0    126.893  
 8.76923076923    127.027  
 0.0    127.16  
 8.92307692308    127.293  
 0.0    127.427  
 9.07692307692    127.56  
 0.0    127.694  
 9.23076923077    127.827  
 0.0    127.961  
 9.38461538462    128.094  
 0.0    128.228  
 9.53846153846    128.361  
 0.0    128.495  
 9.69230769231    128.628  
 0.0    128.762  
 9.84615384615    128.895  
 0.0    129.028  
 10.0    129.161  
 0.0    129.295  
 10.1538461538    129.428  
 0.0    129.562  
 10.3076923077    129.695  
 0.0    129.829  
 10.4615384615    129.962  
 0.0    130.096  
 10.6153846154    130.229  
 0.0    130.363  
 10.7692307692    130.496  
 0.0    130.63  
 10.9230769231    130.763  
 0.0    130.896  
 11.0769230769    131.029  
 0.0    131.163  
 11.2307692308    131.296  
 0.0    131.43  
 11.3846153846    131.563  
 0.0    131.697  
 11.5384615385    131.831  
 0.0    131.964  
 11.6923076923    132.097  
 0.0    132.231  
 11.8461538462    132.364  
 0.0    132.497  
 12.0    132.631  
 0.0    132.764  
 12.1538461538    132.898  
 0.0    133.031  
 12.3076923077    133.164  
 0.0    133.298  
 12.4615384615    133.431  
 0.0    133.565  
 12.6153846154    133.698  
 0.0    133.832  
 12.7692307692    133.965  
 0.0    134.099  
 12.9230769231    134.232  
 0.0    134.366  
 13.0769230769    134.499  
 0.0    134.632  
 13.2307692308    134.766  
 0.0    134.899  
 13.3846153846    135.032  
 0.0    135.167  
 13.5384615385    135.3  
 0.0    135.433  
 13.6923076923    135.566  
 0.0    135.7  
 13.8461538462    135.833  
 0.0    135.967  
 14.0    136.1  
 0.0    136.234  
 14.1538461538    136.367  
 0.0    136.5  
 14.3076923077    136.634  
 0.0    136.767  
 14.4615384615    136.901  
 0.0    137.034  
 14.6153846154    137.168  
 0.0    137.301  
 14.7692307692    137.435  
 0.0    137.568  
 14.9230769231    137.701  
 0.0    137.835  
 15.0769230769    137.968  
 0.0    138.102  
 15.2307692308    138.235  
 0.0    138.368  
 15.3846153846    138.503  
 0.0    138.635  
 15.5384615385    138.769  
 0.0    138.902  
 15.6923076923    139.036  
 0.0    139.169  
 15.8461538462    139.303  
 0.0    139.436  
 16.0    139.569  
 0.0    139.703  
 16.1538461538    139.836  
 0.0    139.97  
 16.3076923077    140.103  
 0.0    140.236  
 16.4615384615    140.37  
 0.0    140.503  
 16.6153846154    140.637  
 0.0    140.77  
 16.7692307692    140.904  
 0.0    141.037  
 16.9230769231    141.171  
 0.0    141.304  
 17.0769230769    141.438  
 0.0    141.571  
 17.2307692308    141.704  
 0.0    141.839  
 17.3846153846    141.972  
 0.0    142.105  
 17.5384615385    142.238  
 0.0    142.371  
 17.6923076923    142.505  
 0.0    142.638  
 17.8461538462    142.772  
 0.0    142.905  
 18.0    143.039  
 0.0    143.172  
 18.1538461538    143.306  
 0.0    143.439  
 18.3076923077    143.572  
 0.0    143.706  
 18.4615384615    143.839  
 0.0    143.973  
 18.6153846154    144.106  
 0.0    144.239  
 18.7692307692    144.373  
 0.0    144.506  
 18.9230769231    144.64  
 0.0    144.773  
 19.0769230769    144.907  
 0.0    145.04  
 19.2307692308    145.174  
 0.0    145.307  
 19.3846153846    145.44  
 0.0    145.574  
 19.5384615385    145.707  
 0.0    145.841  
 19.6923076923    145.974  
 0.0    146.107  
 19.8461538462    146.241  
 0.0    146.387  
 4.0    146.524  
 0.0    146.658  
 4.15384615385    146.791  
 0.0    146.925  
 4.30769230769    147.058  
 0.0    147.192  
 4.46153846154    147.325  
 0.0    147.458  
 4.61538461538    147.592  
 0.0    147.725  
 4.76923076923    147.859  
 0.0    147.992  
 4.92307692308    148.126  
 0.0    148.259  
 5.07692307692    148.392  
 0.0    148.527  
 5.23076923077    148.66  
 0.0    148.793  
 5.38461538462    148.926  
 0.0    149.059  
 5.53846153846    149.193  
 0.0    149.326  
 5.69230769231    149.46  
 0.0    149.593  
 5.84615384615    149.727  
 0.0    149.86  
 6.0    149.994  
 0.0    150.127  
 6.15384615385    150.26  
 0.0    150.394  
 6.30769230769    150.527  
 0.0    150.661  
 6.46153846154    150.794  
 0.0    150.928  
 6.61538461538    151.061  
 0.0    151.194  
 6.76923076923    151.328  
 0.0    151.461  
 6.92307692308    151.595  
 0.0    151.728  
 7.07692307692    151.862  
 0.0    151.995  
 7.23076923077    152.128  
 0.0    152.262  
 7.38461538462    152.395  
 0.0    152.529  
 7.53846153846    152.662  
 0.0    152.796  
 7.69230769231    152.929  
 0.0    153.062  
 7.84615384615    153.196  
 0.0    153.329  
 8.0    153.463  
 0.0    153.596  
 8.15384615385    153.73  
 0.0    153.863  
 8.30769230769    153.996  
 0.0    154.13  
 8.46153846154    154.263  
 0.0    154.397  
 8.61538461538    154.53  
 0.0    154.664  
 8.76923076923    154.797  
 0.0    154.931  
 8.92307692308    155.064  
 0.0    155.198  
 9.07692307692    155.331  
 0.0    155.464  
 9.23076923077    155.598  
 0.0    155.731  
 9.38461538462    155.865  
 0.0    155.998  
 9.53846153846    156.131  
 0.0    156.265  
 9.69230769231    156.398  
 0.0    156.532  
 9.84615384615    156.665  
 0.0    156.798  
 10.0    156.932  
 0.0    157.065  
 10.1538461538    157.199  
 0.0    157.332  
 10.3076923077    157.466  
 0.0    157.599  
 10.4615384615    157.733  
 0.0    157.866  
 10.6153846154    157.999  
 0.0    158.133  
 10.7692307692    158.266  
 0.0    158.4  
 10.9230769231    158.534  
 0.0    158.667  
 11.0769230769    158.8  
 0.0    158.933  
 11.2307692308    159.067  
 0.0    159.2  
 11.3846153846    159.334  
 0.0    159.467  
 11.5384615385    159.601  
 0.0    159.734  
 11.6923076923    159.867  
 0.0    160.001  
 11.8461538462    160.134  
 0.0    160.268  
 12.0    160.401  
 0.0    160.535  
 12.1538461538    160.668  
 0.0    160.801  
 12.3076923077    160.935  
 0.0    161.068  
 12.4615384615    161.202  
 0.0    161.335  
 12.6153846154    161.469  
 0.0    161.602  
 12.7692307692    161.735  
 0.0    161.87  
 12.9230769231    162.003  
 0.0    162.136  
 13.0769230769    162.269  
 0.0    162.403  
 13.2307692308    162.536  
 0.0    162.669  
 13.3846153846    162.803  
 0.0    162.936  
 13.5384615385    163.07  
 0.0    163.203  
 13.6923076923    163.337  
 0.0    163.47  
 13.8461538462    163.604  
 0.0    163.737  
 14.0    163.87  
 0.0    164.004  
 14.1538461538    164.137  
 0.0    164.271  
 14.3076923077    164.404  
 0.0    164.537  
 14.4615384615    164.671  
 0.0    164.804  
 14.6153846154    164.938  
 0.0    165.071  
 14.7692307692    165.205  
 0.0    165.338  
 14.9230769231    165.472  
 0.0    165.605  
 15.0769230769    165.738  
 0.0    165.872  
 15.2307692308    166.006  
 0.0    166.139  
 15.3846153846    166.272  
 0.0    166.405  
 15.5384615385    166.539  
 0.0    166.672  
 15.6923076923    166.806  
 0.0    166.939  
 15.8461538462    167.073  
 0.0    167.206  
 16.0    167.34  
 0.0    167.473  
 16.1538461538    167.606  
 0.0    167.74  
 16.3076923077    167.873  
 0.0    168.007  
 16.4615384615    168.14  
 0.0    168.273  
 16.6153846154    168.407  
 0.0    168.541  
 16.7692307692    168.674  
 0.0    168.807  
 16.9230769231    168.941  
 0.0    169.074  
 17.0769230769    169.208  
 0.0    169.341  
 17.2307692308    169.474  
 0.0    169.608  
 17.3846153846    169.741  
 0.0    169.875  
 17.5384615385    170.008  
 0.0    170.141  
 17.6923076923    170.275  
 0.0    170.408  
 17.8461538462    170.542  
 0.0    170.675  
 18.0    170.809  
 0.0    170.942  
 18.1538461538    171.076  
 0.0    171.209  
 18.3076923077    171.343  
 0.0    171.476  
 18.4615384615    171.609  
 0.0    171.743  
 18.6153846154    171.877  
 0.0    172.01  
 18.7692307692    172.143  
 0.0    172.276  
 18.9230769231    172.41  
 0.0    172.543  
 19.0769230769    172.677  
 0.0    172.81  
 19.2307692308    172.944  
 0.0    173.077  
 19.3846153846    173.211  
 0.0    173.344  
 19.5384615385    173.477  
 0.0    173.611  
 19.6923076923    173.744  
 0.0    173.878  
 19.8461538462    174.011  
 0.0    174.156  
 4.0    174.294  
 0.0    174.428  
 4.15384615385    174.561  
 0.0    174.695  
 4.30769230769    174.828  
 0.0    174.962  
 4.46153846154    175.095  
 0.0    175.229  
 4.61538461538    175.362  
 0.0    175.495  
 4.76923076923    175.629  
 0.0    175.762  
 4.92307692308    175.896  
 0.0    176.029  
 5.07692307692    176.162  
 0.0    176.296  
 5.23076923077    176.429  
 0.0    176.563  
 5.38461538462    176.696  
 0.0    176.83  
 5.53846153846    176.963  
 0.0    177.096  
 5.69230769231    177.23  
 0.0    177.363  
 5.84615384615    177.497  
 0.0    177.63  
 6.0    177.764  
 0.0    177.897  
 6.15384615385    178.031  
 0.0    178.164  
 6.30769230769    178.297  
 0.0    178.431  
 6.46153846154    178.565  
 0.0    178.698  
 6.61538461538    178.831  
 0.0    178.965  
 6.76923076923    179.098  
 0.0    179.231  
 6.92307692308    179.365  
 0.0    179.498  
 7.07692307692    179.632  
 0.0    179.765  
 7.23076923077    179.899  
 0.0    180.032  
 7.38461538462    180.166  
 0.0    180.299  
 7.53846153846    180.432  
 0.0    180.566  
 7.69230769231    180.699  
 0.0    180.833  
 7.84615384615    180.966  
 0.0    181.099  
 8.0    181.233  
 0.0    181.366  
 8.15384615385    181.5  
 0.0    181.633  
 8.30769230769    181.767  
 0.0    181.901  
 8.46153846154    182.034  
 0.0    182.167  
 8.61538461538    182.3  
 0.0    182.434  
 8.76923076923    182.567  
 0.0    182.701  
 8.92307692308    182.834  
 0.0    182.967  
 9.07692307692    183.101  
 0.0    183.234  
 9.23076923077    183.368  
 0.0    183.501  
 9.38461538462    183.635  
 0.0    183.768  
 9.53846153846    183.901  
 0.0    184.035  
 9.69230769231    184.168  
 0.0    184.302  
 9.84615384615    184.435  
 0.0    184.569  
 10.0    184.702  
 0.0    184.835  
 10.1538461538    184.969  
 0.0    185.102  
 10.3076923077    185.237  
 0.0    185.37  
 10.4615384615    185.503  
 0.0    185.636  
 10.6153846154    185.77  
 0.0    185.903  
 10.7692307692    186.036  
 0.0    186.17  
 10.9230769231    186.303  
 0.0    186.437  
 11.0769230769    186.57  
 0.0    186.703  
 11.2307692308    186.837  
 0.0    186.97  
 11.3846153846    187.104  
 0.0    187.237  
 11.5384615385    187.371  
 0.0    187.504  
 11.6923076923    187.638  
 0.0    187.771  
 11.8461538462    187.904  
 0.0    188.038  
 12.0    188.171  
 0.0    188.305  
 12.1538461538    188.438  
 0.0    188.572  
 12.3076923077    188.706  
 0.0    188.838  
 12.4615384615    188.972  
 0.0    189.105  
 12.6153846154    189.239  
 0.0    189.372  
 12.7692307692    189.506  
 0.0    189.639  
 12.9230769231    189.772  
 0.0    189.906  
 13.0769230769    190.039  
 0.0    190.173  
 13.2307692308    190.306  
 0.0    190.44  
 13.3846153846    190.573  
 0.0    190.706  
 13.5384615385    190.84  
 0.0    190.973  
 13.6923076923    191.107  
 0.0    191.24  
 13.8461538462    191.374  
 0.0    191.507  
 14.0    191.641  
 0.0    191.774  
 14.1538461538    191.908  
 0.0    192.041  
 14.3076923077    192.175  
 0.0    192.308  
 14.4615384615    192.441  
 0.0    192.574  
 14.6153846154    192.708  
 0.0    192.841  
 14.7692307692    192.975  
 0.0    193.108  
 14.9230769231    193.242  
 0.0    193.375  
 15.0769230769    193.508  
 0.0    193.642  
 15.2307692308    193.775  
 0.0    193.909  
 15.3846153846    194.042  
 0.0    194.176  
 15.5384615385    194.309  
 0.0    194.442  
 15.6923076923    194.576  
 0.0    194.709  
 15.8461538462    194.843  
 0.0    194.976  
 16.0    195.11  
 0.0    195.244  
 16.1538461538    195.377  
 0.0    195.51  
 16.3076923077    195.643  
 0.0    195.777  
 16.4615384615    195.91  
 0.0    196.044  
 16.6153846154    196.177  
 0.0    196.31  
 16.7692307692    196.444  
 0.0    196.577  
 16.9230769231    196.711  
 0.0    196.844  
 17.0769230769    196.978  
 0.0    197.111  
 17.2307692308    197.245  
 0.0    197.378  
 17.3846153846    197.511  
 0.0    197.645  
 17.5384615385    197.778  
 0.0    197.912  
 17.6923076923    198.045  
 0.0    198.178  
 17.8461538462    198.312  
 0.0    198.445  
 18.0    198.58  
 0.0    198.713  
 18.1538461538    198.846  
 0.0    198.979  
 18.3076923077    199.113  
 0.0    199.246  
 18.4615384615    199.379  
 0.0    199.513  
 18.6153846154    199.646  
 0.0    199.78  
 18.7692307692    199.913  
 0.0    200.046  
 18.9230769231    200.18  
 0.0    200.313  
 19.0769230769    200.447  
 0.0    200.582  
 19.2307692308    200.715  
 0.0    200.848  
 19.3846153846    200.982  
 0.0    201.115  
 19.5384615385    201.248  
 0.0    201.382  
 19.6923076923    201.515  
 0.0    201.648  
 19.8461538462    201.781  
 0.0    201.926  
 4.0    202.064  
 0.0    202.198  
 4.15384615385    202.332  
 0.0    202.465  
 4.30769230769    202.598  
 0.0    202.732  
 4.46153846154    202.865  
 0.0    202.999  
 4.61538461538    203.132  
 0.0    203.266  
 4.76923076923    203.399  
 0.0    203.532  
 4.92307692308    203.666  
 0.0    203.799  
 5.07692307692    203.933  
 0.0    204.066  
 5.23076923077    204.2  
 0.0    204.333  
 5.38461538462    204.466  
 0.0    204.6  
 5.53846153846    204.733  
 0.0    204.867  
 5.69230769231    205.0  
 0.0    205.133  
 5.84615384615    205.268  
 0.0    205.401  
 6.0    205.534  
 0.0    205.667  
 6.15384615385    205.801  
 0.0    205.934  
 6.30769230769    206.068  
 0.0    206.201  
 6.46153846154    206.334  
 0.0    206.468  
 6.61538461538    206.601  
 0.0    206.735  
 6.76923076923    206.868  
 0.0    207.001  
 6.92307692308    207.135  
 0.0    207.268  
 7.07692307692    207.402  
 0.0    207.535  
 7.23076923077    207.669  
 0.0    207.802  
 7.38461538462    207.935  
 0.0    208.069  
 7.53846153846    208.202  
 0.0    208.336  
 7.69230769231    208.469  
 0.0    208.603  
 7.84615384615    208.736  
 0.0    208.87  
 8.0    209.003  
 0.0    209.136  
 8.15384615385    209.27  
 0.0    209.403  
 8.30769230769    209.537  
 0.0    209.67  
 8.46153846154    209.804  
 0.0    209.937  
 8.61538461538    210.07  
 0.0    210.204  
 8.76923076923    210.337  
 0.0    210.471  
 8.92307692308    210.604  
 0.0    210.737  
 9.07692307692    210.871  
 0.0    211.004  
 9.23076923077    211.138  
 0.0    211.271  
 9.38461538462    211.405  
 0.0    211.538  
 9.53846153846    211.672  
 0.0    211.806  
 9.69230769231    211.939  
 0.0    212.072  
 9.84615384615    212.216  
 0.0    212.355  
 10.0    212.489  
 0.0    212.622  
 10.1538461538    212.756  
 0.0    212.889  
 10.3076923077    213.023  
 0.0    213.156  
 10.4615384615    213.289  
 0.0    213.423  
 10.6153846154    213.556  
 0.0    213.69  
 10.7692307692    213.823  
 0.0    213.957  
 10.9230769231    214.09  
 0.0    214.223  
 11.0769230769    214.357  
 0.0    214.49  
 11.2307692308    214.624  
 0.0    214.757  
 11.3846153846    214.891  
 0.0    215.024  
 11.5384615385    215.158  
 0.0    215.292  
 11.6923076923    215.425  
 0.0    215.558  
 11.8461538462    215.691  
 0.0    215.825  
 12.0    215.958  
 0.0    216.091  
 12.1538461538    216.225  
 0.0    216.358  
 12.3076923077    216.492  
 0.0    216.625  
 12.4615384615    216.759  
 0.0    216.892  
 12.6153846154    217.026  
 0.0    217.159  
 12.7692307692    217.292  
 0.0    217.426  
 12.9230769231    217.559  
 0.0    217.693  
 13.0769230769    217.826  
 0.0    217.959  
 13.2307692308    218.093  
 0.0    218.226  
 13.3846153846    218.36  
 0.0    218.493  
 13.5384615385    218.627  
 0.0    218.76  
 13.6923076923    218.894  
 0.0    219.027  
 13.8461538462    219.16  
 0.0    219.294  
 14.0    219.427  
 0.0    219.561  
 14.1538461538    219.694  
 0.0    219.828  
 14.3076923077    219.961  
 0.0    220.094  
 14.4615384615    220.228  
 0.0    220.361  
 14.6153846154    220.495  
 0.0    220.628  
 14.7692307692    220.762  
 0.0    220.895  
 14.9230769231    221.028  
 0.0    221.162  
 15.0769230769    221.295  
 0.0    221.429  
 15.2307692308    221.562  
 0.0    221.696  
 15.3846153846    221.829  
 0.0    221.963  
 15.5384615385    222.096  
 0.0    222.229  
 15.6923076923    222.363  
 0.0    222.496  
 15.8461538462    222.63  
 0.0    222.763  
 16.0    222.896  
 0.0    223.03  
 16.1538461538    223.163  
 0.0    223.297  
 16.3076923077    223.43  
 0.0    223.563  
 16.4615384615    223.697  
 0.0    223.83  
 16.6153846154    223.964  
 0.0    224.097  
 16.7692307692    224.231  
 0.0    224.364  
 16.9230769231    224.498  
 0.0    224.631  
 17.0769230769    224.764  
 0.0    224.898  
 17.2307692308    225.031  
 0.0    225.165  
 17.3846153846    225.299  
 0.0    225.432  
 17.5384615385    225.566  
 0.0    225.699  
 17.6923076923    225.832  
 0.0    225.965  
 17.8461538462    226.099  
 0.0    226.232  
 18.0    226.366  
 0.0    226.499  
 18.1538461538    226.633  
 0.0    226.766  
 18.3076923077    226.899  
 0.0    227.033  
 18.4615384615    227.166  
 0.0    227.3  
 18.6153846154    227.433  
 0.0    227.566  
 18.7692307692    227.7  
 0.0    227.833  
 18.9230769231    227.967  
 0.0    228.1  
 19.0769230769    228.234  
 0.0    228.367  
 19.2307692308    228.501  
 0.0    228.634  
 19.3846153846    228.768  
 0.0    228.901  
 19.5384615385    229.034  
 0.0    229.168  
 19.6923076923    229.301  
 0.0    229.434  
 19.8461538462    229.568  
 0.0    229.714  
 4.0    229.851  
 0.0    229.985  
 4.15384615385    230.118  
 0.0    230.252  
 4.30769230769    230.385  
 0.0    230.519  
 4.46153846154    230.652  
 0.0    230.785  
 4.61538461538    230.919  
 0.0    231.052  
 4.76923076923    231.186  
 0.0    231.319  
 4.92307692308    231.453  
 0.0    231.586  
 5.07692307692    231.719  
 0.0    231.853  
 5.23076923077    231.987  
 0.0    232.121  
 5.38461538462    232.254  
 0.0    232.387  
 5.53846153846    232.52  
 0.0    232.653  
 5.69230769231    232.787  
 0.0    232.92  
 5.84615384615    233.054  
 0.0    233.187  
 6.0    233.321  
 0.0    233.454  
 6.15384615385    233.587  
 0.0    233.721  
 6.30769230769    233.854  
 0.0    233.988  
 6.46153846154    234.121  
 0.0    234.254  
 6.61538461538    234.388  
 0.0    234.521  
 6.76923076923    234.655  
 0.0    234.788  
 6.92307692308    234.922  
 0.0    235.055  
 7.07692307692    235.189  
 0.0    235.323  
 7.23076923077    235.456  
 0.0    235.589  
 7.38461538462    235.722  
 0.0    235.856  
 7.53846153846    235.989  
 0.0    236.123  
 7.69230769231    236.256  
 0.0    236.39  
 7.84615384615    236.523  
 0.0    236.656  
 8.0    236.79  
 0.0    236.923  
 8.15384615385    237.057  
 0.0    237.19  
 8.30769230769    237.323  
 0.0    237.457  
 8.46153846154    237.59  
 0.0    237.724  
 8.61538461538    237.857  
 0.0    237.991  
 8.76923076923    238.124  
 0.0    238.257  
 8.92307692308    238.391  
 0.0    238.524  
 9.07692307692    238.659  
 0.0    238.792  
 9.23076923077    238.925  
 0.0    239.058  
 9.38461538462    239.192  
 0.0    239.325  
 9.53846153846    239.458  
 0.0    239.592  
 9.69230769231    239.725  
 0.0    239.859  
 9.84615384615    239.992  
 0.0    240.126  
 10.0    240.259  
 0.0    240.392  
 10.1538461538    240.526  
 0.0    240.659  
 10.3076923077    240.793  
 0.0    240.926  
 10.4615384615    241.06  
 0.0    241.193  
 10.6153846154    241.326  
 0.0    241.46  
 10.7692307692    241.593  
 0.0    241.727  
 10.9230769231    241.86  
 0.0    241.995  
 11.0769230769    242.128  
 0.0    242.261  
 11.2307692308    242.394  
 0.0    242.527  
 11.3846153846    242.661  
 0.0    242.794  
 11.5384615385    242.928  
 0.0    243.061  
 11.6923076923    243.195  
 0.0    243.328  
 11.8461538462    243.461  
 0.0    243.595  
 12.0    243.728  
 0.0    243.862  
 12.1538461538    243.995  
 0.0    244.128  
 12.3076923077    244.262  
 0.0    244.395  
 12.4615384615    244.529  
 0.0    244.662  
 12.6153846154    244.796  
 0.0    244.929  
 12.7692307692    245.062  
 0.0    245.196  
 12.9230769231    245.33  
 0.0    245.463  
 13.0769230769    245.596  
 0.0    245.73  
 13.2307692308    245.863  
 0.0    245.996  
 13.3846153846    246.13  
 0.0    246.263  
 13.5384615385    246.397  
 0.0    246.53  
 13.6923076923    246.664  
 0.0    246.797  
 13.8461538462    246.931  
 0.0    247.065  
 14.0    247.198  
 0.0    247.331  
 14.1538461538    247.464  
 0.0    247.598  
 14.3076923077    247.731  
 0.0    247.864  
 14.4615384615    247.998  
 0.0    248.131  
 14.6153846154    248.265  
 0.0    248.398  
 14.7692307692    248.532  
 0.0    248.666  
 14.9230769231    248.799  
 0.0    248.932  
 15.0769230769    249.065  
 0.0    249.199  
 15.2307692308    249.332  
 0.0    249.466  
 15.3846153846    249.599  
 0.0    249.733  
 15.5384615385    249.866  
 0.0    249.999  
 15.6923076923    250.133  
 0.0    250.266  
 15.8461538462    250.4  
 0.0    250.533  
 16.0    250.667  
 0.0    250.8  
 16.1538461538    250.934  
 0.0    251.067  
 16.3076923077    251.2  
 0.0    251.334  
 16.4615384615    251.467  
 0.0    251.6  
 16.6153846154    251.734  
 0.0    251.867  
 16.7692307692    252.002  
 0.0    252.135  
 16.9230769231    252.269  
 0.0    252.402  
 17.0769230769    252.535  
 0.0    252.668  
 17.2307692308    252.802  
 0.0    252.935  
 17.3846153846    253.069  
 0.0    253.202  
 17.5384615385    253.335  
 0.0    253.468  
 17.6923076923    253.602  
 0.0    253.735  
 17.8461538462    253.869  
 0.0    254.002  
 18.0    254.136  
 0.0    254.269  
 18.1538461538    254.403  
 0.0    254.536  
 18.3076923077    254.67  
 0.0    254.803  
 18.4615384615    254.936  
 0.0    255.07  
 18.6153846154    255.203  
 0.0    255.337  
 18.7692307692    255.471  
 0.0    255.604  
 18.9230769231    255.737  
 0.0    255.87  
 19.0769230769    256.004  
 0.0    256.137  
 19.2307692308    256.271  
 0.0    256.404  
 19.3846153846    256.538  
 0.0    256.671  
 19.5384615385    256.804  
 0.0    256.938  
 19.6923076923    257.071  
 0.0    257.205  
 19.8461538462    257.338  
 0.0    257.486  
 4.0    257.621  
 0.0    257.755  
 4.15384615385    257.888  
 0.0    258.022  
 4.30769230769    258.155  
 0.0    258.289  
 4.46153846154    258.422  
 0.0    258.556  
 4.61538461538    258.69  
 0.0    258.823  
 4.76923076923    258.956  
 0.0    259.089  
 4.92307692308    259.223  
 0.0    259.356  
 5.07692307692    259.49  
 0.0    259.623  
 5.23076923077    259.756  
 0.0    259.89  
 5.38461538462    260.023  
 0.0    260.157  
 5.53846153846    260.29  
 0.0    260.424  
 5.69230769231    260.557  
 0.0    260.69  
 5.84615384615    260.824  
 0.0    260.957  
 6.0    261.091  
 0.0    261.224  
 6.15384615385    261.358  
 0.0    261.491  
 6.30769230769    261.624  
 0.0    261.758  
 6.46153846154    261.891  
 0.0    262.025  
 6.61538461538    262.159  
 0.0    262.292  
 6.76923076923    262.425  
 0.0    262.558  
 6.92307692308    262.692  
 0.0    262.825  
 7.07692307692    262.959  
 0.0    263.092  
 7.23076923077    263.226  
 0.0    263.359  
 7.38461538462    263.492  
 0.0    263.626  
 7.53846153846    263.759  
 0.0    263.893  
 7.69230769231    264.026  
 0.0    264.16  
 7.84615384615    264.293  
 0.0    264.427  
 8.0    264.56  
 0.0    264.693  
 8.15384615385    264.827  
 0.0    264.96  
 8.30769230769    265.094  
 0.0    265.227  
 8.46153846154    265.362  
 0.0    265.495  
 8.61538461538    265.628  
 0.0    265.761  
 8.76923076923    265.894  
 0.0    266.028  
 8.92307692308    266.161  
 0.0    266.295  
 9.07692307692    266.428  
 0.0    266.561  
 9.23076923077    266.695  
 0.0    266.828  
 9.38461538462    266.962  
 0.0    267.095  
 9.53846153846    267.229  
 0.0    267.362  
 9.69230769231    267.495  
 0.0    267.629  
 9.84615384615    267.762  
 0.0    267.896  
 10.0    268.029  
 0.0    268.163  
 10.1538461538    268.296  
 0.0    268.429  
 10.3076923077    268.563  
 0.0    268.697  
 10.4615384615    268.831  
 0.0    268.964  
 10.6153846154    269.097  
 0.0    269.23  
 10.7692307692    269.363  
 0.0    269.497  
 10.9230769231    269.63  
 0.0    269.764  
 11.0769230769    269.897  
 0.0    270.031  
 11.2307692308    270.164  
 0.0    270.297  
 11.3846153846    270.431  
 0.0    270.564  
 11.5384615385    270.698  
 0.0    270.831  
 11.6923076923    270.965  
 0.0    271.098  
 11.8461538462    271.231  
 0.0    271.365  
 12.0    271.498  
 0.0    271.632  
 12.1538461538    271.765  
 0.0    271.898  
 12.3076923077    272.033  
 0.0    272.166  
 12.4615384615    272.3  
 0.0    272.433  
 12.6153846154    272.566  
 0.0    272.699  
 12.7692307692    272.833  
 0.0    272.966  
 12.9230769231    273.1  
 0.0    273.233  
 13.0769230769    273.366  
 0.0    273.5  
 13.2307692308    273.633  
 0.0    273.767  
 13.3846153846    273.9  
 0.0    274.033  
 13.5384615385    274.167  
 0.0    274.3  
 13.6923076923    274.434  
 0.0    274.567  
 13.8461538462    274.701  
 0.0    274.834  
 14.0    274.967  
 0.0    275.101  
 14.1538461538    275.234  
 0.0    275.369  
 14.3076923077    275.502  
 0.0    275.636  
 14.4615384615    275.769  
 0.0    275.902  
 14.6153846154    276.036  
 0.0    276.168  
 14.7692307692    276.302  
 0.0    276.435  
 14.9230769231    276.569  
 0.0    276.702  
 15.0769230769    276.836  
 0.0    276.969  
 15.2307692308    277.102  
 0.0    277.236  
 15.3846153846    277.369  
 0.0    277.503  
 15.5384615385    277.636  
 0.0    277.77  
 15.6923076923    277.903  
 0.0    278.037  
 15.8461538462    278.17  
 0.0    278.304  
 16.0    278.437  
 0.0    278.57  
 16.1538461538    278.705  
 0.0    278.838  
 16.3076923077    278.972  
 0.0    279.105  
 16.4615384615    279.238  
 0.0    279.372  
 16.6153846154    279.505  
 0.0    279.638  
 16.7692307692    279.772  
 0.0    279.905  
 16.9230769231    280.038  
 0.0    280.171  
 17.0769230769    280.305  
 0.0    280.438  
 17.2307692308    280.572  
 0.0    280.706  
 17.3846153846    280.839  
 0.0    280.973  
 17.5384615385    281.106  
 0.0    281.24  
 17.6923076923    281.374  
 0.0    281.507  
 17.8461538462    281.641  
 0.0    281.774  
 18.0    281.908  
 0.0    282.042  
 18.1538461538    282.175  
 0.0    282.308  
 18.3076923077    282.442  
 0.0    282.575  
 18.4615384615    282.709  
 0.0    282.842  
 18.6153846154    282.976  
 0.0    283.109  
 18.7692307692    283.243  
 0.0    283.376  
 18.9230769231    283.509  
 0.0    283.643  
 19.0769230769    283.776  
 0.0    283.91  
 19.2307692308    284.043  
 0.0    284.177  
 19.3846153846    284.31  
 0.0    284.444  
 19.5384615385    284.577  
 0.0    284.71  
 19.6923076923    284.844  
 0.0    284.977  
 19.8461538462    285.111  
 0.0    285.26  
 4.0    285.393  
 0.0    285.527  
 4.15384615385    285.661  
 0.0    285.794  
 4.30769230769    285.928  
 0.0    286.061  
 4.46153846154    286.195  
 0.0    286.328  
 4.61538461538    286.461  
 0.0    286.595  
 4.76923076923    286.728  
 0.0    286.861  
 4.92307692308    286.994  
 0.0    287.128  
 5.07692307692    287.261  
 0.0    287.394  
 5.23076923077    287.528  
 0.0    287.662  
 5.38461538462    287.795  
 0.0    287.929  
 5.53846153846    288.062  
 0.0    288.196  
 5.69230769231    288.329  
 0.0    288.462  
 5.84615384615    288.596  
 0.0    288.729  
 6.0    288.863  
 0.0    288.996  
 6.15384615385    289.129  
 0.0    289.263  
 6.30769230769    289.396  
 0.0    289.529  
 6.46153846154    289.663  
 0.0    289.796  
 6.61538461538    289.929  
 0.0    290.062  
 6.76923076923    290.196  
 0.0    290.329  
 6.92307692308    290.462  
 0.0    290.596  
 7.07692307692    290.729  
 0.0    290.863  
 7.23076923077    290.996  
 0.0    291.129  
 7.38461538462    291.263  
 0.0    291.396  
 7.53846153846    291.53  
 0.0    291.663  
 7.69230769231    291.796  
 0.0    291.93  
 7.84615384615    292.064  
 0.0    292.198  
 8.0    292.331  
 0.0    292.464  
 8.15384615385    292.598  
 0.0    292.731  
 8.30769230769    292.864  
 0.0    292.998  
 8.46153846154    293.131  
 0.0    293.264  
 8.61538461538    293.398  
 0.0    293.531  
 8.76923076923    293.664  
 0.0    293.798  
 8.92307692308    293.931  
 0.0    294.065  
 9.07692307692    294.198  
 0.0    294.332  
 9.23076923077    294.465  
 0.0    294.598  
 9.38461538462    294.732  
 0.0    294.865  
 9.53846153846    294.999  
 0.0    295.132  
 9.69230769231    295.266  
 0.0    295.4  
 9.84615384615    295.533  
 0.0    295.666  
 10.0    295.799  
 0.0    295.933  
 10.1538461538    296.067  
 0.0    296.2  
 10.3076923077    296.334  
 0.0    296.467  
 10.4615384615    296.6  
 0.0    296.733  
 10.6153846154    296.867  
 0.0    297.0  
 10.7692307692    297.133  
 0.0    297.267  
 10.9230769231    297.4  
 0.0    297.534  
 11.0769230769    297.668  
 0.0    297.801  
 11.2307692308    297.934  
 0.0    298.068  
 11.3846153846    298.201  
 0.0    298.335  
 11.5384615385    298.469  
 0.0    298.602  
 11.6923076923    298.736  
 0.0    298.87  
 11.8461538462    299.003  
 0.0    299.137  
 12.0    299.271  
 0.0    299.405  
 12.1538461538    299.538  
 0.0    299.671  
 12.3076923077    299.805  
 0.0    299.938  
 12.4615384615    300.072  
 0.0    300.205  
 12.6153846154    300.339  
 0.0    300.472  
 12.7692307692    300.605  
 0.0    300.739  
 12.9230769231    300.872  
 0.0    301.005  
 13.0769230769    301.139  
 0.0    301.272  
 13.2307692308    301.406  
 0.0    301.539  
 13.3846153846    301.673  
 0.0    301.806  
 13.5384615385    301.939  
 0.0    302.073  
 13.6923076923    302.206  
 0.0    302.34  
 13.8461538462    302.473  
 0.0    302.607  
 14.0    302.74  
 0.0    302.873  
 14.1538461538    303.007  
 0.0    303.14  
 14.3076923077    303.274  
 0.0    303.408  
 14.4615384615    303.541  
 0.0    303.674  
 14.6153846154    303.808  
 0.0    303.941  
 14.7692307692    304.075  
 0.0    304.208  
 14.9230769231    304.341  
 0.0    304.475  
 15.0769230769    304.608  
 0.0    304.742  
 15.2307692308    304.875  
 0.0    305.009  
 15.3846153846    305.142  
 0.0    305.275  
 15.5384615385    305.409  
 0.0    305.543  
 15.6923076923    305.676  
 0.0    305.809  
 15.8461538462    305.943  
 0.0    306.076  
 16.0    306.21  
 0.0    306.343  
 16.1538461538    306.477  
 0.0    306.61  
 16.3076923077    306.744  
 0.0    306.877  
 16.4615384615    307.01  
 0.0    307.144  
 16.6153846154    307.277  
 0.0    307.411  
 16.7692307692    307.544  
 0.0    307.678  
 16.9230769231    307.811  
 0.0    307.944  
 17.0769230769    308.078  
 0.0    308.211  
 17.2307692308    308.345  
 0.0    308.479  
 17.3846153846    308.612  
 0.0    308.746  
 17.5384615385    308.879  
 0.0    309.012  
 17.6923076923    309.146  
 0.0    309.279  
 17.8461538462    309.413  
 0.0    309.546  
 18.0    309.679  
 0.0    309.813  
 18.1538461538    309.947  
 0.0    310.08  
 18.3076923077    310.214  
 0.0    310.347  
 18.4615384615    310.481  
 0.0    310.614  
 18.6153846154    310.747  
 0.0    310.881  
 18.7692307692    311.014  
 0.0    311.147  
 18.9230769231    311.281  
 0.0    311.414  
 19.0769230769    311.547  
 0.0    311.681  
 19.2307692308    311.814  
 0.0    311.948  
 19.3846153846    312.082  
 0.0    312.215  
 19.5384615385    312.348  
 0.0    312.481  
 19.6923076923    312.615  
 0.0    312.748  
 19.8461538462    312.882  
