 [4.4615384615384617, 12.61538461538461, 14.923076923076916, 15.999999999999993]  
 [36.242, 50.386, 54.388, 56.257]  
 [54.922, 56.79]  
 [6.3076923076923066, 8.4615384615384581, 16.153846153846146, 17.538461538461529]  
 [67.215, 70.951, 84.293, 86.695]  
 [71.484, 84.694, 87.229]  
 [5.3846153846153841, 6.7692307692307674, 10.307692307692303, 13.84615384615384]  
 [93.383, 95.785, 101.924, 108.061]  
 [96.319, 102.457, 108.595]  
 [5.2307692307692299, 7.6923076923076898, 8.7692307692307665, 18.153846153846146]  
 [120.887, 125.158, 127.024, 143.303]  
 [119.152, 121.42, 125.823, 127.424, 129.426]  
 [4.3076923076923075, 6.7692307692307674, 11.076923076923073, 17.076923076923066]  
 [147.056, 151.326, 158.798, 169.205]  
 [151.861, 169.606]  
 [5.5384615384615374, 9.9999999999999964, 13.999999999999993, 18.307692307692299]  
 [176.961, 184.7, 191.638, 199.11]  
 [177.495, 185.235, 192.173, 199.644]  
 [8.3076923076923048, 8.9230769230769198, 11.999999999999995, 17.076923076923066]  
 [209.535, 210.602, 215.956, 224.762]  
 [216.49, 225.163]  
 [4.3076923076923075, 6.4615384615384599, 7.6923076923076898, 8.1538461538461515]  
 [230.383, 234.119, 236.254, 237.054]  
 [230.917, 234.653]  
 [6.3076923076923066, 8.7692307692307665, 15.846153846153838, 18.615384615384606]  
 [261.622, 265.893, 278.168, 282.974]  
 [258.02, 262.157, 266.559, 278.703, 283.507]  
 [7.3846153846153824, 13.538461538461533, 14.769230769230763, 18.461538461538453]  
 [291.261, 301.937, 304.073, 310.479]  
 [291.795, 302.471, 304.74]  
