 [307.0, 219.25, 66.5, 60.0]  
 [36.385, 36.919, 49.461, 56.666]  
 [36.919, 37.586, 49.995, 57.333]  
 [352.5, 287.5, 141.25, 82.75]  
 [67.074, 71.877, 83.886, 89.223]  
 [67.741, 72.411, 84.42]  
 [281.0, 232.25, 225.75, 14.5]  
 [90.291, 107.636, 108.17, 112.173]  
 [89.76, 90.825, 108.17, 112.707]  
 [216.0, 212.75, 89.25, 86.0]  
 [124.982, 125.249, 135.39, 135.657]  
 [125.516, 135.924]  
 [248.5, 235.5, 105.5, 86.0]  
 [153.803, 155.404, 166.079, 167.146]  
 [154.337, 155.938, 166.612, 167.68]  
 [316.75, 264.75, 128.25, 8.0]  
 [176.226, 186.093, 197.301, 201.571]  
 [176.753, 186.627, 197.835, 202.238]  
 [329.75, 316.75, 102.25, 8.0]  
 [205.048, 212.796, 230.409, 231.477]  
 [205.591, 213.33, 230.942, 232.143]  
 [261.5, 112.0, 95.75, 63.25]  
 [238.431, 241.1, 242.434, 254.71]  
 [238.965, 241.634, 242.968, 255.243]  
 [313.5, 303.75, 128.25, 14.5]  
 [263.266, 272.606, 287.016, 287.817]  
 [263.8, 273.14, 287.55, 288.484]  
 [323.25, 316.75, 261.5, 76.25]  
 [297.174, 312.385, 316.921, 317.455]  
 [297.707, 312.918, 317.455]  
