 31.974    31.974  
 0.0    31.991  
 352.0    32.122  
 0.0    32.255  
 348.75    32.389  
 0.0    32.522  
 345.5    32.656  
 0.0    32.789  
 342.25    32.923  
 0.0    33.056  
 339.0    33.189  
 0.0    33.323  
 335.75    33.456  
 0.0    33.59  
 332.5    33.723  
 0.0    33.856  
 329.25    33.99  
 0.0    34.123  
 326.0    34.257  
 0.0    34.39  
 322.75    34.524  
 0.0    34.657  
 319.5    34.79  
 0.0    34.924  
 316.25    35.057  
 0.0    35.191  
 313.0    35.324  
 0.0    35.458  
 309.75    35.591  
 0.0    35.724  
 306.5    35.858  
 0.0    35.991  
 303.25    36.125  
 0.0    36.258  
 300.0    36.392  
 0.0    36.525  
 296.75    36.658  
 0.0    36.792  
 293.5    36.925  
 0.0    37.059  
 290.25    37.192  
 0.0    37.326  
 287.0    37.459  
 0.0    37.593  
 283.75    37.726  
 0.0    37.859  
 280.5    37.993  
 0.0    38.126  
 277.25    38.26  
 0.0    38.393  
 274.0    38.527  
 0.0    38.66  
 270.75    38.793  
 0.0    38.927  
 267.5    39.06  
 0.0    39.194  
 264.25    39.327  
 0.0    39.46  
 261.0    39.594  
 0.0    39.727  
 257.75    39.861  
 0.0    39.994  
 254.5    40.128  
 0.0    40.261  
 251.25    40.395  
 0.0    40.528  
 248.0    40.661  
 0.0    40.795  
 244.75    40.928  
 0.0    41.062  
 241.5    41.195  
 0.0    41.329  
 238.25    41.462  
 0.0    41.595  
 235.0    41.729  
 0.0    41.862  
 231.75    41.996  
 0.0    42.129  
 228.5    42.263  
 0.0    42.396  
 225.25    42.529  
 0.0    42.663  
 222.0    42.796  
 0.0    42.93  
 218.75    43.063  
 0.0    43.196  
 215.5    43.33  
 0.0    43.463  
 212.25    43.597  
 0.0    43.73  
 209.0    43.864  
 0.0    43.997  
 205.75    44.131  
 0.0    44.264  
 202.5    44.397  
 0.0    44.531  
 199.25    44.664  
 0.0    44.798  
 196.0    44.931  
 0.0    45.065  
 192.75    45.198  
 0.0    45.331  
 189.5    45.465  
 0.0    45.598  
 186.25    45.732  
 0.0    45.865  
 183.0    45.999  
 0.0    46.132  
 179.75    46.265  
 0.0    46.399  
 176.5    46.532  
 0.0    46.666  
 173.25    46.799  
 0.0    46.933  
 170.0    47.066  
 0.0    47.199  
 166.75    47.333  
 0.0    47.466  
 163.5    47.6  
 0.0    47.733  
 160.25    47.867  
 0.0    48.0  
 157.0    48.133  
 0.0    48.267  
 153.75    48.4  
 0.0    48.534  
 150.5    48.667  
 0.0    48.801  
 147.25    48.934  
 0.0    49.067  
 144.0    49.201  
 0.0    49.334  
 140.75    49.468  
 0.0    49.601  
 137.5    49.735  
 0.0    49.868  
 134.25    50.001  
 0.0    50.135  
 131.0    50.268  
 0.0    50.402  
 127.75    50.535  
 0.0    50.669  
 124.5    50.802  
 0.0    50.935  
 121.25    51.069  
 0.0    51.202  
 118.0    51.336  
 0.0    51.469  
 114.75    51.603  
 0.0    51.736  
 111.5    51.869  
 0.0    52.003  
 108.25    52.136  
 0.0    52.27  
 105.0    52.403  
 0.0    52.537  
 101.75    52.67  
 0.0    52.803  
 98.5    52.937  
 0.0    53.07  
 95.25    53.204  
 0.0    53.337  
 92.0    53.471  
 0.0    53.604  
 88.75    53.738  
 0.0    53.871  
 85.5    54.004  
 0.0    54.138  
 82.25    54.271  
 0.0    54.405  
 79.0    54.538  
 0.0    54.672  
 75.75    54.805  
 0.0    54.938  
 72.5    55.072  
 0.0    55.205  
 69.25    55.339  
 0.0    55.472  
 66.0    55.606  
 0.0    55.739  
 62.75    55.872  
 0.0    56.006  
 59.5    56.139  
 0.0    56.273  
 56.25    56.406  
 0.0    56.54  
 53.0    56.673  
 0.0    56.806  
 49.75    56.94  
 0.0    57.073  
 46.5    57.207  
 0.0    57.341  
 43.25    57.474  
 0.0    57.607  
 40.0    57.74  
 0.0    57.874  
 36.75    58.007  
 0.0    58.141  
 33.5    58.274  
 0.0    58.408  
 30.25    58.541  
 0.0    58.674  
 27.0    58.808  
 0.0    58.941  
 23.75    59.075  
 0.0    59.208  
 20.5    59.342  
 0.0    59.475  
 17.25    59.608  
 0.0    59.742  
 14.0    59.875  
 0.0    60.009  
 10.75    60.142  
 0.0    60.276  
 7.5    60.409  
 0.0    60.543  
 4.25    60.676  
 0.0    60.813  
 352.0    60.943  
 0.0    61.076  
 348.75    61.21  
 0.0    61.343  
 345.5    61.476  
 0.0    61.61  
 342.25    61.743  
 0.0    61.877  
 339.0    62.01  
 0.0    62.144  
 335.75    62.277  
 0.0    62.41  
 332.5    62.544  
 0.0    62.677  
 329.25    62.811  
 0.0    62.944  
 326.0    63.078  
 0.0    63.211  
 322.75    63.344  
 0.0    63.478  
 319.5    63.611  
 0.0    63.745  
 316.25    63.878  
 0.0    64.012  
 313.0    64.145  
 0.0    64.278  
 309.75    64.412  
 0.0    64.545  
 306.5    64.679  
 0.0    64.812  
 303.25    64.946  
 0.0    65.079  
 300.0    65.212  
 0.0    65.346  
 296.75    65.479  
 0.0    65.613  
 293.5    65.746  
 0.0    65.88  
 290.25    66.013  
 0.0    66.147  
 287.0    66.28  
 0.0    66.414  
 283.75    66.547  
 0.0    66.68  
 280.5    66.814  
 0.0    66.947  
 277.25    67.08  
 0.0    67.214  
 274.0    67.347  
 0.0    67.481  
 270.75    67.614  
 0.0    67.748  
 267.5    67.882  
 0.0    68.015  
 264.25    68.148  
 0.0    68.281  
 261.0    68.415  
 0.0    68.548  
 257.75    68.682  
 0.0    68.815  
 254.5    68.949  
 0.0    69.082  
 251.25    69.215  
 0.0    69.349  
 248.0    69.482  
 0.0    69.616  
 244.75    69.749  
 0.0    69.883  
 241.5    70.016  
 0.0    70.149  
 238.25    70.283  
 0.0    70.416  
 235.0    70.55  
 0.0    70.683  
 231.75    70.817  
 0.0    70.95  
 228.5    71.083  
 0.0    71.217  
 225.25    71.35  
 0.0    71.484  
 222.0    71.617  
 0.0    71.75  
 218.75    71.884  
 0.0    72.017  
 215.5    72.151  
 0.0    72.285  
 212.25    72.418  
 0.0    72.551  
 209.0    72.685  
 0.0    72.818  
 205.75    72.951  
 0.0    73.085  
 202.5    73.218  
 0.0    73.352  
 199.25    73.485  
 0.0    73.618  
 196.0    73.752  
 0.0    73.885  
 192.75    74.019  
 0.0    74.152  
 189.5    74.286  
 0.0    74.419  
 186.25    74.553  
 0.0    74.686  
 183.0    74.819  
 0.0    74.953  
 179.75    75.086  
 0.0    75.22  
 176.5    75.353  
 0.0    75.487  
 173.25    75.62  
 0.0    75.753  
 170.0    75.887  
 0.0    76.02  
 166.75    76.154  
 0.0    76.287  
 163.5    76.421  
 0.0    76.554  
 160.25    76.687  
 0.0    76.821  
 157.0    76.954  
 0.0    77.088  
 153.75    77.221  
 0.0    77.355  
 150.5    77.488  
 0.0    77.621  
 147.25    77.755  
 0.0    77.888  
 144.0    78.022  
 0.0    78.155  
 140.75    78.289  
 0.0    78.422  
 137.5    78.555  
 0.0    78.689  
 134.25    78.822  
 0.0    78.956  
 131.0    79.089  
 0.0    79.223  
 127.75    79.356  
 0.0    79.489  
 124.5    79.623  
 0.0    79.756  
 121.25    79.89  
 0.0    80.023  
 118.0    80.157  
 0.0    80.29  
 114.75    80.424  
 0.0    80.557  
 111.5    80.69  
 0.0    80.824  
 108.25    80.957  
 0.0    81.091  
 105.0    81.224  
 0.0    81.357  
 101.75    81.491  
 0.0    81.624  
 98.5    81.758  
 0.0    81.891  
 95.25    82.025  
 0.0    82.158  
 92.0    82.292  
 0.0    82.425  
 88.75    82.558  
 0.0    82.692  
 85.5    82.825  
 0.0    82.959  
 82.25    83.092  
 0.0    83.225  
 79.0    83.359  
 0.0    83.492  
 75.75    83.626  
 0.0    83.759  
 72.5    83.893  
 0.0    84.026  
 69.25    84.159  
 0.0    84.293  
 66.0    84.426  
 0.0    84.56  
 62.75    84.694  
 0.0    84.827  
 59.5    84.96  
 0.0    85.094  
 56.25    85.227  
 0.0    85.36  
 53.0    85.494  
 0.0    85.627  
 49.75    85.761  
 0.0    85.894  
 46.5    86.028  
 0.0    86.161  
 43.25    86.294  
 0.0    86.428  
 40.0    86.561  
 0.0    86.695  
 36.75    86.828  
 0.0    86.962  
 33.5    87.095  
 0.0    87.228  
 30.25    87.362  
 0.0    87.495  
 27.0    87.629  
 0.0    87.762  
 23.75    87.895  
 0.0    88.029  
 20.5    88.162  
 0.0    88.296  
 17.25    88.429  
 0.0    88.563  
 14.0    88.696  
 0.0    88.83  
 10.75    88.963  
 0.0    89.096  
 7.5    89.23  
 0.0    89.363  
 4.25    89.497  
 0.0    89.633  
 352.0    89.764  
 0.0    89.897  
 348.75    90.03  
 0.0    90.164  
 345.5    90.297  
 0.0    90.431  
 342.25    90.564  
 0.0    90.698  
 339.0    90.831  
 0.0    90.965  
 335.75    91.098  
 0.0    91.231  
 332.5    91.365  
 0.0    91.498  
 329.25    91.632  
 0.0    91.765  
 326.0    91.899  
 0.0    92.032  
 322.75    92.165  
 0.0    92.299  
 319.5    92.432  
 0.0    92.566  
 316.25    92.699  
 0.0    92.832  
 313.0    92.966  
 0.0    93.099  
 309.75    93.233  
 0.0    93.366  
 306.5    93.5  
 0.0    93.633  
 303.25    93.766  
 0.0    93.9  
 300.0    94.033  
 0.0    94.167  
 296.75    94.3  
 0.0    94.434  
 293.5    94.567  
 0.0    94.7  
 290.25    94.834  
 0.0    94.967  
 287.0    95.101  
 0.0    95.234  
 283.75    95.368  
 0.0    95.501  
 280.5    95.635  
 0.0    95.768  
 277.25    95.901  
 0.0    96.035  
 274.0    96.168  
 0.0    96.302  
 270.75    96.435  
 0.0    96.569  
 267.5    96.702  
 0.0    96.835  
 264.25    96.969  
 0.0    97.102  
 261.0    97.236  
 0.0    97.369  
 257.75    97.503  
 0.0    97.636  
 254.5    97.769  
 0.0    97.903  
 251.25    98.036  
 0.0    98.17  
 248.0    98.303  
 0.0    98.437  
 244.75    98.57  
 0.0    98.703  
 241.5    98.837  
 0.0    98.97  
 238.25    99.104  
 0.0    99.237  
 235.0    99.371  
 0.0    99.504  
 231.75    99.637  
 0.0    99.771  
 228.5    99.904  
 0.0    100.038  
 225.25    100.171  
 0.0    100.305  
 222.0    100.438  
 0.0    100.571  
 218.75    100.705  
 0.0    100.838  
 215.5    100.972  
 0.0    101.105  
 212.25    101.239  
 0.0    101.372  
 209.0    101.505  
 0.0    101.639  
 205.75    101.772  
 0.0    101.906  
 202.5    102.039  
 0.0    102.173  
 199.25    102.306  
 0.0    102.439  
 196.0    102.573  
 0.0    102.706  
 192.75    102.84  
 0.0    102.973  
 189.5    103.107  
 0.0    103.24  
 186.25    103.373  
 0.0    103.507  
 183.0    103.64  
 0.0    103.774  
 179.75    103.907  
 0.0    104.041  
 176.5    104.174  
 0.0    104.307  
 173.25    104.441  
 0.0    104.574  
 170.0    104.708  
 0.0    104.841  
 166.75    104.975  
 0.0    105.108  
 163.5    105.241  
 0.0    105.375  
 160.25    105.508  
 0.0    105.642  
 157.0    105.775  
 0.0    105.909  
 153.75    106.042  
 0.0    106.175  
 150.5    106.309  
 0.0    106.442  
 147.25    106.576  
 0.0    106.709  
 144.0    106.843  
 0.0    106.976  
 140.75    107.109  
 0.0    107.243  
 137.5    107.376  
 0.0    107.51  
 134.25    107.643  
 0.0    107.777  
 131.0    107.91  
 0.0    108.043  
 127.75    108.177  
 0.0    108.31  
 124.5    108.444  
 0.0    108.577  
 121.25    108.711  
 0.0    108.844  
 118.0    108.978  
 0.0    109.111  
 114.75    109.244  
 0.0    109.378  
 111.5    109.511  
 0.0    109.645  
 108.25    109.778  
 0.0    109.911  
 105.0    110.045  
 0.0    110.178  
 101.75    110.312  
 0.0    110.445  
 98.5    110.579  
 0.0    110.712  
 95.25    110.845  
 0.0    110.979  
 92.0    111.112  
 0.0    111.246  
 88.75    111.379  
 0.0    111.513  
 85.5    111.646  
 0.0    111.78  
 82.25    111.913  
 0.0    112.046  
 79.0    112.18  
 0.0    112.313  
 75.75    112.447  
 0.0    112.58  
 72.5    112.713  
 0.0    112.847  
 69.25    112.98  
 0.0    113.114  
 66.0    113.247  
 0.0    113.381  
 62.75    113.514  
 0.0    113.648  
 59.5    113.781  
 0.0    113.914  
 56.25    114.048  
 0.0    114.181  
 53.0    114.315  
 0.0    114.448  
 49.75    114.582  
 0.0    114.715  
 46.5    114.848  
 0.0    114.982  
 43.25    115.115  
 0.0    115.249  
 40.0    115.382  
 0.0    115.516  
 36.75    115.649  
 0.0    115.782  
 33.5    115.916  
 0.0    116.049  
 30.25    116.183  
 0.0    116.316  
 27.0    116.45  
 0.0    116.583  
 23.75    116.716  
 0.0    116.85  
 20.5    116.983  
 0.0    117.117  
 17.25    117.25  
 0.0    117.384  
 14.0    117.517  
 0.0    117.65  
 10.75    117.784  
 0.0    117.917  
 7.5    118.051  
 0.0    118.184  
 4.25    118.318  
 0.0    118.455  
 352.0    118.584  
 0.0    118.718  
 348.75    118.851  
 0.0    118.985  
 345.5    119.118  
 0.0    119.252  
 342.25    119.385  
 0.0    119.518  
 339.0    119.652  
 0.0    119.785  
 335.75    119.919  
 0.0    120.052  
 332.5    120.186  
 0.0    120.319  
 329.25    120.452  
 0.0    120.586  
 326.0    120.719  
 0.0    120.853  
 322.75    120.986  
 0.0    121.12  
 319.5    121.253  
 0.0    121.387  
 316.25    121.52  
 0.0    121.653  
 313.0    121.787  
 0.0    121.92  
 309.75    122.054  
 0.0    122.187  
 306.5    122.32  
 0.0    122.454  
 303.25    122.587  
 0.0    122.721  
 300.0    122.854  
 0.0    122.988  
 296.75    123.121  
 0.0    123.254  
 293.5    123.388  
 0.0    123.521  
 290.25    123.655  
 0.0    123.788  
 287.0    123.922  
 0.0    124.055  
 283.75    124.189  
 0.0    124.322  
 280.5    124.455  
 0.0    124.589  
 277.25    124.722  
 0.0    124.856  
 274.0    124.989  
 0.0    125.122  
 270.75    125.256  
 0.0    125.389  
 267.5    125.523  
 0.0    125.656  
 264.25    125.79  
 0.0    125.923  
 261.0    126.057  
 0.0    126.19  
 257.75    126.323  
 0.0    126.457  
 254.5    126.59  
 0.0    126.724  
 251.25    126.857  
 0.0    126.991  
 248.0    127.124  
 0.0    127.257  
 244.75    127.391  
 0.0    127.524  
 241.5    127.658  
 0.0    127.791  
 238.25    127.924  
 0.0    128.058  
 235.0    128.191  
 0.0    128.325  
 231.75    128.458  
 0.0    128.592  
 228.5    128.725  
 0.0    128.859  
 225.25    128.992  
 0.0    129.125  
 222.0    129.259  
 0.0    129.392  
 218.75    129.526  
 0.0    129.659  
 215.5    129.793  
 0.0    129.926  
 212.25    130.059  
 0.0    130.193  
 209.0    130.327  
 0.0    130.46  
 205.75    130.593  
 0.0    130.726  
 202.5    130.86  
 0.0    130.993  
 199.25    131.127  
 0.0    131.26  
 196.0    131.394  
 0.0    131.527  
 192.75    131.661  
 0.0    131.794  
 189.5    131.927  
 0.0    132.061  
 186.25    132.194  
 0.0    132.328  
 183.0    132.461  
 0.0    132.595  
 179.75    132.728  
 0.0    132.861  
 176.5    132.995  
 0.0    133.128  
 173.25    133.262  
 0.0    133.395  
 170.0    133.529  
 0.0    133.662  
 166.75    133.795  
 0.0    133.929  
 163.5    134.062  
 0.0    134.196  
 160.25    134.329  
 0.0    134.463  
 157.0    134.596  
 0.0    134.729  
 153.75    134.863  
 0.0    134.996  
 150.5    135.13  
 0.0    135.263  
 147.25    135.397  
 0.0    135.53  
 144.0    135.664  
 0.0    135.797  
 140.75    135.931  
 0.0    136.064  
 137.5    136.197  
 0.0    136.331  
 134.25    136.464  
 0.0    136.598  
 131.0    136.731  
 0.0    136.864  
 127.75    136.998  
 0.0    137.131  
 124.5    137.265  
 0.0    137.398  
 121.25    137.532  
 0.0    137.665  
 118.0    137.798  
 0.0    137.932  
 114.75    138.065  
 0.0    138.199  
 111.5    138.332  
 0.0    138.465  
 108.25    138.599  
 0.0    138.732  
 105.0    138.866  
 0.0    138.999  
 101.75    139.133  
 0.0    139.266  
 98.5    139.399  
 0.0    139.533  
 95.25    139.666  
 0.0    139.8  
 92.0    139.933  
 0.0    140.067  
 88.75    140.2  
 0.0    140.334  
 85.5    140.467  
 0.0    140.601  
 82.25    140.734  
 0.0    140.867  
 79.0    141.001  
 0.0    141.134  
 75.75    141.268  
 0.0    141.401  
 72.5    141.534  
 0.0    141.668  
 69.25    141.801  
 0.0    141.935  
 66.0    142.068  
 0.0    142.202  
 62.75    142.335  
 0.0    142.468  
 59.5    142.602  
 0.0    142.735  
 56.25    142.869  
 0.0    143.002  
 53.0    143.136  
 0.0    143.269  
 49.75    143.402  
 0.0    143.536  
 46.5    143.669  
 0.0    143.803  
 43.25    143.936  
 0.0    144.07  
 40.0    144.203  
 0.0    144.336  
 36.75    144.47  
 0.0    144.603  
 33.5    144.737  
 0.0    144.87  
 30.25    145.004  
 0.0    145.137  
 27.0    145.27  
 0.0    145.404  
 23.75    145.537  
 0.0    145.671  
 20.5    145.804  
 0.0    145.938  
 17.25    146.071  
 0.0    146.204  
 14.0    146.338  
 0.0    146.471  
 10.75    146.605  
 0.0    146.738  
 7.5    146.872  
 0.0    147.005  
 4.25    147.138  
 0.0    147.279  
 352.0    147.408  
 0.0    147.539  
 348.75    147.672  
 0.0    147.806  
 345.5    147.939  
 0.0    148.072  
 342.25    148.206  
 0.0    148.339  
 339.0    148.473  
 0.0    148.606  
 335.75    148.74  
 0.0    148.873  
 332.5    149.007  
 0.0    149.14  
 329.25    149.273  
 0.0    149.407  
 326.0    149.54  
 0.0    149.674  
 322.75    149.807  
 0.0    149.94  
 319.5    150.074  
 0.0    150.207  
 316.25    150.341  
 0.0    150.474  
 313.0    150.608  
 0.0    150.741  
 309.75    150.874  
 0.0    151.008  
 306.5    151.141  
 0.0    151.275  
 303.25    151.408  
 0.0    151.542  
 300.0    151.675  
 0.0    151.808  
 296.75    151.942  
 0.0    152.075  
 293.5    152.209  
 0.0    152.342  
 290.25    152.476  
 0.0    152.609  
 287.0    152.743  
 0.0    152.876  
 283.75    153.009  
 0.0    153.143  
 280.5    153.276  
 0.0    153.41  
 277.25    153.543  
 0.0    153.677  
 274.0    153.81  
 0.0    153.943  
 270.75    154.077  
 0.0    154.21  
 267.5    154.344  
 0.0    154.477  
 264.25    154.611  
 0.0    154.744  
 261.0    154.877  
 0.0    155.011  
 257.75    155.144  
 0.0    155.278  
 254.5    155.411  
 0.0    155.544  
 251.25    155.678  
 0.0    155.811  
 248.0    155.945  
 0.0    156.078  
 244.75    156.212  
 0.0    156.345  
 241.5    156.479  
 0.0    156.612  
 238.25    156.745  
 0.0    156.879  
 235.0    157.012  
 0.0    157.146  
 231.75    157.279  
 0.0    157.413  
 228.5    157.546  
 0.0    157.679  
 225.25    157.813  
 0.0    157.946  
 222.0    158.08  
 0.0    158.213  
 218.75    158.347  
 0.0    158.48  
 215.5    158.613  
 0.0    158.747  
 212.25    158.88  
 0.0    159.014  
 209.0    159.147  
 0.0    159.281  
 205.75    159.414  
 0.0    159.548  
 202.5    159.681  
 0.0    159.814  
 199.25    159.948  
 0.0    160.081  
 196.0    160.215  
 0.0    160.348  
 192.75    160.481  
 0.0    160.615  
 189.5    160.748  
 0.0    160.882  
 186.25    161.015  
 0.0    161.149  
 183.0    161.282  
 0.0    161.415  
 179.75    161.549  
 0.0    161.682  
 176.5    161.816  
 0.0    161.949  
 173.25    162.083  
 0.0    162.216  
 170.0    162.35  
 0.0    162.483  
 166.75    162.616  
 0.0    162.75  
 163.5    162.883  
 0.0    163.017  
 160.25    163.15  
 0.0    163.284  
 157.0    163.417  
 0.0    163.55  
 153.75    163.684  
 0.0    163.817  
 150.5    163.951  
 0.0    164.084  
 147.25    164.218  
 0.0    164.351  
 144.0    164.484  
 0.0    164.618  
 140.75    164.751  
 0.0    164.885  
 137.5    165.018  
 0.0    165.152  
 134.25    165.285  
 0.0    165.418  
 131.0    165.552  
 0.0    165.685  
 127.75    165.819  
 0.0    165.952  
 124.5    166.085  
 0.0    166.219  
 121.25    166.352  
 0.0    166.486  
 118.0    166.62  
 0.0    166.753  
 114.75    166.887  
 0.0    167.019  
 111.5    167.153  
 0.0    167.286  
 108.25    167.42  
 0.0    167.553  
 105.0    167.687  
 0.0    167.82  
 101.75    167.954  
 0.0    168.087  
 98.5    168.22  
 0.0    168.354  
 95.25    168.487  
 0.0    168.621  
 92.0    168.754  
 0.0    168.888  
 88.75    169.021  
 0.0    169.154  
 85.5    169.288  
 0.0    169.421  
 82.25    169.555  
 0.0    169.688  
 79.0    169.821  
 0.0    169.955  
 75.75    170.088  
 0.0    170.222  
 72.5    170.355  
 0.0    170.489  
 69.25    170.622  
 0.0    170.756  
 66.0    170.889  
 0.0    171.022  
 62.75    171.156  
 0.0    171.289  
 59.5    171.423  
 0.0    171.556  
 56.25    171.69  
 0.0    171.823  
 53.0    171.956  
 0.0    172.09  
 49.75    172.223  
 0.0    172.357  
 46.5    172.49  
 0.0    172.624  
 43.25    172.757  
 0.0    172.89  
 40.0    173.024  
 0.0    173.157  
 36.75    173.291  
 0.0    173.424  
 33.5    173.558  
 0.0    173.691  
 30.25    173.824  
 0.0    173.958  
 27.0    174.091  
 0.0    174.225  
 23.75    174.358  
 0.0    174.492  
 20.5    174.625  
 0.0    174.758  
 17.25    174.892  
 0.0    175.025  
 14.0    175.159  
 0.0    175.292  
 10.75    175.426  
 0.0    175.559  
 7.5    175.692  
 0.0    175.826  
 4.25    175.959  
 0.0    176.099  
 352.0    176.229  
 0.0    176.36  
 348.75    176.493  
 0.0    176.627  
 345.5    176.76  
 0.0    176.893  
 342.25    177.027  
 0.0    177.16  
 339.0    177.294  
 0.0    177.427  
 335.75    177.561  
 0.0    177.694  
 332.5    177.827  
 0.0    177.961  
 329.25    178.094  
 0.0    178.228  
 326.0    178.361  
 0.0    178.494  
 322.75    178.628  
 0.0    178.761  
 319.5    178.895  
 0.0    179.028  
 316.25    179.162  
 0.0    179.295  
 313.0    179.429  
 0.0    179.562  
 309.75    179.695  
 0.0    179.829  
 306.5    179.962  
 0.0    180.096  
 303.25    180.229  
 0.0    180.363  
 300.0    180.496  
 0.0    180.629  
 296.75    180.763  
 0.0    180.896  
 293.5    181.03  
 0.0    181.163  
 290.25    181.297  
 0.0    181.43  
 287.0    181.564  
 0.0    181.697  
 283.75    181.83  
 0.0    181.964  
 280.5    182.097  
 0.0    182.231  
 277.25    182.364  
 0.0    182.497  
 274.0    182.631  
 0.0    182.764  
 270.75    182.898  
 0.0    183.031  
 267.5    183.165  
 0.0    183.298  
 264.25    183.431  
 0.0    183.565  
 261.0    183.698  
 0.0    183.832  
 257.75    183.965  
 0.0    184.099  
 254.5    184.232  
 0.0    184.365  
 251.25    184.499  
 0.0    184.632  
 248.0    184.766  
 0.0    184.899  
 244.75    185.033  
 0.0    185.166  
 241.5    185.299  
 0.0    185.433  
 238.25    185.566  
 0.0    185.7  
 235.0    185.833  
 0.0    185.967  
 231.75    186.1  
 0.0    186.233  
 228.5    186.367  
 0.0    186.5  
 225.25    186.634  
 0.0    186.767  
 222.0    186.901  
 0.0    187.034  
 218.75    187.167  
 0.0    187.301  
 215.5    187.434  
 0.0    187.568  
 212.25    187.701  
 0.0    187.835  
 209.0    187.968  
 0.0    188.101  
 205.75    188.235  
 0.0    188.368  
 202.5    188.502  
 0.0    188.635  
 199.25    188.769  
 0.0    188.902  
 196.0    189.035  
 0.0    189.169  
 192.75    189.302  
 0.0    189.436  
 189.5    189.569  
 0.0    189.703  
 186.25    189.836  
 0.0    189.969  
 183.0    190.103  
 0.0    190.236  
 179.75    190.37  
 0.0    190.503  
 176.5    190.637  
 0.0    190.77  
 173.25    190.903  
 0.0    191.037  
 170.0    191.17  
 0.0    191.304  
 166.75    191.437  
 0.0    191.571  
 163.5    191.704  
 0.0    191.838  
 160.25    191.971  
 0.0    192.104  
 157.0    192.238  
 0.0    192.371  
 153.75    192.505  
 0.0    192.638  
 150.5    192.771  
 0.0    192.905  
 147.25    193.038  
 0.0    193.172  
 144.0    193.305  
 0.0    193.439  
 140.75    193.572  
 0.0    193.706  
 137.5    193.839  
 0.0    193.972  
 134.25    194.106  
 0.0    194.239  
 131.0    194.373  
 0.0    194.506  
 127.75    194.64  
 0.0    194.773  
 124.5    194.906  
 0.0    195.04  
 121.25    195.173  
 0.0    195.307  
 118.0    195.44  
 0.0    195.574  
 114.75    195.707  
 0.0    195.84  
 111.5    195.974  
 0.0    196.107  
 108.25    196.241  
 0.0    196.374  
 105.0    196.508  
 0.0    196.641  
 101.75    196.774  
 0.0    196.908  
 98.5    197.041  
 0.0    197.175  
 95.25    197.308  
 0.0    197.441  
 92.0    197.575  
 0.0    197.708  
 88.75    197.842  
 0.0    197.975  
 85.5    198.109  
 0.0    198.242  
 82.25    198.375  
 0.0    198.509  
 79.0    198.642  
 0.0    198.776  
 75.75    198.909  
 0.0    199.043  
 72.5    199.176  
 0.0    199.31  
 69.25    199.443  
 0.0    199.576  
 66.0    199.71  
 0.0    199.843  
 62.75    199.977  
 0.0    200.11  
 59.5    200.244  
 0.0    200.377  
 56.25    200.51  
 0.0    200.644  
 53.0    200.777  
 0.0    200.911  
 49.75    201.044  
 0.0    201.178  
 46.5    201.311  
 0.0    201.444  
 43.25    201.578  
 0.0    201.711  
 40.0    201.845  
 0.0    201.978  
 36.75    202.112  
 0.0    202.245  
 33.5    202.378  
 0.0    202.512  
 30.25    202.645  
 0.0    202.779  
 27.0    202.912  
 0.0    203.046  
 23.75    203.179  
 0.0    203.312  
 20.5    203.446  
 0.0    203.579  
 17.25    203.713  
 0.0    203.846  
 14.0    203.98  
 0.0    204.113  
 10.75    204.246  
 0.0    204.38  
 7.5    204.513  
 0.0    204.647  
 4.25    204.78  
 0.0    204.921  
 352.0    205.064  
 0.0    205.197  
 348.75    205.331  
 0.0    205.464  
 345.5    205.598  
 0.0    205.731  
 342.25    205.864  
 0.0    205.998  
 339.0    206.131  
 0.0    206.265  
 335.75    206.398  
 0.0    206.531  
 332.5    206.665  
 0.0    206.798  
 329.25    206.932  
 0.0    207.065  
 326.0    207.199  
 0.0    207.332  
 322.75    207.465  
 0.0    207.599  
 319.5    207.732  
 0.0    207.866  
 316.25    207.999  
 0.0    208.133  
 313.0    208.266  
 0.0    208.399  
 309.75    208.533  
 0.0    208.666  
 306.5    208.8  
 0.0    208.933  
 303.25    209.067  
 0.0    209.2  
 300.0    209.333  
 0.0    209.467  
 296.75    209.6  
 0.0    209.734  
 293.5    209.867  
 0.0    210.001  
 290.25    210.134  
 0.0    210.267  
 287.0    210.401  
 0.0    210.534  
 283.75    210.668  
 0.0    210.801  
 280.5    210.935  
 0.0    211.068  
 277.25    211.202  
 0.0    211.335  
 274.0    211.468  
 0.0    211.602  
 270.75    211.735  
 0.0    211.869  
 267.5    212.002  
 0.0    212.135  
 264.25    212.269  
 0.0    212.402  
 261.0    212.536  
 0.0    212.669  
 257.75    212.803  
 0.0    212.936  
 254.5    213.069  
 0.0    213.203  
 251.25    213.337  
 0.0    213.47  
 248.0    213.603  
 0.0    213.737  
 244.75    213.87  
 0.0    214.004  
 241.5    214.137  
 0.0    214.27  
 238.25    214.404  
 0.0    214.537  
 235.0    214.671  
 0.0    214.804  
 231.75    214.938  
 0.0    215.071  
 228.5    215.204  
 0.0    215.338  
 225.25    215.471  
 0.0    215.605  
 222.0    215.738  
 0.0    215.872  
 218.75    216.005  
 0.0    216.138  
 215.5    216.272  
 0.0    216.405  
 212.25    216.539  
 0.0    216.672  
 209.0    216.806  
 0.0    216.939  
 205.75    217.072  
 0.0    217.206  
 202.5    217.339  
 0.0    217.473  
 199.25    217.606  
 0.0    217.74  
 196.0    217.873  
 0.0    218.006  
 192.75    218.14  
 0.0    218.273  
 189.5    218.407  
 0.0    218.54  
 186.25    218.674  
 0.0    218.807  
 183.0    218.94  
 0.0    219.074  
 179.75    219.207  
 0.0    219.341  
 176.5    219.475  
 0.0    219.608  
 173.25    219.741  
 0.0    219.874  
 170.0    220.008  
 0.0    220.141  
 166.75    220.275  
 0.0    220.408  
 163.5    220.542  
 0.0    220.675  
 160.25    220.808  
 0.0    220.942  
 157.0    221.075  
 0.0    221.209  
 153.75    221.342  
 0.0    221.476  
 150.5    221.609  
 0.0    221.742  
 147.25    221.876  
 0.0    222.009  
 144.0    222.143  
 0.0    222.276  
 140.75    222.41  
 0.0    222.543  
 137.5    222.677  
 0.0    222.81  
 134.25    222.943  
 0.0    223.077  
 131.0    223.21  
 0.0    223.344  
 127.75    223.477  
 0.0    223.611  
 124.5    223.744  
 0.0    223.877  
 121.25    224.011  
 0.0    224.144  
 118.0    224.278  
 0.0    224.411  
 114.75    224.544  
 0.0    224.678  
 111.5    224.811  
 0.0    224.945  
 108.25    225.078  
 0.0    225.212  
 105.0    225.345  
 0.0    225.479  
 101.75    225.612  
 0.0    225.745  
 98.5    225.879  
 0.0    226.012  
 95.25    226.146  
 0.0    226.279  
 92.0    226.413  
 0.0    226.546  
 88.75    226.679  
 0.0    226.813  
 85.5    226.946  
 0.0    227.08  
 82.25    227.213  
 0.0    227.346  
 79.0    227.48  
 0.0    227.613  
 75.75    227.747  
 0.0    227.88  
 72.5    228.014  
 0.0    228.147  
 69.25    228.281  
 0.0    228.414  
 66.0    228.547  
 0.0    228.681  
 62.75    228.814  
 0.0    228.948  
 59.5    229.081  
 0.0    229.214  
 56.25    229.348  
 0.0    229.481  
 53.0    229.615  
 0.0    229.748  
 49.75    229.882  
 0.0    230.015  
 46.5    230.148  
 0.0    230.282  
 43.25    230.415  
 0.0    230.549  
 40.0    230.682  
 0.0    230.816  
 36.75    230.949  
 0.0    231.083  
 33.5    231.216  
 0.0    231.35  
 30.25    231.483  
 0.0    231.616  
 27.0    231.75  
 0.0    231.883  
 23.75    232.017  
 0.0    232.15  
 20.5    232.283  
 0.0    232.417  
 17.25    232.55  
 0.0    232.684  
 14.0    232.817  
 0.0    232.951  
 10.75    233.084  
 0.0    233.217  
 7.5    233.351  
 0.0    233.484  
 4.25    233.618  
 0.0    233.762  
 352.0    233.902  
 0.0    234.035  
 348.75    234.168  
 0.0    234.302  
 345.5    234.435  
 0.0    234.568  
 342.25    234.702  
 0.0    234.835  
 339.0    234.969  
 0.0    235.102  
 335.75    235.236  
 0.0    235.369  
 332.5    235.502  
 0.0    235.636  
 329.25    235.769  
 0.0    235.903  
 326.0    236.036  
 0.0    236.17  
 322.75    236.303  
 0.0    236.436  
 319.5    236.57  
 0.0    236.703  
 316.25    236.837  
 0.0    236.97  
 313.0    237.104  
 0.0    237.237  
 309.75    237.37  
 0.0    237.504  
 306.5    237.637  
 0.0    237.771  
 303.25    237.904  
 0.0    238.038  
 300.0    238.171  
 0.0    238.304  
 296.75    238.438  
 0.0    238.571  
 293.5    238.705  
 0.0    238.838  
 290.25    238.972  
 0.0    239.105  
 287.0    239.238  
 0.0    239.372  
 283.75    239.505  
 0.0    239.639  
 280.5    239.772  
 0.0    239.906  
 277.25    240.039  
 0.0    240.172  
 274.0    240.306  
 0.0    240.439  
 270.75    240.573  
 0.0    240.706  
 267.5    240.84  
 0.0    240.973  
 264.25    241.107  
 0.0    241.24  
 261.0    241.373  
 0.0    241.507  
 257.75    241.64  
 0.0    241.774  
 254.5    241.907  
 0.0    242.041  
 251.25    242.174  
 0.0    242.307  
 248.0    242.441  
 0.0    242.574  
 244.75    242.708  
 0.0    242.841  
 241.5    242.975  
 0.0    243.108  
 238.25    243.241  
 0.0    243.375  
 235.0    243.508  
 0.0    243.642  
 231.75    243.775  
 0.0    243.908  
 228.5    244.042  
 0.0    244.175  
 225.25    244.309  
 0.0    244.442  
 222.0    244.576  
 0.0    244.709  
 218.75    244.843  
 0.0    244.976  
 215.5    245.109  
 0.0    245.243  
 212.25    245.376  
 0.0    245.51  
 209.0    245.643  
 0.0    245.777  
 205.75    245.91  
 0.0    246.043  
 202.5    246.177  
 0.0    246.31  
 199.25    246.444  
 0.0    246.577  
 196.0    246.711  
 0.0    246.844  
 192.75    246.977  
 0.0    247.111  
 189.5    247.244  
 0.0    247.378  
 186.25    247.511  
 0.0    247.645  
 183.0    247.778  
 0.0    247.911  
 179.75    248.045  
 0.0    248.178  
 176.5    248.312  
 0.0    248.445  
 173.25    248.579  
 0.0    248.712  
 170.0    248.845  
 0.0    248.979  
 166.75    249.112  
 0.0    249.246  
 163.5    249.379  
 0.0    249.513  
 160.25    249.646  
 0.0    249.779  
 157.0    249.913  
 0.0    250.046  
 153.75    250.18  
 0.0    250.313  
 150.5    250.447  
 0.0    250.58  
 147.25    250.713  
 0.0    250.847  
 144.0    250.98  
 0.0    251.114  
 140.75    251.247  
 0.0    251.381  
 137.5    251.514  
 0.0    251.647  
 134.25    251.781  
 0.0    251.914  
 131.0    252.048  
 0.0    252.181  
 127.75    252.315  
 0.0    252.448  
 124.5    252.581  
 0.0    252.715  
 121.25    252.848  
 0.0    252.982  
 118.0    253.115  
 0.0    253.249  
 114.75    253.382  
 0.0    253.516  
 111.5    253.649  
 0.0    253.782  
 108.25    253.916  
 0.0    254.049  
 105.0    254.183  
 0.0    254.316  
 101.75    254.45  
 0.0    254.583  
 98.5    254.717  
 0.0    254.85  
 95.25    254.983  
 0.0    255.117  
 92.0    255.25  
 0.0    255.383  
 88.75    255.517  
 0.0    255.651  
 85.5    255.784  
 0.0    255.917  
 82.25    256.051  
 0.0    256.184  
 79.0    256.318  
 0.0    256.451  
 75.75    256.584  
 0.0    256.718  
 72.5    256.851  
 0.0    256.985  
 69.25    257.118  
 0.0    257.251  
 66.0    257.385  
 0.0    257.518  
 62.75    257.652  
 0.0    257.785  
 59.5    257.919  
 0.0    258.052  
 56.25    258.185  
 0.0    258.319  
 53.0    258.452  
 0.0    258.586  
 49.75    258.719  
 0.0    258.853  
 46.5    258.986  
 0.0    259.12  
 43.25    259.253  
 0.0    259.386  
 40.0    259.52  
 0.0    259.653  
 36.75    259.787  
 0.0    259.92  
 33.5    260.054  
 0.0    260.187  
 30.25    260.32  
 0.0    260.454  
 27.0    260.587  
 0.0    260.721  
 23.75    260.854  
 0.0    260.988  
 20.5    261.121  
 0.0    261.254  
 17.25    261.388  
 0.0    261.521  
 14.0    261.655  
 0.0    261.788  
 10.75    261.922  
 0.0    262.055  
 7.5    262.188  
 0.0    262.322  
 4.25    262.455  
 0.0    262.598  
 352.0    262.739  
 0.0    262.872  
 348.75    263.006  
 0.0    263.139  
 345.5    263.273  
 0.0    263.406  
 342.25    263.539  
 0.0    263.673  
 339.0    263.807  
 0.0    263.94  
 335.75    264.073  
 0.0    264.207  
 332.5    264.34  
 0.0    264.473  
 329.25    264.607  
 0.0    264.74  
 326.0    264.874  
 0.0    265.007  
 322.75    265.141  
 0.0    265.274  
 319.5    265.407  
 0.0    265.541  
 316.25    265.674  
 0.0    265.808  
 313.0    265.941  
 0.0    266.075  
 309.75    266.208  
 0.0    266.341  
 306.5    266.475  
 0.0    266.608  
 303.25    266.742  
 0.0    266.875  
 300.0    267.009  
 0.0    267.142  
 296.75    267.275  
 0.0    267.409  
 293.5    267.542  
 0.0    267.676  
 290.25    267.809  
 0.0    267.943  
 287.0    268.076  
 0.0    268.209  
 283.75    268.343  
 0.0    268.476  
 280.5    268.61  
 0.0    268.743  
 277.25    268.877  
 0.0    269.01  
 274.0    269.143  
 0.0    269.277  
 270.75    269.41  
 0.0    269.544  
 267.5    269.677  
 0.0    269.811  
 264.25    269.944  
 0.0    270.077  
 261.0    270.211  
 0.0    270.344  
 257.75    270.478  
 0.0    270.611  
 254.5    270.745  
 0.0    270.878  
 251.25    271.011  
 0.0    271.145  
 248.0    271.278  
 0.0    271.412  
 244.75    271.545  
 0.0    271.679  
 241.5    271.812  
 0.0    271.945  
 238.25    272.079  
 0.0    272.212  
 235.0    272.346  
 0.0    272.479  
 231.75    272.613  
 0.0    272.746  
 228.5    272.88  
 0.0    273.013  
 225.25    273.147  
 0.0    273.28  
 222.0    273.413  
 0.0    273.547  
 218.75    273.68  
 0.0    273.814  
 215.5    273.947  
 0.0    274.08  
 212.25    274.214  
 0.0    274.347  
 209.0    274.481  
 0.0    274.614  
 205.75    274.748  
 0.0    274.881  
 202.5    275.014  
 0.0    275.148  
 199.25    275.281  
 0.0    275.415  
 196.0    275.548  
 0.0    275.681  
 192.75    275.815  
 0.0    275.948  
 189.5    276.082  
 0.0    276.215  
 186.25    276.349  
 0.0    276.482  
 183.0    276.616  
 0.0    276.749  
 179.75    276.882  
 0.0    277.016  
 176.5    277.149  
 0.0    277.283  
 173.25    277.416  
 0.0    277.55  
 170.0    277.683  
 0.0    277.816  
 166.75    277.95  
 0.0    278.083  
 163.5    278.217  
 0.0    278.35  
 160.25    278.484  
 0.0    278.617  
 157.0    278.75  
 0.0    278.884  
 153.75    279.017  
 0.0    279.151  
 150.5    279.284  
 0.0    279.418  
 147.25    279.551  
 0.0    279.684  
 144.0    279.818  
 0.0    279.951  
 140.75    280.085  
 0.0    280.218  
 137.5    280.352  
 0.0    280.485  
 134.25    280.618  
 0.0    280.752  
 131.0    280.885  
 0.0    281.019  
 127.75    281.152  
 0.0    281.286  
 124.5    281.419  
 0.0    281.552  
 121.25    281.686  
 0.0    281.819  
 118.0    281.953  
 0.0    282.086  
 114.75    282.22  
 0.0    282.353  
 111.5    282.486  
 0.0    282.62  
 108.25    282.753  
 0.0    282.887  
 105.0    283.02  
 0.0    283.154  
 101.75    283.287  
 0.0    283.42  
 98.5    283.554  
 0.0    283.687  
 95.25    283.821  
 0.0    283.954  
 92.0    284.088  
 0.0    284.221  
 88.75    284.355  
 0.0    284.488  
 85.5    284.621  
 0.0    284.755  
 82.25    284.888  
 0.0    285.022  
 79.0    285.155  
 0.0    285.289  
 75.75    285.422  
 0.0    285.555  
 72.5    285.689  
 0.0    285.823  
 69.25    285.956  
 0.0    286.089  
 66.0    286.222  
 0.0    286.356  
 62.75    286.489  
 0.0    286.623  
 59.5    286.756  
 0.0    286.89  
 56.25    287.023  
 0.0    287.157  
 53.0    287.29  
 0.0    287.423  
 49.75    287.557  
 0.0    287.69  
 46.5    287.824  
 0.0    287.957  
 43.25    288.091  
 0.0    288.224  
 40.0    288.357  
 0.0    288.491  
 36.75    288.624  
 0.0    288.758  
 33.5    288.891  
 0.0    289.024  
 30.25    289.158  
 0.0    289.291  
 27.0    289.425  
 0.0    289.558  
 23.75    289.692  
 0.0    289.825  
 20.5    289.958  
 0.0    290.092  
 17.25    290.225  
 0.0    290.359  
 14.0    290.492  
 0.0    290.626  
 10.75    290.759  
 0.0    290.893  
 7.5    291.026  
 0.0    291.159  
 4.25    291.293  
 0.0    291.436  
 352.0    291.576  
 0.0    291.71  
 348.75    291.843  
 0.0    291.977  
 345.5    292.11  
 0.0    292.244  
 342.25    292.377  
 0.0    292.51  
 339.0    292.644  
 0.0    292.777  
 335.75    292.911  
 0.0    293.044  
 332.5    293.178  
 0.0    293.311  
 329.25    293.444  
 0.0    293.578  
 326.0    293.711  
 0.0    293.845  
 322.75    293.978  
 0.0    294.112  
 319.5    294.245  
 0.0    294.378  
 316.25    294.512  
 0.0    294.645  
 313.0    294.779  
 0.0    294.912  
 309.75    295.046  
 0.0    295.179  
 306.5    295.312  
 0.0    295.446  
 303.25    295.579  
 0.0    295.713  
 300.0    295.846  
 0.0    295.98  
 296.75    296.113  
 0.0    296.246  
 293.5    296.38  
 0.0    296.513  
 290.25    296.647  
 0.0    296.78  
 287.0    296.914  
 0.0    297.047  
 283.75    297.18  
 0.0    297.314  
 280.5    297.447  
 0.0    297.581  
 277.25    297.714  
 0.0    297.848  
 274.0    297.981  
 0.0    298.114  
 270.75    298.248  
 0.0    298.381  
 267.5    298.515  
 0.0    298.648  
 264.25    298.782  
 0.0    298.915  
 261.0    299.048  
 0.0    299.182  
 257.75    299.315  
 0.0    299.449  
 254.5    299.582  
 0.0    299.716  
 251.25    299.849  
 0.0    299.982  
 248.0    300.116  
 0.0    300.249  
 244.75    300.383  
 0.0    300.516  
 241.5    300.65  
 0.0    300.783  
 238.25    300.917  
 0.0    301.05  
 235.0    301.183  
 0.0    301.317  
 231.75    301.45  
 0.0    301.584  
 228.5    301.717  
 0.0    301.85  
 225.25    301.984  
 0.0    302.117  
 222.0    302.251  
 0.0    302.384  
 218.75    302.518  
 0.0    302.651  
 215.5    302.784  
 0.0    302.918  
 212.25    303.051  
 0.0    303.185  
 209.0    303.318  
 0.0    303.452  
 205.75    303.585  
 0.0    303.719  
 202.5    303.852  
 0.0    303.985  
 199.25    304.119  
 0.0    304.252  
 196.0    304.386  
 0.0    304.519  
 192.75    304.652  
 0.0    304.786  
 189.5    304.919  
 0.0    305.053  
 186.25    305.186  
 0.0    305.32  
 183.0    305.453  
 0.0    305.587  
 179.75    305.72  
 0.0    305.853  
 176.5    305.987  
 0.0    306.12  
 173.25    306.254  
 0.0    306.387  
 170.0    306.521  
 0.0    306.654  
 166.75    306.787  
 0.0    306.921  
 163.5    307.054  
 0.0    307.188  
 160.25    307.321  
 0.0    307.455  
 157.0    307.588  
 0.0    307.721  
 153.75    307.855  
 0.0    307.988  
 150.5    308.122  
 0.0    308.255  
 147.25    308.389  
 0.0    308.522  
 144.0    308.655  
 0.0    308.789  
 140.75    308.922  
 0.0    309.056  
 137.5    309.189  
 0.0    309.323  
 134.25    309.456  
 0.0    309.589  
 131.0    309.723  
 0.0    309.856  
 127.75    309.99  
 0.0    310.123  
 124.5    310.257  
 0.0    310.39  
 121.25    310.523  
 0.0    310.657  
 118.0    310.79  
 0.0    310.924  
 114.75    311.057  
 0.0    311.191  
 111.5    311.324  
 0.0    311.457  
 108.25    311.591  
 0.0    311.726  
 105.0    311.858  
 0.0    311.991  
 101.75    312.125  
 0.0    312.258  
 98.5    312.391  
 0.0    312.526  
 95.25    312.658  
 0.0    312.792  
 92.0    312.925  
 0.0    313.059  
 88.75    313.192  
 0.0    313.325  
 85.5    313.459  
 0.0    313.592  
 82.25    313.726  
 0.0    313.859  
 79.0    313.993  
 0.0    314.126  
 75.75    314.259  
 0.0    314.393  
 72.5    314.526  
 0.0    314.66  
 69.25    314.793  
 0.0    314.927  
 66.0    315.06  
 0.0    315.194  
 62.75    315.327  
 0.0    315.46  
 59.5    315.594  
 0.0    315.727  
 56.25    315.861  
 0.0    315.994  
 53.0    316.128  
 0.0    316.261  
 49.75    316.395  
 0.0    316.528  
 46.5    316.661  
 0.0    316.795  
 43.25    316.928  
 0.0    317.061  
 40.0    317.195  
 0.0    317.328  
 36.75    317.462  
 0.0    317.595  
 33.5    317.729  
 0.0    317.862  
 30.25    317.995  
 0.0    318.129  
 27.0    318.262  
 0.0    318.396  
 23.75    318.529  
 0.0    318.663  
 20.5    318.796  
 0.0    318.93  
 17.25    319.063  
 0.0    319.196  
 14.0    319.33  
 0.0    319.463  
 10.75    319.597  
 0.0    319.73  
 7.5    319.863  
 0.0    319.997  
 4.25    320.13  
