 [216.0, 216.0, 209.5, 47.0]  
 [44.708, 45.242, 58.585]  
 [45.108, 45.909]  
 [342.75, 303.75, 177.0, 115.25]  
 [63.121, 66.324, 76.731, 81.802]  
 [63.655, 66.724, 77.131, 82.202]  
 [339.5, 339.5, 248.5, 108.75]  
 [92.209, 99.681, 111.156]  
 [92.743, 111.556]  
 [329.75, 281.0, 268.0, 190.0]  
 [121.831, 125.833, 126.901, 133.305]  
 [122.364, 126.367, 127.435, 133.706]  
 [323.25, 144.5, 118.5, 43.75]  
 [151.185, 165.863, 167.997, 174.135]  
 [151.585, 166.396, 168.531, 174.535]  
 [342.75, 294.0, 138.0, 63.25]  
 [178.405, 182.408, 195.217, 201.355]  
 [178.805, 182.808, 195.617, 202.155]  
 [258.25, 219.25, 125.0, 115.25]  
 [214.164, 217.367, 225.106, 225.906]  
 [214.698, 217.9, 225.506, 226.307]  
 [303.75, 303.75, 274.5, 235.5]  
 [239.266, 241.667, 244.87]  
 [239.666, 242.468, 245.403]  
 [355.75, 141.25, 125.0, 76.25]  
 [263.833, 281.447, 282.781, 286.783]  
 [264.367, 281.847]  
 [297.25, 199.75, 196.5, 53.5]  
 [297.475, 305.48, 305.747, 317.489]  
 [298.409, 318.023]  
