 32.825    32.825  
 0.0    32.842  
 1.0    32.973  
 0.0    33.107  
 4.25    33.24  
 0.0    33.373  
 7.5    33.507  
 0.0    33.64  
 10.75    33.774  
 0.0    33.907  
 14.0    34.041  
 0.0    34.174  
 17.25    34.307  
 0.0    34.441  
 20.5    34.574  
 0.0    34.708  
 23.75    34.841  
 0.0    34.974  
 27.0    35.108  
 0.0    35.241  
 30.25    35.375  
 0.0    35.508  
 33.5    35.642  
 0.0    35.775  
 36.75    35.908  
 0.0    36.042  
 40.0    36.176  
 0.0    36.309  
 43.25    36.442  
 0.0    36.576  
 46.5    36.709  
 0.0    36.843  
 49.75    36.976  
 0.0    37.109  
 53.0    37.243  
 0.0    37.376  
 56.25    37.51  
 0.0    37.643  
 59.5    37.777  
 0.0    37.91  
 62.75    38.043  
 0.0    38.177  
 66.0    38.31  
 0.0    38.444  
 69.25    38.577  
 0.0    38.711  
 72.5    38.844  
 0.0    38.977  
 75.75    39.111  
 0.0    39.244  
 79.0    39.378  
 0.0    39.511  
 82.25    39.645  
 0.0    39.778  
 85.5    39.911  
 0.0    40.045  
 88.75    40.178  
 0.0    40.312  
 92.0    40.445  
 0.0    40.579  
 95.25    40.712  
 0.0    40.845  
 98.5    40.979  
 0.0    41.112  
 101.75    41.246  
 0.0    41.379  
 105.0    41.513  
 0.0    41.646  
 108.25    41.779  
 0.0    41.913  
 111.5    42.046  
 0.0    42.18  
 114.75    42.313  
 0.0    42.447  
 118.0    42.58  
 0.0    42.713  
 121.25    42.847  
 0.0    42.98  
 124.5    43.114  
 0.0    43.247  
 127.75    43.381  
 0.0    43.514  
 131.0    43.647  
 0.0    43.781  
 134.25    43.914  
 0.0    44.048  
 137.5    44.181  
 0.0    44.315  
 140.75    44.448  
 0.0    44.581  
 144.0    44.715  
 0.0    44.848  
 147.25    44.982  
 0.0    45.115  
 150.5    45.25  
 0.0    45.382  
 153.75    45.515  
 0.0    45.649  
 157.0    45.782  
 0.0    45.916  
 160.25    46.049  
 0.0    46.183  
 163.5    46.316  
 0.0    46.45  
 166.75    46.583  
 0.0    46.716  
 170.0    46.85  
 0.0    46.983  
 173.25    47.117  
 0.0    47.25  
 176.5    47.384  
 0.0    47.517  
 179.75    47.65  
 0.0    47.784  
 183.0    47.917  
 0.0    48.051  
 186.25    48.184  
 0.0    48.317  
 189.5    48.451  
 0.0    48.584  
 192.75    48.718  
 0.0    48.851  
 196.0    48.985  
 0.0    49.118  
 199.25    49.251  
 0.0    49.385  
 202.5    49.518  
 0.0    49.652  
 205.75    49.785  
 0.0    49.919  
 209.0    50.052  
 0.0    50.186  
 212.25    50.319  
 0.0    50.452  
 215.5    50.586  
 0.0    50.719  
 218.75    50.853  
 0.0    50.986  
 222.0    51.12  
 0.0    51.253  
 225.25    51.387  
 0.0    51.52  
 228.5    51.653  
 0.0    51.787  
 231.75    51.92  
 0.0    52.053  
 235.0    52.187  
 0.0    52.32  
 238.25    52.454  
 0.0    52.587  
 241.5    52.721  
 0.0    52.854  
 244.75    52.988  
 0.0    53.121  
 248.0    53.254  
 0.0    53.388  
 251.25    53.521  
 0.0    53.655  
 254.5    53.788  
 0.0    53.922  
 257.75    54.055  
 0.0    54.188  
 261.0    54.322  
 0.0    54.455  
 264.25    54.589  
 0.0    54.722  
 267.5    54.856  
 0.0    54.989  
 270.75    55.122  
 0.0    55.256  
 274.0    55.389  
 0.0    55.523  
 277.25    55.656  
 0.0    55.79  
 280.5    55.923  
 0.0    56.056  
 283.75    56.19  
 0.0    56.323  
 287.0    56.457  
 0.0    56.59  
 290.25    56.724  
 0.0    56.857  
 293.5    56.99  
 0.0    57.124  
 296.75    57.257  
 0.0    57.391  
 300.0    57.524  
 0.0    57.658  
 303.25    57.791  
 0.0    57.924  
 306.5    58.058  
 0.0    58.191  
 309.75    58.325  
 0.0    58.458  
 313.0    58.592  
 0.0    58.725  
 316.25    58.858  
 0.0    58.992  
 319.5    59.125  
 0.0    59.259  
 322.75    59.392  
 0.0    59.526  
 326.0    59.659  
 0.0    59.792  
 329.25    59.926  
 0.0    60.059  
 332.5    60.193  
 0.0    60.326  
 335.75    60.46  
 0.0    60.593  
 339.0    60.727  
 0.0    60.86  
 342.25    60.993  
 0.0    61.127  
 345.5    61.26  
 0.0    61.394  
 348.75    61.527  
 0.0    61.663  
 1.0    61.794  
 0.0    61.927  
 4.25    62.061  
 0.0    62.194  
 7.5    62.328  
 0.0    62.461  
 10.75    62.595  
 0.0    62.73  
 14.0    62.861  
 0.0    62.995  
 17.25    63.13  
 0.0    63.262  
 20.5    63.395  
 0.0    63.529  
 23.75    63.662  
 0.0    63.795  
 27.0    63.929  
 0.0    64.062  
 30.25    64.196  
 0.0    64.329  
 33.5    64.463  
 0.0    64.596  
 36.75    64.729  
 0.0    64.863  
 40.0    64.996  
 0.0    65.13  
 43.25    65.263  
 0.0    65.397  
 46.5    65.53  
 0.0    65.663  
 49.75    65.797  
 0.0    65.93  
 53.0    66.064  
 0.0    66.197  
 56.25    66.332  
 0.0    66.464  
 59.5    66.597  
 0.0    66.731  
 62.75    66.864  
 0.0    66.998  
 66.0    67.131  
 0.0    67.265  
 69.25    67.398  
 0.0    67.531  
 72.5    67.665  
 0.0    67.798  
 75.75    67.932  
 0.0    68.065  
 79.0    68.199  
 0.0    68.332  
 82.25    68.465  
 0.0    68.599  
 85.5    68.732  
 0.0    68.866  
 88.75    68.999  
 0.0    69.133  
 92.0    69.266  
 0.0    69.4  
 95.25    69.533  
 0.0    69.666  
 98.5    69.8  
 0.0    69.933  
 101.75    70.067  
 0.0    70.2  
 105.0    70.333  
 0.0    70.467  
 108.25    70.6  
 0.0    70.734  
 111.5    70.867  
 0.0    71.001  
 114.75    71.134  
 0.0    71.267  
 118.0    71.401  
 0.0    71.534  
 121.25    71.668  
 0.0    71.801  
 124.5    71.935  
 0.0    72.068  
 127.75    72.201  
 0.0    72.335  
 131.0    72.468  
 0.0    72.602  
 134.25    72.735  
 0.0    72.869  
 137.5    73.002  
 0.0    73.135  
 140.75    73.269  
 0.0    73.402  
 144.0    73.536  
 0.0    73.669  
 147.25    73.803  
 0.0    73.936  
 150.5    74.069  
 0.0    74.203  
 153.75    74.336  
 0.0    74.47  
 157.0    74.603  
 0.0    74.737  
 160.25    74.87  
 0.0    75.003  
 163.5    75.137  
 0.0    75.27  
 166.75    75.404  
 0.0    75.538  
 170.0    75.671  
 0.0    75.804  
 173.25    75.938  
 0.0    76.071  
 176.5    76.204  
 0.0    76.338  
 179.75    76.471  
 0.0    76.605  
 183.0    76.738  
 0.0    76.872  
 186.25    77.005  
 0.0    77.138  
 189.5    77.272  
 0.0    77.405  
 192.75    77.539  
 0.0    77.672  
 196.0    77.806  
 0.0    77.939  
 199.25    78.072  
 0.0    78.206  
 202.5    78.339  
 0.0    78.473  
 205.75    78.606  
 0.0    78.74  
 209.0    78.873  
 0.0    79.006  
 212.25    79.14  
 0.0    79.273  
 215.5    79.407  
 0.0    79.54  
 218.75    79.674  
 0.0    79.807  
 222.0    79.94  
 0.0    80.074  
 225.25    80.207  
 0.0    80.341  
 228.5    80.474  
 0.0    80.608  
 231.75    80.741  
 0.0    80.874  
 235.0    81.008  
 0.0    81.141  
 238.25    81.275  
 0.0    81.408  
 241.5    81.542  
 0.0    81.675  
 244.75    81.808  
 0.0    81.942  
 248.0    82.075  
 0.0    82.209  
 251.25    82.342  
 0.0    82.476  
 254.5    82.609  
 0.0    82.742  
 257.75    82.876  
 0.0    83.009  
 261.0    83.143  
 0.0    83.276  
 264.25    83.41  
 0.0    83.543  
 267.5    83.676  
 0.0    83.81  
 270.75    83.943  
 0.0    84.077  
 274.0    84.21  
 0.0    84.344  
 277.25    84.477  
 0.0    84.61  
 280.5    84.744  
 0.0    84.877  
 283.75    85.011  
 0.0    85.144  
 287.0    85.278  
 0.0    85.411  
 290.25    85.545  
 0.0    85.678  
 293.5    85.811  
 0.0    85.945  
 296.75    86.078  
 0.0    86.212  
 300.0    86.345  
 0.0    86.478  
 303.25    86.612  
 0.0    86.745  
 306.5    86.879  
 0.0    87.012  
 309.75    87.146  
 0.0    87.279  
 313.0    87.413  
 0.0    87.546  
 316.25    87.679  
 0.0    87.813  
 319.5    87.946  
 0.0    88.08  
 322.75    88.213  
 0.0    88.347  
 326.0    88.48  
 0.0    88.613  
 329.25    88.747  
 0.0    88.88  
 332.5    89.014  
 0.0    89.147  
 335.75    89.28  
 0.0    89.414  
 339.0    89.547  
 0.0    89.681  
 342.25    89.814  
 0.0    89.948  
 345.5    90.081  
 0.0    90.215  
 348.75    90.348  
 0.0    90.485  
 1.0    90.615  
 0.0    90.748  
 4.25    90.882  
 0.0    91.015  
 7.5    91.148  
 0.0    91.282  
 10.75    91.415  
 0.0    91.549  
 14.0    91.682  
 0.0    91.816  
 17.25    91.949  
 0.0    92.083  
 20.5    92.216  
 0.0    92.349  
 23.75    92.483  
 0.0    92.616  
 27.0    92.75  
 0.0    92.883  
 30.25    93.017  
 0.0    93.15  
 33.5    93.283  
 0.0    93.417  
 36.75    93.55  
 0.0    93.684  
 40.0    93.817  
 0.0    93.951  
 43.25    94.084  
 0.0    94.217  
 46.5    94.351  
 0.0    94.484  
 49.75    94.618  
 0.0    94.751  
 53.0    94.885  
 0.0    95.018  
 56.25    95.151  
 0.0    95.285  
 59.5    95.418  
 0.0    95.552  
 62.75    95.685  
 0.0    95.819  
 66.0    95.952  
 0.0    96.085  
 69.25    96.219  
 0.0    96.352  
 72.5    96.486  
 0.0    96.619  
 75.75    96.753  
 0.0    96.886  
 79.0    97.019  
 0.0    97.153  
 82.25    97.286  
 0.0    97.42  
 85.5    97.553  
 0.0    97.687  
 88.75    97.82  
 0.0    97.953  
 92.0    98.087  
 0.0    98.22  
 95.25    98.354  
 0.0    98.487  
 98.5    98.621  
 0.0    98.754  
 101.75    98.888  
 0.0    99.021  
 105.0    99.154  
 0.0    99.288  
 108.25    99.421  
 0.0    99.555  
 111.5    99.688  
 0.0    99.822  
 114.75    99.955  
 0.0    100.088  
 118.0    100.222  
 0.0    100.355  
 121.25    100.489  
 0.0    100.622  
 124.5    100.755  
 0.0    100.889  
 127.75    101.022  
 0.0    101.156  
 131.0    101.289  
 0.0    101.423  
 134.25    101.556  
 0.0    101.69  
 137.5    101.823  
 0.0    101.956  
 140.75    102.09  
 0.0    102.223  
 144.0    102.357  
 0.0    102.49  
 147.25    102.624  
 0.0    102.757  
 150.5    102.89  
 0.0    103.024  
 153.75    103.157  
 0.0    103.291  
 157.0    103.424  
 0.0    103.558  
 160.25    103.691  
 0.0    103.824  
 163.5    103.958  
 0.0    104.091  
 166.75    104.225  
 0.0    104.358  
 170.0    104.492  
 0.0    104.625  
 173.25    104.758  
 0.0    104.892  
 176.5    105.025  
 0.0    105.159  
 179.75    105.292  
 0.0    105.426  
 183.0    105.559  
 0.0    105.692  
 186.25    105.826  
 0.0    105.959  
 189.5    106.093  
 0.0    106.226  
 192.75    106.36  
 0.0    106.493  
 196.0    106.626  
 0.0    106.76  
 199.25    106.893  
 0.0    107.027  
 202.5    107.16  
 0.0    107.294  
 205.75    107.427  
 0.0    107.56  
 209.0    107.694  
 0.0    107.827  
 212.25    107.961  
 0.0    108.094  
 215.5    108.228  
 0.0    108.361  
 218.75    108.494  
 0.0    108.628  
 222.0    108.761  
 0.0    108.895  
 225.25    109.028  
 0.0    109.162  
 228.5    109.295  
 0.0    109.428  
 231.75    109.562  
 0.0    109.695  
 235.0    109.829  
 0.0    109.962  
 238.25    110.096  
 0.0    110.229  
 241.5    110.362  
 0.0    110.496  
 244.75    110.629  
 0.0    110.763  
 248.0    110.896  
 0.0    111.03  
 251.25    111.163  
 0.0    111.296  
 254.5    111.43  
 0.0    111.563  
 257.75    111.697  
 0.0    111.83  
 261.0    111.964  
 0.0    112.097  
 264.25    112.231  
 0.0    112.364  
 267.5    112.497  
 0.0    112.631  
 270.75    112.764  
 0.0    112.898  
 274.0    113.031  
 0.0    113.164  
 277.25    113.298  
 0.0    113.431  
 280.5    113.565  
 0.0    113.698  
 283.75    113.832  
 0.0    113.965  
 287.0    114.099  
 0.0    114.232  
 290.25    114.365  
 0.0    114.499  
 293.5    114.632  
 0.0    114.766  
 296.75    114.899  
 0.0    115.033  
 300.0    115.166  
 0.0    115.299  
 303.25    115.433  
 0.0    115.566  
 306.5    115.7  
 0.0    115.833  
 309.75    115.967  
 0.0    116.1  
 313.0    116.233  
 0.0    116.367  
 316.25    116.5  
 0.0    116.634  
 319.5    116.767  
 0.0    116.901  
 322.75    117.034  
 0.0    117.167  
 326.0    117.301  
 0.0    117.434  
 329.25    117.568  
 0.0    117.701  
 332.5    117.834  
 0.0    117.968  
 335.75    118.101  
 0.0    118.235  
 339.0    118.368  
 0.0    118.502  
 342.25    118.635  
 0.0    118.769  
 345.5    118.902  
 0.0    119.035  
 348.75    119.169  
 0.0    119.306  
 1.0    119.436  
 0.0    119.569  
 4.25    119.703  
 0.0    119.836  
 7.5    119.969  
 0.0    120.103  
 10.75    120.236  
 0.0    120.37  
 14.0    120.503  
 0.0    120.637  
 17.25    120.77  
 0.0    120.903  
 20.5    121.037  
 0.0    121.17  
 23.75    121.304  
 0.0    121.437  
 27.0    121.571  
 0.0    121.704  
 30.25    121.838  
 0.0    121.971  
 33.5    122.104  
 0.0    122.238  
 36.75    122.371  
 0.0    122.505  
 40.0    122.638  
 0.0    122.771  
 43.25    122.905  
 0.0    123.038  
 46.5    123.172  
 0.0    123.305  
 49.75    123.439  
 0.0    123.572  
 53.0    123.706  
 0.0    123.839  
 56.25    123.972  
 0.0    124.106  
 59.5    124.239  
 0.0    124.373  
 62.75    124.506  
 0.0    124.64  
 66.0    124.773  
 0.0    124.906  
 69.25    125.04  
 0.0    125.173  
 72.5    125.307  
 0.0    125.44  
 75.75    125.574  
 0.0    125.707  
 79.0    125.84  
 0.0    125.974  
 82.25    126.107  
 0.0    126.241  
 85.5    126.374  
 0.0    126.507  
 88.75    126.641  
 0.0    126.774  
 92.0    126.908  
 0.0    127.041  
 95.25    127.175  
 0.0    127.308  
 98.5    127.441  
 0.0    127.575  
 101.75    127.708  
 0.0    127.842  
 105.0    127.975  
 0.0    128.109  
 108.25    128.242  
 0.0    128.376  
 111.5    128.509  
 0.0    128.642  
 114.75    128.776  
 0.0    128.909  
 118.0    129.043  
 0.0    129.176  
 121.25    129.309  
 0.0    129.443  
 124.5    129.576  
 0.0    129.71  
 127.75    129.843  
 0.0    129.977  
 131.0    130.11  
 0.0    130.243  
 134.25    130.377  
 0.0    130.51  
 137.5    130.644  
 0.0    130.777  
 140.75    130.911  
 0.0    131.044  
 144.0    131.178  
 0.0    131.311  
 147.25    131.444  
 0.0    131.578  
 150.5    131.711  
 0.0    131.845  
 153.75    131.978  
 0.0    132.112  
 157.0    132.245  
 0.0    132.378  
 160.25    132.512  
 0.0    132.645  
 163.5    132.779  
 0.0    132.912  
 166.75    133.046  
 0.0    133.179  
 170.0    133.314  
 0.0    133.446  
 173.25    133.579  
 0.0    133.713  
 176.5    133.846  
 0.0    133.98  
 179.75    134.113  
 0.0    134.246  
 183.0    134.38  
 0.0    134.513  
 186.25    134.647  
 0.0    134.781  
 189.5    134.914  
 0.0    135.047  
 192.75    135.18  
 0.0    135.314  
 196.0    135.447  
 0.0    135.581  
 199.25    135.714  
 0.0    135.848  
 202.5    135.981  
 0.0    136.114  
 205.75    136.248  
 0.0    136.381  
 209.0    136.515  
 0.0    136.648  
 212.25    136.782  
 0.0    136.915  
 215.5    137.048  
 0.0    137.182  
 218.75    137.315  
 0.0    137.449  
 222.0    137.582  
 0.0    137.716  
 225.25    137.849  
 0.0    137.982  
 228.5    138.116  
 0.0    138.249  
 231.75    138.383  
 0.0    138.516  
 235.0    138.65  
 0.0    138.783  
 238.25    138.916  
 0.0    139.05  
 241.5    139.183  
 0.0    139.317  
 244.75    139.45  
 0.0    139.584  
 248.0    139.717  
 0.0    139.851  
 251.25    139.984  
 0.0    140.117  
 254.5    140.251  
 0.0    140.384  
 257.75    140.518  
 0.0    140.651  
 261.0    140.785  
 0.0    140.918  
 264.25    141.051  
 0.0    141.185  
 267.5    141.318  
 0.0    141.452  
 270.75    141.585  
 0.0    141.718  
 274.0    141.852  
 0.0    141.985  
 277.25    142.119  
 0.0    142.252  
 280.5    142.386  
 0.0    142.519  
 283.75    142.653  
 0.0    142.786  
 287.0    142.919  
 0.0    143.053  
 290.25    143.186  
 0.0    143.32  
 293.5    143.453  
 0.0    143.587  
 296.75    143.72  
 0.0    143.853  
 300.0    143.987  
 0.0    144.12  
 303.25    144.254  
 0.0    144.387  
 306.5    144.521  
 0.0    144.654  
 309.75    144.787  
 0.0    144.921  
 313.0    145.054  
 0.0    145.188  
 316.25    145.321  
 0.0    145.454  
 319.5    145.588  
 0.0    145.721  
 322.75    145.855  
 0.0    145.988  
 326.0    146.122  
 0.0    146.255  
 329.25    146.389  
 0.0    146.522  
 332.5    146.655  
 0.0    146.789  
 335.75    146.922  
 0.0    147.056  
 339.0    147.189  
 0.0    147.323  
 342.25    147.456  
 0.0    147.589  
 345.5    147.723  
 0.0    147.856  
 348.75    147.99  
 0.0    148.13  
 1.0    148.259  
 0.0    148.39  
 4.25    148.523  
 0.0    148.657  
 7.5    148.79  
 0.0    148.924  
 10.75    149.057  
 0.0    149.191  
 14.0    149.324  
 0.0    149.458  
 17.25    149.591  
 0.0    149.724  
 20.5    149.858  
 0.0    149.991  
 23.75    150.125  
 0.0    150.258  
 27.0    150.391  
 0.0    150.525  
 30.25    150.658  
 0.0    150.792  
 33.5    150.925  
 0.0    151.059  
 36.75    151.194  
 0.0    151.326  
 40.0    151.459  
 0.0    151.593  
 43.25    151.726  
 0.0    151.859  
 46.5    151.993  
 0.0    152.126  
 49.75    152.259  
 0.0    152.393  
 53.0    152.527  
 0.0    152.66  
 56.25    152.793  
 0.0    152.927  
 59.5    153.06  
 0.0    153.194  
 62.75    153.327  
 0.0    153.46  
 66.0    153.594  
 0.0    153.727  
 69.25    153.861  
 0.0    153.994  
 72.5    154.128  
 0.0    154.261  
 75.75    154.394  
 0.0    154.528  
 79.0    154.661  
 0.0    154.795  
 82.25    154.928  
 0.0    155.062  
 85.5    155.195  
 0.0    155.329  
 88.75    155.462  
 0.0    155.595  
 92.0    155.729  
 0.0    155.862  
 95.25    155.995  
 0.0    156.129  
 98.5    156.262  
 0.0    156.396  
 101.75    156.529  
 0.0    156.663  
 105.0    156.796  
 0.0    156.929  
 108.25    157.063  
 0.0    157.196  
 111.5    157.33  
 0.0    157.463  
 114.75    157.597  
 0.0    157.73  
 118.0    157.864  
 0.0    157.997  
 121.25    158.13  
 0.0    158.264  
 124.5    158.397  
 0.0    158.531  
 127.75    158.664  
 0.0    158.798  
 131.0    158.931  
 0.0    159.064  
 134.25    159.198  
 0.0    159.331  
 137.5    159.465  
 0.0    159.598  
 140.75    159.732  
 0.0    159.865  
 144.0    159.998  
 0.0    160.132  
 147.25    160.265  
 0.0    160.399  
 150.5    160.532  
 0.0    160.666  
 153.75    160.799  
 0.0    160.932  
 157.0    161.066  
 0.0    161.199  
 160.25    161.333  
 0.0    161.466  
 163.5    161.6  
 0.0    161.733  
 166.75    161.866  
 0.0    162.0  
 170.0    162.133  
 0.0    162.267  
 173.25    162.4  
 0.0    162.534  
 176.5    162.667  
 0.0    162.801  
 179.75    162.934  
 0.0    163.067  
 183.0    163.201  
 0.0    163.334  
 186.25    163.468  
 0.0    163.601  
 189.5    163.735  
 0.0    163.868  
 192.75    164.001  
 0.0    164.135  
 196.0    164.268  
 0.0    164.402  
 199.25    164.535  
 0.0    164.668  
 202.5    164.802  
 0.0    164.935  
 205.75    165.069  
 0.0    165.202  
 209.0    165.336  
 0.0    165.469  
 212.25    165.603  
 0.0    165.736  
 215.5    165.871  
 0.0    166.003  
 218.75    166.136  
 0.0    166.27  
 222.0    166.403  
 0.0    166.537  
 225.25    166.67  
 0.0    166.803  
 228.5    166.937  
 0.0    167.07  
 231.75    167.204  
 0.0    167.337  
 235.0    167.47  
 0.0    167.604  
 238.25    167.737  
 0.0    167.871  
 241.5    168.004  
 0.0    168.138  
 244.75    168.271  
 0.0    168.405  
 248.0    168.538  
 0.0    168.671  
 251.25    168.805  
 0.0    168.938  
 254.5    169.072  
 0.0    169.205  
 257.75    169.339  
 0.0    169.472  
 261.0    169.605  
 0.0    169.739  
 264.25    169.872  
 0.0    170.006  
 267.5    170.139  
 0.0    170.273  
 270.75    170.406  
 0.0    170.539  
 274.0    170.673  
 0.0    170.806  
 277.25    170.94  
 0.0    171.073  
 280.5    171.207  
 0.0    171.34  
 283.75    171.473  
 0.0    171.607  
 287.0    171.74  
 0.0    171.874  
 290.25    172.007  
 0.0    172.141  
 293.5    172.274  
 0.0    172.407  
 296.75    172.541  
 0.0    172.674  
 300.0    172.808  
 0.0    172.941  
 303.25    173.075  
 0.0    173.208  
 306.5    173.341  
 0.0    173.475  
 309.75    173.608  
 0.0    173.742  
 313.0    173.875  
 0.0    174.009  
 316.25    174.144  
 0.0    174.275  
 319.5    174.409  
 0.0    174.542  
 322.75    174.676  
 0.0    174.809  
 326.0    174.943  
 0.0    175.076  
 329.25    175.209  
 0.0    175.343  
 332.5    175.476  
 0.0    175.61  
 335.75    175.743  
 0.0    175.877  
 339.0    176.01  
 0.0    176.143  
 342.25    176.277  
 0.0    176.41  
 345.5    176.544  
 0.0    176.677  
 348.75    176.811  
 0.0    176.95  
 1.0    177.079  
 0.0    177.211  
 4.25    177.344  
 0.0    177.478  
 7.5    177.611  
 0.0    177.745  
 10.75    177.878  
 0.0    178.011  
 14.0    178.145  
 0.0    178.278  
 17.25    178.412  
 0.0    178.545  
 20.5    178.679  
 0.0    178.812  
 23.75    178.946  
 0.0    179.079  
 27.0    179.212  
 0.0    179.346  
 30.25    179.479  
 0.0    179.613  
 33.5    179.746  
 0.0    179.88  
 36.75    180.013  
 0.0    180.146  
 40.0    180.28  
 0.0    180.413  
 43.25    180.547  
 0.0    180.68  
 46.5    180.814  
 0.0    180.947  
 49.75    181.08  
 0.0    181.214  
 53.0    181.347  
 0.0    181.481  
 56.25    181.614  
 0.0    181.748  
 59.5    181.881  
 0.0    182.014  
 62.75    182.148  
 0.0    182.282  
 66.0    182.415  
 0.0    182.548  
 69.25    182.682  
 0.0    182.815  
 72.5    182.948  
 0.0    183.082  
 75.75    183.216  
 0.0    183.349  
 79.0    183.482  
 0.0    183.616  
 82.25    183.749  
 0.0    183.882  
 85.5    184.016  
 0.0    184.149  
 88.75    184.283  
 0.0    184.416  
 92.0    184.55  
 0.0    184.683  
 95.25    184.816  
 0.0    184.95  
 98.5    185.083  
 0.0    185.217  
 101.75    185.35  
 0.0    185.484  
 105.0    185.617  
 0.0    185.75  
 108.25    185.884  
 0.0    186.017  
 111.5    186.151  
 0.0    186.284  
 114.75    186.418  
 0.0    186.551  
 118.0    186.684  
 0.0    186.818  
 121.25    186.951  
 0.0    187.085  
 124.5    187.218  
 0.0    187.352  
 127.75    187.485  
 0.0    187.619  
 131.0    187.752  
 0.0    187.885  
 134.25    188.019  
 0.0    188.152  
 137.5    188.286  
 0.0    188.419  
 140.75    188.552  
 0.0    188.686  
 144.0    188.819  
 0.0    188.953  
 147.25    189.086  
 0.0    189.22  
 150.5    189.353  
 0.0    189.486  
 153.75    189.62  
 0.0    189.753  
 157.0    189.887  
 0.0    190.02  
 160.25    190.154  
 0.0    190.287  
 163.5    190.421  
 0.0    190.554  
 166.75    190.687  
 0.0    190.821  
 170.0    190.954  
 0.0    191.088  
 173.25    191.221  
 0.0    191.355  
 176.5    191.488  
 0.0    191.621  
 179.75    191.755  
 0.0    191.888  
 183.0    192.022  
 0.0    192.155  
 186.25    192.288  
 0.0    192.422  
 189.5    192.555  
 0.0    192.689  
 192.75    192.822  
 0.0    192.956  
 196.0    193.089  
 0.0    193.223  
 199.25    193.356  
 0.0    193.489  
 202.5    193.623  
 0.0    193.756  
 205.75    193.89  
 0.0    194.023  
 209.0    194.156  
 0.0    194.29  
 212.25    194.423  
 0.0    194.557  
 215.5    194.69  
 0.0    194.824  
 218.75    194.957  
 0.0    195.09  
 222.0    195.224  
 0.0    195.357  
 225.25    195.491  
 0.0    195.624  
 228.5    195.758  
 0.0    195.891  
 231.75    196.025  
 0.0    196.158  
 235.0    196.292  
 0.0    196.425  
 238.25    196.558  
 0.0    196.692  
 241.5    196.825  
 0.0    196.959  
 244.75    197.092  
 0.0    197.225  
 248.0    197.359  
 0.0    197.492  
 251.25    197.626  
 0.0    197.759  
 254.5    197.893  
 0.0    198.026  
 257.75    198.159  
 0.0    198.293  
 261.0    198.426  
 0.0    198.56  
 264.25    198.693  
 0.0    198.827  
 267.5    198.96  
 0.0    199.093  
 270.75    199.227  
 0.0    199.36  
 274.0    199.494  
 0.0    199.627  
 277.25    199.761  
 0.0    199.894  
 280.5    200.027  
 0.0    200.161  
 283.75    200.294  
 0.0    200.428  
 287.0    200.561  
 0.0    200.695  
 290.25    200.828  
 0.0    200.962  
 293.5    201.095  
 0.0    201.228  
 296.75    201.362  
 0.0    201.495  
 300.0    201.629  
 0.0    201.762  
 303.25    201.896  
 0.0    202.029  
 306.5    202.162  
 0.0    202.296  
 309.75    202.429  
 0.0    202.563  
 313.0    202.696  
 0.0    202.829  
 316.25    202.963  
 0.0    203.096  
 319.5    203.23  
 0.0    203.363  
 322.75    203.497  
 0.0    203.63  
 326.0    203.764  
 0.0    203.897  
 329.25    204.03  
 0.0    204.164  
 332.5    204.297  
 0.0    204.431  
 335.75    204.564  
 0.0    204.697  
 339.0    204.831  
 0.0    204.964  
 342.25    205.098  
 0.0    205.231  
 345.5    205.365  
 0.0    205.498  
 348.75    205.632  
 0.0    205.772  
 1.0    205.9  
 0.0    206.032  
 4.25    206.165  
 0.0    206.299  
 7.5    206.432  
 0.0    206.565  
 10.75    206.699  
 0.0    206.832  
 14.0    206.966  
 0.0    207.099  
 17.25    207.233  
 0.0    207.366  
 20.5    207.5  
 0.0    207.633  
 23.75    207.766  
 0.0    207.9  
 27.0    208.033  
 0.0    208.167  
 30.25    208.3  
 0.0    208.434  
 33.5    208.567  
 0.0    208.7  
 36.75    208.834  
 0.0    208.967  
 40.0    209.101  
 0.0    209.234  
 43.25    209.368  
 0.0    209.501  
 46.5    209.634  
 0.0    209.768  
 49.75    209.901  
 0.0    210.035  
 53.0    210.168  
 0.0    210.302  
 56.25    210.435  
 0.0    210.568  
 59.5    210.702  
 0.0    210.835  
 62.75    210.969  
 0.0    211.102  
 66.0    211.236  
 0.0    211.369  
 69.25    211.502  
 0.0    211.636  
 72.5    211.769  
 0.0    211.903  
 75.75    212.036  
 0.0    212.17  
 79.0    212.303  
 0.0    212.436  
 82.25    212.57  
 0.0    212.703  
 85.5    212.837  
 0.0    212.97  
 88.75    213.104  
 0.0    213.237  
 92.0    213.371  
 0.0    213.504  
 95.25    213.637  
 0.0    213.771  
 98.5    213.904  
 0.0    214.038  
 101.75    214.171  
 0.0    214.304  
 105.0    214.438  
 0.0    214.571  
 108.25    214.705  
 0.0    214.838  
 111.5    214.972  
 0.0    215.105  
 114.75    215.238  
 0.0    215.372  
 118.0    215.505  
 0.0    215.639  
 121.25    215.772  
 0.0    215.906  
 124.5    216.039  
 0.0    216.173  
 127.75    216.306  
 0.0    216.439  
 131.0    216.573  
 0.0    216.706  
 134.25    216.84  
 0.0    216.973  
 137.5    217.107  
 0.0    217.24  
 140.75    217.373  
 0.0    217.507  
 144.0    217.64  
 0.0    217.774  
 147.25    217.907  
 0.0    218.041  
 150.5    218.174  
 0.0    218.307  
 153.75    218.441  
 0.0    218.574  
 157.0    218.708  
 0.0    218.841  
 160.25    218.975  
 0.0    219.108  
 163.5    219.241  
 0.0    219.375  
 166.75    219.508  
 0.0    219.642  
 170.0    219.775  
 0.0    219.908  
 173.25    220.042  
 0.0    220.175  
 176.5    220.309  
 0.0    220.442  
 179.75    220.576  
 0.0    220.709  
 183.0    220.842  
 0.0    220.976  
 186.25    221.109  
 0.0    221.243  
 189.5    221.376  
 0.0    221.51  
 192.75    221.643  
 0.0    221.776  
 196.0    221.91  
 0.0    222.043  
 199.25    222.177  
 0.0    222.31  
 202.5    222.444  
 0.0    222.577  
 205.75    222.711  
 0.0    222.844  
 209.0    222.977  
 0.0    223.111  
 212.25    223.244  
 0.0    223.378  
 215.5    223.511  
 0.0    223.645  
 218.75    223.778  
 0.0    223.911  
 222.0    224.045  
 0.0    224.178  
 225.25    224.312  
 0.0    224.445  
 228.5    224.579  
 0.0    224.712  
 231.75    224.845  
 0.0    224.979  
 235.0    225.112  
 0.0    225.246  
 238.25    225.379  
 0.0    225.513  
 241.5    225.646  
 0.0    225.779  
 244.75    225.915  
 0.0    226.047  
 248.0    226.18  
 0.0    226.313  
 251.25    226.447  
 0.0    226.58  
 254.5    226.713  
 0.0    226.847  
 257.75    226.98  
 0.0    227.114  
 261.0    227.248  
 0.0    227.381  
 264.25    227.514  
 0.0    227.647  
 267.5    227.781  
 0.0    227.914  
 270.75    228.048  
 0.0    228.181  
 274.0    228.315  
 0.0    228.448  
 277.25    228.582  
 0.0    228.715  
 280.5    228.848  
 0.0    228.982  
 283.75    229.115  
 0.0    229.249  
 287.0    229.382  
 0.0    229.515  
 290.25    229.649  
 0.0    229.782  
 293.5    229.916  
 0.0    230.049  
 296.75    230.183  
 0.0    230.316  
 300.0    230.45  
 0.0    230.583  
 303.25    230.716  
 0.0    230.85  
 306.5    230.983  
 0.0    231.117  
 309.75    231.25  
 0.0    231.383  
 313.0    231.517  
 0.0    231.65  
 316.25    231.784  
 0.0    231.917  
 319.5    232.051  
 0.0    232.184  
 322.75    232.318  
 0.0    232.451  
 326.0    232.584  
 0.0    232.718  
 329.25    232.851  
 0.0    232.985  
 332.5    233.118  
 0.0    233.251  
 335.75    233.385  
 0.0    233.518  
 339.0    233.652  
 0.0    233.785  
 342.25    233.919  
 0.0    234.052  
 345.5    234.185  
 0.0    234.319  
 348.75    234.452  
 0.0    234.594  
 1.0    234.736  
 0.0    234.869  
 4.25    235.003  
 0.0    235.136  
 7.5    235.27  
 0.0    235.403  
 10.75    235.537  
 0.0    235.67  
 14.0    235.803  
 0.0    235.937  
 17.25    236.07  
 0.0    236.204  
 20.5    236.337  
 0.0    236.47  
 23.75    236.604  
 0.0    236.737  
 27.0    236.871  
 0.0    237.004  
 30.25    237.138  
 0.0    237.271  
 33.5    237.405  
 0.0    237.538  
 36.75    237.671  
 0.0    237.805  
 40.0    237.938  
 0.0    238.072  
 43.25    238.205  
 0.0    238.338  
 46.5    238.472  
 0.0    238.605  
 49.75    238.739  
 0.0    238.872  
 53.0    239.006  
 0.0    239.139  
 56.25    239.273  
 0.0    239.406  
 59.5    239.539  
 0.0    239.673  
 62.75    239.806  
 0.0    239.94  
 66.0    240.073  
 0.0    240.207  
 69.25    240.34  
 0.0    240.473  
 72.5    240.607  
 0.0    240.74  
 75.75    240.874  
 0.0    241.007  
 79.0    241.141  
 0.0    241.274  
 82.25    241.408  
 0.0    241.541  
 85.5    241.674  
 0.0    241.808  
 88.75    241.941  
 0.0    242.075  
 92.0    242.208  
 0.0    242.341  
 95.25    242.475  
 0.0    242.608  
 98.5    242.742  
 0.0    242.875  
 101.75    243.009  
 0.0    243.142  
 105.0    243.275  
 0.0    243.409  
 108.25    243.542  
 0.0    243.676  
 111.5    243.809  
 0.0    243.943  
 114.75    244.076  
 0.0    244.21  
 118.0    244.343  
 0.0    244.476  
 121.25    244.61  
 0.0    244.743  
 124.5    244.878  
 0.0    245.01  
 127.75    245.144  
 0.0    245.277  
 131.0    245.41  
 0.0    245.544  
 134.25    245.677  
 0.0    245.811  
 137.5    245.944  
 0.0    246.078  
 140.75    246.211  
 0.0    246.344  
 144.0    246.478  
 0.0    246.611  
 147.25    246.745  
 0.0    246.878  
 150.5    247.012  
 0.0    247.145  
 153.75    247.278  
 0.0    247.412  
 157.0    247.545  
 0.0    247.679  
 160.25    247.812  
 0.0    247.946  
 163.5    248.079  
 0.0    248.212  
 166.75    248.346  
 0.0    248.479  
 170.0    248.613  
 0.0    248.746  
 173.25    248.88  
 0.0    249.013  
 176.5    249.146  
 0.0    249.28  
 179.75    249.413  
 0.0    249.547  
 183.0    249.68  
 0.0    249.813  
 186.25    249.947  
 0.0    250.08  
 189.5    250.214  
 0.0    250.347  
 192.75    250.481  
 0.0    250.614  
 196.0    250.748  
 0.0    250.881  
 199.25    251.014  
 0.0    251.148  
 202.5    251.281  
 0.0    251.415  
 205.75    251.548  
 0.0    251.682  
 209.0    251.815  
 0.0    251.948  
 212.25    252.082  
 0.0    252.215  
 215.5    252.349  
 0.0    252.482  
 218.75    252.616  
 0.0    252.749  
 222.0    252.882  
 0.0    253.016  
 225.25    253.149  
 0.0    253.283  
 228.5    253.416  
 0.0    253.55  
 231.75    253.683  
 0.0    253.816  
 235.0    253.95  
 0.0    254.083  
 238.25    254.217  
 0.0    254.35  
 241.5    254.484  
 0.0    254.617  
 244.75    254.75  
 0.0    254.884  
 248.0    255.017  
 0.0    255.151  
 251.25    255.284  
 0.0    255.418  
 254.5    255.551  
 0.0    255.684  
 257.75    255.818  
 0.0    255.951  
 261.0    256.085  
 0.0    256.218  
 264.25    256.352  
 0.0    256.485  
 267.5    256.618  
 0.0    256.752  
 270.75    256.885  
 0.0    257.019  
 274.0    257.152  
 0.0    257.286  
 277.25    257.419  
 0.0    257.552  
 280.5    257.686  
 0.0    257.819  
 283.75    257.953  
 0.0    258.086  
 287.0    258.22  
 0.0    258.353  
 290.25    258.487  
 0.0    258.62  
 293.5    258.753  
 0.0    258.887  
 296.75    259.02  
 0.0    259.154  
 300.0    259.287  
 0.0    259.421  
 303.25    259.554  
 0.0    259.687  
 306.5    259.821  
 0.0    259.954  
 309.75    260.088  
 0.0    260.221  
 313.0    260.355  
 0.0    260.488  
 316.25    260.621  
 0.0    260.755  
 319.5    260.888  
 0.0    261.022  
 322.75    261.155  
 0.0    261.289  
 326.0    261.422  
 0.0    261.555  
 329.25    261.689  
 0.0    261.822  
 332.5    261.956  
 0.0    262.089  
 335.75    262.222  
 0.0    262.356  
 339.0    262.489  
 0.0    262.623  
 342.25    262.756  
 0.0    262.89  
 345.5    263.023  
 0.0    263.156  
 348.75    263.29  
 0.0    263.432  
 1.0    263.573  
 0.0    263.707  
 4.25    263.842  
 0.0    263.974  
 7.5    264.107  
 0.0    264.241  
 10.75    264.374  
 0.0    264.508  
 14.0    264.641  
 0.0    264.774  
 17.25    264.908  
 0.0    265.041  
 20.5    265.175  
 0.0    265.308  
 23.75    265.441  
 0.0    265.575  
 27.0    265.708  
 0.0    265.842  
 30.25    265.975  
 0.0    266.109  
 33.5    266.242  
 0.0    266.376  
 36.75    266.509  
 0.0    266.642  
 40.0    266.776  
 0.0    266.909  
 43.25    267.043  
 0.0    267.176  
 46.5    267.31  
 0.0    267.443  
 49.75    267.576  
 0.0    267.71  
 53.0    267.843  
 0.0    267.977  
 56.25    268.11  
 0.0    268.243  
 59.5    268.377  
 0.0    268.51  
 62.75    268.644  
 0.0    268.777  
 66.0    268.911  
 0.0    269.044  
 69.25    269.178  
 0.0    269.311  
 72.5    269.444  
 0.0    269.578  
 75.75    269.711  
 0.0    269.845  
 79.0    269.978  
 0.0    270.112  
 82.25    270.245  
 0.0    270.378  
 85.5    270.512  
 0.0    270.645  
 88.75    270.779  
 0.0    270.912  
 92.0    271.046  
 0.0    271.179  
 95.25    271.312  
 0.0    271.446  
 98.5    271.579  
 0.0    271.713  
 101.75    271.846  
 0.0    271.98  
 105.0    272.113  
 0.0    272.246  
 108.25    272.38  
 0.0    272.513  
 111.5    272.647  
 0.0    272.78  
 114.75    272.914  
 0.0    273.047  
 118.0    273.181  
 0.0    273.314  
 121.25    273.447  
 0.0    273.581  
 124.5    273.714  
 0.0    273.848  
 127.75    273.981  
 0.0    274.114  
 131.0    274.248  
 0.0    274.381  
 134.25    274.515  
 0.0    274.648  
 137.5    274.782  
 0.0    274.915  
 140.75    275.048  
 0.0    275.182  
 144.0    275.315  
 0.0    275.449  
 147.25    275.582  
 0.0    275.716  
 150.5    275.849  
 0.0    275.983  
 153.75    276.116  
 0.0    276.249  
 157.0    276.383  
 0.0    276.516  
 160.25    276.65  
 0.0    276.783  
 163.5    276.917  
 0.0    277.05  
 166.75    277.184  
 0.0    277.317  
 170.0    277.45  
 0.0    277.584  
 173.25    277.717  
 0.0    277.851  
 176.5    277.984  
 0.0    278.117  
 179.75    278.251  
 0.0    278.384  
 183.0    278.518  
 0.0    278.651  
 186.25    278.785  
 0.0    278.918  
 189.5    279.051  
 0.0    279.185  
 192.75    279.318  
 0.0    279.452  
 196.0    279.585  
 0.0    279.719  
 199.25    279.852  
 0.0    279.985  
 202.5    280.119  
 0.0    280.252  
 205.75    280.386  
 0.0    280.519  
 209.0    280.653  
 0.0    280.786  
 212.25    280.919  
 0.0    281.053  
 215.5    281.186  
 0.0    281.32  
 218.75    281.453  
 0.0    281.587  
 222.0    281.72  
 0.0    281.853  
 225.25    281.987  
 0.0    282.12  
 228.5    282.254  
 0.0    282.387  
 231.75    282.521  
 0.0    282.654  
 235.0    282.789  
 0.0    282.921  
 238.25    283.054  
 0.0    283.188  
 241.5    283.321  
 0.0    283.455  
 244.75    283.588  
 0.0    283.721  
 248.0    283.855  
 0.0    283.988  
 251.25    284.122  
 0.0    284.255  
 254.5    284.389  
 0.0    284.522  
 257.75    284.655  
 0.0    284.789  
 261.0    284.922  
 0.0    285.056  
 264.25    285.189  
 0.0    285.323  
 267.5    285.456  
 0.0    285.589  
 270.75    285.723  
 0.0    285.856  
 274.0    285.99  
 0.0    286.123  
 277.25    286.257  
 0.0    286.39  
 280.5    286.523  
 0.0    286.657  
 283.75    286.792  
 0.0    286.924  
 287.0    287.058  
 0.0    287.191  
 290.25    287.324  
 0.0    287.457  
 293.5    287.591  
 0.0    287.724  
 296.75    287.858  
 0.0    287.991  
 300.0    288.125  
 0.0    288.258  
 303.25    288.392  
 0.0    288.525  
 306.5    288.658  
 0.0    288.792  
 309.75    288.925  
 0.0    289.059  
 313.0    289.192  
 0.0    289.326  
 316.25    289.459  
 0.0    289.592  
 319.5    289.726  
 0.0    289.859  
 322.75    289.993  
 0.0    290.126  
 326.0    290.26  
 0.0    290.393  
 329.25    290.526  
 0.0    290.66  
 332.5    290.793  
 0.0    290.927  
 335.75    291.06  
 0.0    291.194  
 339.0    291.327  
 0.0    291.46  
 342.25    291.594  
 0.0    291.727  
 345.5    291.861  
 0.0    291.994  
 348.75    292.128  
 0.0    292.27  
 1.0    292.411  
 0.0    292.545  
 4.25    292.678  
 0.0    292.811  
 7.5    292.945  
 0.0    293.078  
 10.75    293.212  
 0.0    293.345  
 14.0    293.479  
 0.0    293.612  
 17.25    293.745  
 0.0    293.879  
 20.5    294.012  
 0.0    294.146  
 23.75    294.279  
 0.0    294.413  
 27.0    294.546  
 0.0    294.679  
 30.25    294.813  
 0.0    294.946  
 33.5    295.08  
 0.0    295.213  
 36.75    295.347  
 0.0    295.48  
 40.0    295.613  
 0.0    295.747  
 43.25    295.88  
 0.0    296.014  
 46.5    296.147  
 0.0    296.28  
 49.75    296.414  
 0.0    296.547  
 53.0    296.681  
 0.0    296.814  
 56.25    296.948  
 0.0    297.081  
 59.5    297.215  
 0.0    297.348  
 62.75    297.483  
 0.0    297.615  
 66.0    297.748  
 0.0    297.882  
 69.25    298.015  
 0.0    298.148  
 72.5    298.282  
 0.0    298.415  
 75.75    298.549  
 0.0    298.682  
 79.0    298.816  
 0.0    298.949  
 82.25    299.083  
 0.0    299.216  
 85.5    299.349  
 0.0    299.483  
 88.75    299.616  
 0.0    299.75  
 92.0    299.883  
 0.0    300.017  
 95.25    300.15  
 0.0    300.283  
 98.5    300.417  
 0.0    300.55  
 101.75    300.684  
 0.0    300.817  
 105.0    300.951  
 0.0    301.084  
 108.25    301.217  
 0.0    301.351  
 111.5    301.484  
 0.0    301.618  
 114.75    301.751  
 0.0    301.885  
 118.0    302.018  
 0.0    302.151  
 121.25    302.285  
 0.0    302.418  
 124.5    302.552  
 0.0    302.685  
 127.75    302.819  
 0.0    302.952  
 131.0    303.086  
 0.0    303.219  
 134.25    303.352  
 0.0    303.486  
 137.5    303.619  
 0.0    303.753  
 140.75    303.886  
 0.0    304.02  
 144.0    304.153  
 0.0    304.286  
 147.25    304.42  
 0.0    304.553  
 150.5    304.687  
 0.0    304.82  
 153.75    304.954  
 0.0    305.087  
 157.0    305.22  
 0.0    305.354  
 160.25    305.487  
 0.0    305.621  
 163.5    305.756  
 0.0    305.887  
 166.75    306.021  
 0.0    306.154  
 170.0    306.288  
 0.0    306.421  
 173.25    306.555  
 0.0    306.688  
 176.5    306.822  
 0.0    306.955  
 179.75    307.088  
 0.0    307.222  
 183.0    307.355  
 0.0    307.489  
 186.25    307.622  
 0.0    307.756  
 189.5    307.889  
 0.0    308.022  
 192.75    308.156  
 0.0    308.289  
 196.0    308.423  
 0.0    308.556  
 199.25    308.69  
 0.0    308.823  
 202.5    308.956  
 0.0    309.09  
 205.75    309.223  
 0.0    309.357  
 209.0    309.49  
 0.0    309.624  
 212.25    309.757  
 0.0    309.89  
 215.5    310.024  
 0.0    310.157  
 218.75    310.291  
 0.0    310.424  
 222.0    310.558  
 0.0    310.691  
 225.25    310.824  
 0.0    310.958  
 228.5    311.091  
 0.0    311.225  
 231.75    311.358  
 0.0    311.492  
 235.0    311.625  
 0.0    311.758  
 238.25    311.892  
 0.0    312.025  
 241.5    312.159  
 0.0    312.292  
 244.75    312.426  
 0.0    312.559  
 248.0    312.692  
 0.0    312.826  
 251.25    312.959  
 0.0    313.093  
 254.5    313.226  
 0.0    313.36  
 257.75    313.493  
 0.0    313.626  
 261.0    313.76  
 0.0    313.893  
 264.25    314.027  
 0.0    314.16  
 267.5    314.294  
 0.0    314.427  
 270.75    314.56  
 0.0    314.694  
 274.0    314.827  
 0.0    314.961  
 277.25    315.094  
 0.0    315.228  
 280.5    315.361  
 0.0    315.494  
 283.75    315.628  
 0.0    315.761  
 287.0    315.895  
 0.0    316.028  
 290.25    316.162  
 0.0    316.295  
 293.5    316.429  
 0.0    316.562  
 296.75    316.695  
 0.0    316.829  
 300.0    316.962  
 0.0    317.096  
 303.25    317.229  
 0.0    317.363  
 306.5    317.498  
 0.0    317.629  
 309.75    317.763  
 0.0    317.896  
 313.0    318.03  
 0.0    318.163  
 316.25    318.297  
 0.0    318.43  
 319.5    318.563  
 0.0    318.697  
 322.75    318.83  
 0.0    318.964  
 326.0    319.097  
 0.0    319.231  
 329.25    319.364  
 0.0    319.497  
 332.5    319.631  
 0.0    319.764  
 335.75    319.898  
 0.0    320.031  
 339.0    320.165  
 0.0    320.298  
 342.25    320.431  
 0.0    320.565  
 345.5    320.698  
 0.0    320.832  
 348.75    320.965  
