 [297.25, 274.5, 229.0, 47.0]  
 [39.62, 41.488, 45.224, 60.168]  
 [40.154, 42.022, 45.758, 60.702]  
 [310.25, 281.0, 216.0, 186.75]  
 [67.374, 69.775, 75.113, 77.514]  
 [67.774, 70.443, 75.513, 78.048]  
 [336.25, 274.5, 255.0, 212.75]  
 [94.06, 99.13, 100.731, 104.2]  
 [94.593, 99.664, 101.265, 104.734]  
 [352.5, 352.5, 323.25, 235.5]  
 [121.546, 123.948, 131.153]  
 [122.08, 124.482, 131.687]  
 [329.75, 203.0, 199.75, 21.0]  
 [152.235, 162.643, 162.909, 177.587]  
 [163.443, 178.254]  
 [242.0, 206.25, 190.0, 82.75]  
 [188.261, 191.197, 192.531, 201.337]  
 [188.795, 191.864]  
 [320.0, 281.0, 21.0, 17.75]  
 [210.677, 213.88, 235.229, 235.495]  
 [211.211, 214.547, 236.029]  
 [248.5, 82.75, 60.0, 11.25]  
 [245.369, 258.979, 260.847, 264.85]  
 [245.903, 259.513, 261.514]  
 [359.0, 339.5, 329.75, 11.25]  
 [265.123, 266.718, 267.518, 293.671]  
 [265.784, 267.385]  
 [310.25, 164.0, 50.25, 40.5]  
 [297.957, 309.966, 319.306, 320.107]  
 [294.221, 298.491, 310.5, 319.84, 320.774]  
