 34.409    34.409  
 0.0    34.426  
 1.0    34.557  
 0.0    34.69  
 4.25    34.824  
 0.0    34.957  
 7.5    35.09  
 0.0    35.224  
 10.75    35.357  
 0.0    35.491  
 14.0    35.624  
 0.0    35.758  
 17.25    35.891  
 0.0    36.025  
 20.5    36.158  
 0.0    36.291  
 23.75    36.425  
 0.0    36.558  
 27.0    36.692  
 0.0    36.825  
 30.25    36.958  
 0.0    37.092  
 33.5    37.225  
 0.0    37.359  
 36.75    37.492  
 0.0    37.626  
 40.0    37.759  
 0.0    37.892  
 43.25    38.026  
 0.0    38.159  
 46.5    38.293  
 0.0    38.426  
 49.75    38.56  
 0.0    38.693  
 53.0    38.826  
 0.0    38.96  
 56.25    39.093  
 0.0    39.227  
 59.5    39.36  
 0.0    39.494  
 62.75    39.627  
 0.0    39.76  
 66.0    39.894  
 0.0    40.027  
 69.25    40.161  
 0.0    40.294  
 72.5    40.428  
 0.0    40.561  
 75.75    40.695  
 0.0    40.828  
 79.0    40.961  
 0.0    41.095  
 82.25    41.228  
 0.0    41.362  
 85.5    41.495  
 0.0    41.628  
 88.75    41.762  
 0.0    41.895  
 92.0    42.029  
 0.0    42.162  
 95.25    42.296  
 0.0    42.429  
 98.5    42.562  
 0.0    42.696  
 101.75    42.829  
 0.0    42.963  
 105.0    43.096  
 0.0    43.23  
 108.25    43.363  
 0.0    43.496  
 111.5    43.63  
 0.0    43.764  
 114.75    43.897  
 0.0    44.03  
 118.0    44.164  
 0.0    44.297  
 121.25    44.43  
 0.0    44.564  
 124.5    44.697  
 0.0    44.831  
 127.75    44.964  
 0.0    45.098  
 131.0    45.231  
 0.0    45.364  
 134.25    45.498  
 0.0    45.631  
 137.5    45.765  
 0.0    45.899  
 140.75    46.032  
 0.0    46.165  
 144.0    46.299  
 0.0    46.432  
 147.25    46.565  
 0.0    46.699  
 150.5    46.832  
 0.0    46.966  
 153.75    47.099  
 0.0    47.233  
 157.0    47.366  
 0.0    47.499  
 160.25    47.633  
 0.0    47.766  
 163.5    47.9  
 0.0    48.033  
 166.75    48.167  
 0.0    48.3  
 170.0    48.433  
 0.0    48.567  
 173.25    48.701  
 0.0    48.834  
 176.5    48.967  
 0.0    49.101  
 179.75    49.234  
 0.0    49.367  
 183.0    49.501  
 0.0    49.635  
 186.25    49.768  
 0.0    49.901  
 189.5    50.034  
 0.0    50.168  
 192.75    50.301  
 0.0    50.435  
 196.0    50.568  
 0.0    50.702  
 199.25    50.835  
 0.0    50.969  
 202.5    51.102  
 0.0    51.235  
 205.75    51.369  
 0.0    51.502  
 209.0    51.636  
 0.0    51.769  
 212.25    51.903  
 0.0    52.036  
 215.5    52.169  
 0.0    52.303  
 218.75    52.436  
 0.0    52.57  
 222.0    52.703  
 0.0    52.837  
 225.25    52.97  
 0.0    53.103  
 228.5    53.237  
 0.0    53.37  
 231.75    53.504  
 0.0    53.637  
 235.0    53.771  
 0.0    53.904  
 238.25    54.037  
 0.0    54.171  
 241.5    54.304  
 0.0    54.438  
 244.75    54.571  
 0.0    54.705  
 248.0    54.838  
 0.0    54.971  
 251.25    55.105  
 0.0    55.238  
 254.5    55.372  
 0.0    55.505  
 257.75    55.639  
 0.0    55.772  
 261.0    55.905  
 0.0    56.039  
 264.25    56.172  
 0.0    56.306  
 267.5    56.439  
 0.0    56.573  
 270.75    56.706  
 0.0    56.839  
 274.0    56.973  
 0.0    57.106  
 277.25    57.24  
 0.0    57.373  
 280.5    57.507  
 0.0    57.64  
 283.75    57.773  
 0.0    57.907  
 287.0    58.04  
 0.0    58.174  
 290.25    58.307  
 0.0    58.441  
 293.5    58.574  
 0.0    58.708  
 296.75    58.841  
 0.0    58.974  
 300.0    59.108  
 0.0    59.241  
 303.25    59.375  
 0.0    59.508  
 306.5    59.641  
 0.0    59.775  
 309.75    59.908  
 0.0    60.042  
 313.0    60.175  
 0.0    60.309  
 316.25    60.442  
 0.0    60.576  
 319.5    60.709  
 0.0    60.842  
 322.75    60.976  
 0.0    61.109  
 326.0    61.243  
 0.0    61.376  
 329.25    61.51  
 0.0    61.643  
 332.5    61.776  
 0.0    61.91  
 335.75    62.043  
 0.0    62.177  
 339.0    62.31  
 0.0    62.443  
 342.25    62.577  
 0.0    62.71  
 345.5    62.844  
 0.0    62.977  
 348.75    63.111  
 0.0    63.247  
 1.0    63.377  
 0.0    63.511  
 4.25    63.644  
 0.0    63.778  
 7.5    63.911  
 0.0    64.045  
 10.75    64.178  
 0.0    64.311  
 14.0    64.445  
 0.0    64.578  
 17.25    64.712  
 0.0    64.845  
 20.5    64.979  
 0.0    65.112  
 23.75    65.246  
 0.0    65.379  
 27.0    65.512  
 0.0    65.646  
 30.25    65.779  
 0.0    65.913  
 33.5    66.046  
 0.0    66.18  
 36.75    66.313  
 0.0    66.446  
 40.0    66.58  
 0.0    66.713  
 43.25    66.847  
 0.0    66.98  
 46.5    67.113  
 0.0    67.247  
 49.75    67.38  
 0.0    67.514  
 53.0    67.647  
 0.0    67.781  
 56.25    67.914  
 0.0    68.048  
 59.5    68.181  
 0.0    68.314  
 62.75    68.448  
 0.0    68.581  
 66.0    68.715  
 0.0    68.848  
 69.25    68.982  
 0.0    69.115  
 72.5    69.248  
 0.0    69.382  
 75.75    69.515  
 0.0    69.649  
 79.0    69.782  
 0.0    69.916  
 82.25    70.049  
 0.0    70.182  
 85.5    70.316  
 0.0    70.449  
 88.75    70.583  
 0.0    70.717  
 92.0    70.85  
 0.0    70.983  
 95.25    71.116  
 0.0    71.25  
 98.5    71.383  
 0.0    71.517  
 101.75    71.65  
 0.0    71.784  
 105.0    71.917  
 0.0    72.05  
 108.25    72.184  
 0.0    72.317  
 111.5    72.451  
 0.0    72.584  
 114.75    72.718  
 0.0    72.851  
 118.0    72.985  
 0.0    73.118  
 121.25    73.251  
 0.0    73.385  
 124.5    73.518  
 0.0    73.652  
 127.75    73.785  
 0.0    73.918  
 131.0    74.052  
 0.0    74.185  
 134.25    74.319  
 0.0    74.452  
 137.5    74.586  
 0.0    74.719  
 140.75    74.852  
 0.0    74.986  
 144.0    75.119  
 0.0    75.253  
 147.25    75.386  
 0.0    75.52  
 150.5    75.653  
 0.0    75.787  
 153.75    75.92  
 0.0    76.053  
 157.0    76.187  
 0.0    76.32  
 160.25    76.454  
 0.0    76.587  
 163.5    76.721  
 0.0    76.854  
 166.75    76.987  
 0.0    77.121  
 170.0    77.254  
 0.0    77.388  
 173.25    77.521  
 0.0    77.654  
 176.5    77.788  
 0.0    77.921  
 179.75    78.055  
 0.0    78.188  
 183.0    78.322  
 0.0    78.455  
 186.25    78.589  
 0.0    78.722  
 189.5    78.855  
 0.0    78.989  
 192.75    79.122  
 0.0    79.256  
 196.0    79.389  
 0.0    79.522  
 199.25    79.656  
 0.0    79.789  
 202.5    79.923  
 0.0    80.056  
 205.75    80.19  
 0.0    80.323  
 209.0    80.457  
 0.0    80.59  
 212.25    80.723  
 0.0    80.857  
 215.5    80.99  
 0.0    81.124  
 218.75    81.257  
 0.0    81.391  
 222.0    81.524  
 0.0    81.657  
 225.25    81.791  
 0.0    81.924  
 228.5    82.058  
 0.0    82.191  
 231.75    82.324  
 0.0    82.458  
 235.0    82.592  
 0.0    82.725  
 238.25    82.858  
 0.0    82.992  
 241.5    83.125  
 0.0    83.258  
 244.75    83.392  
 0.0    83.525  
 248.0    83.659  
 0.0    83.792  
 251.25    83.926  
 0.0    84.059  
 254.5    84.193  
 0.0    84.326  
 257.75    84.46  
 0.0    84.593  
 261.0    84.726  
 0.0    84.86  
 264.25    84.993  
 0.0    85.127  
 267.5    85.26  
 0.0    85.393  
 270.75    85.527  
 0.0    85.66  
 274.0    85.794  
 0.0    85.927  
 277.25    86.061  
 0.0    86.194  
 280.5    86.327  
 0.0    86.461  
 283.75    86.594  
 0.0    86.728  
 287.0    86.861  
 0.0    86.995  
 290.25    87.128  
 0.0    87.261  
 293.5    87.395  
 0.0    87.528  
 296.75    87.662  
 0.0    87.795  
 300.0    87.929  
 0.0    88.062  
 303.25    88.195  
 0.0    88.329  
 306.5    88.462  
 0.0    88.596  
 309.75    88.729  
 0.0    88.863  
 313.0    88.996  
 0.0    89.13  
 316.25    89.263  
 0.0    89.397  
 319.5    89.53  
 0.0    89.663  
 322.75    89.797  
 0.0    89.93  
 326.0    90.064  
 0.0    90.197  
 329.25    90.33  
 0.0    90.464  
 332.5    90.597  
 0.0    90.731  
 335.75    90.864  
 0.0    90.998  
 339.0    91.131  
 0.0    91.264  
 342.25    91.398  
 0.0    91.531  
 345.5    91.665  
 0.0    91.798  
 348.75    91.931  
 0.0    92.068  
 1.0    92.198  
 0.0    92.332  
 4.25    92.465  
 0.0    92.599  
 7.5    92.732  
 0.0    92.866  
 10.75    92.999  
 0.0    93.132  
 14.0    93.266  
 0.0    93.399  
 17.25    93.533  
 0.0    93.666  
 20.5    93.8  
 0.0    93.933  
 23.75    94.066  
 0.0    94.2  
 27.0    94.333  
 0.0    94.467  
 30.25    94.601  
 0.0    94.734  
 33.5    94.867  
 0.0    95.0  
 36.75    95.134  
 0.0    95.267  
 40.0    95.401  
 0.0    95.534  
 43.25    95.667  
 0.0    95.801  
 46.5    95.934  
 0.0    96.068  
 49.75    96.201  
 0.0    96.335  
 53.0    96.468  
 0.0    96.602  
 56.25    96.735  
 0.0    96.868  
 59.5    97.002  
 0.0    97.135  
 62.75    97.269  
 0.0    97.402  
 66.0    97.536  
 0.0    97.669  
 69.25    97.802  
 0.0    97.936  
 72.5    98.069  
 0.0    98.203  
 75.75    98.336  
 0.0    98.47  
 79.0    98.603  
 0.0    98.736  
 82.25    98.87  
 0.0    99.003  
 85.5    99.137  
 0.0    99.27  
 88.75    99.404  
 0.0    99.537  
 92.0    99.67  
 0.0    99.804  
 95.25    99.937  
 0.0    100.071  
 98.5    100.204  
 0.0    100.338  
 101.75    100.471  
 0.0    100.604  
 105.0    100.738  
 0.0    100.871  
 108.25    101.005  
 0.0    101.138  
 111.5    101.272  
 0.0    101.405  
 114.75    101.538  
 0.0    101.672  
 118.0    101.806  
 0.0    101.939  
 121.25    102.072  
 0.0    102.206  
 124.5    102.339  
 0.0    102.472  
 127.75    102.606  
 0.0    102.739  
 131.0    102.873  
 0.0    103.006  
 134.25    103.14  
 0.0    103.273  
 137.5    103.406  
 0.0    103.54  
 140.75    103.674  
 0.0    103.807  
 144.0    103.94  
 0.0    104.074  
 147.25    104.207  
 0.0    104.341  
 150.5    104.474  
 0.0    104.607  
 153.75    104.741  
 0.0    104.874  
 157.0    105.008  
 0.0    105.141  
 160.25    105.275  
 0.0    105.408  
 163.5    105.541  
 0.0    105.675  
 166.75    105.808  
 0.0    105.942  
 170.0    106.075  
 0.0    106.209  
 173.25    106.342  
 0.0    106.475  
 176.5    106.609  
 0.0    106.742  
 179.75    106.876  
 0.0    107.009  
 183.0    107.143  
 0.0    107.276  
 186.25    107.409  
 0.0    107.543  
 189.5    107.676  
 0.0    107.81  
 192.75    107.943  
 0.0    108.076  
 196.0    108.21  
 0.0    108.343  
 199.25    108.477  
 0.0    108.61  
 202.5    108.744  
 0.0    108.877  
 205.75    109.011  
 0.0    109.144  
 209.0    109.277  
 0.0    109.411  
 212.25    109.544  
 0.0    109.678  
 215.5    109.811  
 0.0    109.945  
 218.75    110.078  
 0.0    110.211  
 222.0    110.345  
 0.0    110.478  
 225.25    110.612  
 0.0    110.745  
 228.5    110.878  
 0.0    111.012  
 231.75    111.145  
 0.0    111.279  
 235.0    111.412  
 0.0    111.546  
 238.25    111.679  
 0.0    111.813  
 241.5    111.946  
 0.0    112.079  
 244.75    112.213  
 0.0    112.346  
 248.0    112.48  
 0.0    112.613  
 251.25    112.747  
 0.0    112.88  
 254.5    113.013  
 0.0    113.147  
 257.75    113.28  
 0.0    113.414  
 261.0    113.547  
 0.0    113.681  
 264.25    113.814  
 0.0    113.947  
 267.5    114.081  
 0.0    114.214  
 270.75    114.348  
 0.0    114.481  
 274.0    114.615  
 0.0    114.748  
 277.25    114.881  
 0.0    115.015  
 280.5    115.148  
 0.0    115.282  
 283.75    115.415  
 0.0    115.549  
 287.0    115.682  
 0.0    115.815  
 290.25    115.949  
 0.0    116.082  
 293.5    116.216  
 0.0    116.349  
 296.75    116.483  
 0.0    116.616  
 300.0    116.749  
 0.0    116.883  
 303.25    117.016  
 0.0    117.15  
 306.5    117.283  
 0.0    117.417  
 309.75    117.55  
 0.0    117.684  
 313.0    117.817  
 0.0    117.95  
 316.25    118.084  
 0.0    118.217  
 319.5    118.351  
 0.0    118.484  
 322.75    118.617  
 0.0    118.751  
 326.0    118.884  
 0.0    119.018  
 329.25    119.151  
 0.0    119.285  
 332.5    119.418  
 0.0    119.551  
 335.75    119.685  
 0.0    119.818  
 339.0    119.952  
 0.0    120.085  
 342.25    120.219  
 0.0    120.352  
 345.5    120.486  
 0.0    120.619  
 348.75    120.752  
 0.0    120.89  
 1.0    121.019  
 0.0    121.153  
 4.25    121.286  
 0.0    121.42  
 7.5    121.553  
 0.0    121.686  
 10.75    121.82  
 0.0    121.953  
 14.0    122.087  
 0.0    122.22  
 17.25    122.354  
 0.0    122.487  
 20.5    122.62  
 0.0    122.754  
 23.75    122.887  
 0.0    123.021  
 27.0    123.154  
 0.0    123.288  
 30.25    123.421  
 0.0    123.554  
 33.5    123.688  
 0.0    123.821  
 36.75    123.955  
 0.0    124.088  
 40.0    124.221  
 0.0    124.355  
 43.25    124.488  
 0.0    124.622  
 46.5    124.755  
 0.0    124.889  
 49.75    125.022  
 0.0    125.156  
 53.0    125.289  
 0.0    125.422  
 56.25    125.556  
 0.0    125.689  
 59.5    125.823  
 0.0    125.956  
 62.75    126.09  
 0.0    126.223  
 66.0    126.356  
 0.0    126.49  
 69.25    126.623  
 0.0    126.757  
 72.5    126.89  
 0.0    127.023  
 75.75    127.157  
 0.0    127.29  
 79.0    127.424  
 0.0    127.557  
 82.25    127.691  
 0.0    127.824  
 85.5    127.958  
 0.0    128.091  
 88.75    128.224  
 0.0    128.358  
 92.0    128.491  
 0.0    128.625  
 95.25    128.758  
 0.0    128.892  
 98.5    129.025  
 0.0    129.158  
 101.75    129.292  
 0.0    129.425  
 105.0    129.559  
 0.0    129.692  
 108.25    129.826  
 0.0    129.959  
 111.5    130.092  
 0.0    130.226  
 114.75    130.359  
 0.0    130.493  
 118.0    130.626  
 0.0    130.76  
 121.25    130.893  
 0.0    131.026  
 124.5    131.16  
 0.0    131.293  
 127.75    131.427  
 0.0    131.56  
 131.0    131.694  
 0.0    131.827  
 134.25    131.961  
 0.0    132.094  
 137.5    132.227  
 0.0    132.361  
 140.75    132.494  
 0.0    132.628  
 144.0    132.761  
 0.0    132.894  
 147.25    133.028  
 0.0    133.161  
 150.5    133.295  
 0.0    133.428  
 153.75    133.562  
 0.0    133.695  
 157.0    133.828  
 0.0    133.962  
 160.25    134.095  
 0.0    134.229  
 163.5    134.362  
 0.0    134.496  
 166.75    134.629  
 0.0    134.762  
 170.0    134.896  
 0.0    135.029  
 173.25    135.163  
 0.0    135.296  
 176.5    135.43  
 0.0    135.563  
 179.75    135.696  
 0.0    135.83  
 183.0    135.963  
 0.0    136.097  
 186.25    136.23  
 0.0    136.364  
 189.5    136.497  
 0.0    136.63  
 192.75    136.764  
 0.0    136.897  
 196.0    137.031  
 0.0    137.164  
 199.25    137.298  
 0.0    137.431  
 202.5    137.564  
 0.0    137.698  
 205.75    137.831  
 0.0    137.965  
 209.0    138.098  
 0.0    138.232  
 212.25    138.365  
 0.0    138.499  
 215.5    138.632  
 0.0    138.765  
 218.75    138.899  
 0.0    139.032  
 222.0    139.166  
 0.0    139.299  
 225.25    139.433  
 0.0    139.566  
 228.5    139.699  
 0.0    139.833  
 231.75    139.967  
 0.0    140.1  
 235.0    140.233  
 0.0    140.367  
 238.25    140.5  
 0.0    140.633  
 241.5    140.767  
 0.0    140.9  
 244.75    141.034  
 0.0    141.167  
 248.0    141.301  
 0.0    141.434  
 251.25    141.567  
 0.0    141.701  
 254.5    141.834  
 0.0    141.968  
 257.75    142.101  
 0.0    142.235  
 261.0    142.368  
 0.0    142.501  
 264.25    142.635  
 0.0    142.768  
 267.5    142.902  
 0.0    143.035  
 270.75    143.169  
 0.0    143.302  
 274.0    143.435  
 0.0    143.569  
 277.25    143.702  
 0.0    143.836  
 280.5    143.969  
 0.0    144.103  
 283.75    144.236  
 0.0    144.37  
 287.0    144.503  
 0.0    144.637  
 290.25    144.77  
 0.0    144.903  
 293.5    145.037  
 0.0    145.17  
 296.75    145.303  
 0.0    145.437  
 300.0    145.57  
 0.0    145.704  
 303.25    145.837  
 0.0    145.971  
 306.5    146.104  
 0.0    146.237  
 309.75    146.371  
 0.0    146.504  
 313.0    146.638  
 0.0    146.771  
 316.25    146.905  
 0.0    147.038  
 319.5    147.171  
 0.0    147.305  
 322.75    147.438  
 0.0    147.572  
 326.0    147.705  
 0.0    147.839  
 329.25    147.972  
 0.0    148.105  
 332.5    148.239  
 0.0    148.372  
 335.75    148.506  
 0.0    148.639  
 339.0    148.773  
 0.0    148.906  
 342.25    149.04  
 0.0    149.173  
 345.5    149.306  
 0.0    149.44  
 348.75    149.573  
 0.0    149.712  
 1.0    149.84  
 0.0    149.973  
 4.25    150.107  
 0.0    150.24  
 7.5    150.374  
 0.0    150.507  
 10.75    150.641  
 0.0    150.774  
 14.0    150.907  
 0.0    151.041  
 17.25    151.174  
 0.0    151.308  
 20.5    151.441  
 0.0    151.575  
 23.75    151.708  
 0.0    151.842  
 27.0    151.975  
 0.0    152.108  
 30.25    152.242  
 0.0    152.375  
 33.5    152.509  
 0.0    152.642  
 36.75    152.776  
 0.0    152.909  
 40.0    153.042  
 0.0    153.176  
 43.25    153.309  
 0.0    153.443  
 46.5    153.576  
 0.0    153.709  
 49.75    153.843  
 0.0    153.976  
 53.0    154.11  
 0.0    154.243  
 56.25    154.377  
 0.0    154.51  
 59.5    154.643  
 0.0    154.777  
 62.75    154.91  
 0.0    155.044  
 66.0    155.177  
 0.0    155.311  
 69.25    155.444  
 0.0    155.578  
 72.5    155.711  
 0.0    155.844  
 75.75    155.978  
 0.0    156.111  
 79.0    156.245  
 0.0    156.378  
 82.25    156.512  
 0.0    156.645  
 85.5    156.778  
 0.0    156.912  
 88.75    157.045  
 0.0    157.179  
 92.0    157.312  
 0.0    157.446  
 95.25    157.579  
 0.0    157.712  
 98.5    157.846  
 0.0    157.979  
 101.75    158.113  
 0.0    158.246  
 105.0    158.38  
 0.0    158.513  
 108.25    158.646  
 0.0    158.78  
 111.5    158.913  
 0.0    159.047  
 114.75    159.18  
 0.0    159.314  
 118.0    159.447  
 0.0    159.58  
 121.25    159.714  
 0.0    159.847  
 124.5    159.981  
 0.0    160.114  
 127.75    160.248  
 0.0    160.381  
 131.0    160.515  
 0.0    160.648  
 134.25    160.781  
 0.0    160.915  
 137.5    161.048  
 0.0    161.182  
 140.75    161.315  
 0.0    161.448  
 144.0    161.582  
 0.0    161.715  
 147.25    161.849  
 0.0    161.982  
 150.5    162.116  
 0.0    162.249  
 153.75    162.383  
 0.0    162.516  
 157.0    162.649  
 0.0    162.783  
 160.25    162.916  
 0.0    163.05  
 163.5    163.183  
 0.0    163.317  
 166.75    163.45  
 0.0    163.583  
 170.0    163.717  
 0.0    163.85  
 173.25    163.984  
 0.0    164.117  
 176.5    164.25  
 0.0    164.384  
 179.75    164.517  
 0.0    164.651  
 183.0    164.784  
 0.0    164.918  
 186.25    165.051  
 0.0    165.185  
 189.5    165.318  
 0.0    165.451  
 192.75    165.585  
 0.0    165.718  
 196.0    165.852  
 0.0    165.985  
 199.25    166.119  
 0.0    166.252  
 202.5    166.385  
 0.0    166.519  
 205.75    166.652  
 0.0    166.786  
 209.0    166.919  
 0.0    167.052  
 212.25    167.186  
 0.0    167.319  
 215.5    167.453  
 0.0    167.586  
 218.75    167.72  
 0.0    167.853  
 222.0    167.987  
 0.0    168.12  
 225.25    168.253  
 0.0    168.387  
 228.5    168.52  
 0.0    168.654  
 231.75    168.787  
 0.0    168.921  
 235.0    169.054  
 0.0    169.187  
 238.25    169.321  
 0.0    169.454  
 241.5    169.588  
 0.0    169.721  
 244.75    169.855  
 0.0    169.988  
 248.0    170.121  
 0.0    170.255  
 251.25    170.388  
 0.0    170.522  
 254.5    170.655  
 0.0    170.789  
 257.75    170.922  
 0.0    171.055  
 261.0    171.189  
 0.0    171.322  
 264.25    171.456  
 0.0    171.589  
 267.5    171.723  
 0.0    171.856  
 270.75    171.989  
 0.0    172.123  
 274.0    172.256  
 0.0    172.39  
 277.25    172.523  
 0.0    172.657  
 280.5    172.79  
 0.0    172.923  
 283.75    173.057  
 0.0    173.19  
 287.0    173.324  
 0.0    173.457  
 290.25    173.591  
 0.0    173.724  
 293.5    173.857  
 0.0    173.991  
 296.75    174.124  
 0.0    174.258  
 300.0    174.391  
 0.0    174.525  
 303.25    174.658  
 0.0    174.791  
 306.5    174.925  
 0.0    175.058  
 309.75    175.192  
 0.0    175.325  
 313.0    175.459  
 0.0    175.592  
 316.25    175.726  
 0.0    175.859  
 319.5    175.992  
 0.0    176.126  
 322.75    176.259  
 0.0    176.393  
 326.0    176.526  
 0.0    176.659  
 329.25    176.793  
 0.0    176.926  
 332.5    177.06  
 0.0    177.193  
 335.75    177.327  
 0.0    177.46  
 339.0    177.594  
 0.0    177.727  
 342.25    177.86  
 0.0    177.994  
 345.5    178.127  
 0.0    178.261  
 348.75    178.394  
 0.0    178.532  
 1.0    178.661  
 0.0    178.795  
 4.25    178.928  
 0.0    179.061  
 7.5    179.195  
 0.0    179.328  
 10.75    179.461  
 0.0    179.595  
 14.0    179.728  
 0.0    179.862  
 17.25    179.995  
 0.0    180.129  
 20.5    180.262  
 0.0    180.396  
 23.75    180.529  
 0.0    180.662  
 27.0    180.796  
 0.0    180.929  
 30.25    181.063  
 0.0    181.196  
 33.5    181.329  
 0.0    181.463  
 36.75    181.596  
 0.0    181.73  
 40.0    181.863  
 0.0    181.997  
 43.25    182.13  
 0.0    182.264  
 46.5    182.397  
 0.0    182.53  
 49.75    182.664  
 0.0    182.797  
 53.0    182.931  
 0.0    183.064  
 56.25    183.198  
 0.0    183.331  
 59.5    183.464  
 0.0    183.598  
 62.75    183.731  
 0.0    183.865  
 66.0    183.998  
 0.0    184.132  
 69.25    184.265  
 0.0    184.398  
 72.5    184.532  
 0.0    184.665  
 75.75    184.799  
 0.0    184.932  
 79.0    185.066  
 0.0    185.199  
 82.25    185.332  
 0.0    185.466  
 85.5    185.599  
 0.0    185.733  
 88.75    185.866  
 0.0    186.0  
 92.0    186.133  
 0.0    186.266  
 95.25    186.4  
 0.0    186.533  
 98.5    186.667  
 0.0    186.8  
 101.75    186.934  
 0.0    187.067  
 105.0    187.2  
 0.0    187.334  
 108.25    187.467  
 0.0    187.601  
 111.5    187.734  
 0.0    187.868  
 114.75    188.001  
 0.0    188.134  
 118.0    188.268  
 0.0    188.401  
 121.25    188.535  
 0.0    188.668  
 124.5    188.802  
 0.0    188.935  
 127.75    189.068  
 0.0    189.202  
 131.0    189.335  
 0.0    189.469  
 134.25    189.602  
 0.0    189.736  
 137.5    189.869  
 0.0    190.003  
 140.75    190.136  
 0.0    190.269  
 144.0    190.403  
 0.0    190.536  
 147.25    190.67  
 0.0    190.803  
 150.5    190.936  
 0.0    191.07  
 153.75    191.203  
 0.0    191.337  
 157.0    191.47  
 0.0    191.604  
 160.25    191.737  
 0.0    191.871  
 163.5    192.004  
 0.0    192.137  
 166.75    192.271  
 0.0    192.404  
 170.0    192.538  
 0.0    192.671  
 173.25    192.805  
 0.0    192.938  
 176.5    193.071  
 0.0    193.205  
 179.75    193.338  
 0.0    193.472  
 183.0    193.605  
 0.0    193.738  
 186.25    193.872  
 0.0    194.005  
 189.5    194.139  
 0.0    194.272  
 192.75    194.406  
 0.0    194.539  
 196.0    194.672  
 0.0    194.806  
 199.25    194.939  
 0.0    195.073  
 202.5    195.206  
 0.0    195.34  
 205.75    195.473  
 0.0    195.607  
 209.0    195.74  
 0.0    195.873  
 212.25    196.007  
 0.0    196.14  
 215.5    196.274  
 0.0    196.407  
 218.75    196.541  
 0.0    196.674  
 222.0    196.807  
 0.0    196.941  
 225.25    197.074  
 0.0    197.208  
 228.5    197.341  
 0.0    197.474  
 231.75    197.608  
 0.0    197.741  
 235.0    197.875  
 0.0    198.008  
 238.25    198.142  
 0.0    198.275  
 241.5    198.408  
 0.0    198.542  
 244.75    198.675  
 0.0    198.809  
 248.0    198.942  
 0.0    199.076  
 251.25    199.209  
 0.0    199.343  
 254.5    199.476  
 0.0    199.609  
 257.75    199.743  
 0.0    199.876  
 261.0    200.01  
 0.0    200.143  
 264.25    200.276  
 0.0    200.41  
 267.5    200.544  
 0.0    200.677  
 270.75    200.81  
 0.0    200.944  
 274.0    201.077  
 0.0    201.21  
 277.25    201.344  
 0.0    201.477  
 280.5    201.611  
 0.0    201.744  
 283.75    201.878  
 0.0    202.011  
 287.0    202.145  
 0.0    202.278  
 290.25    202.411  
 0.0    202.545  
 293.5    202.678  
 0.0    202.812  
 296.75    202.945  
 0.0    203.078  
 300.0    203.212  
 0.0    203.345  
 303.25    203.479  
 0.0    203.612  
 306.5    203.746  
 0.0    203.879  
 309.75    204.013  
 0.0    204.146  
 313.0    204.279  
 0.0    204.413  
 316.25    204.546  
 0.0    204.68  
 319.5    204.813  
 0.0    204.947  
 322.75    205.08  
 0.0    205.213  
 326.0    205.347  
 0.0    205.48  
 329.25    205.614  
 0.0    205.747  
 332.5    205.881  
 0.0    206.014  
 335.75    206.147  
 0.0    206.281  
 339.0    206.414  
 0.0    206.548  
 342.25    206.682  
 0.0    206.815  
 345.5    206.948  
 0.0    207.081  
 348.75    207.215  
 0.0    207.354  
 1.0    207.484  
 0.0    207.615  
 4.25    207.749  
 0.0    207.882  
 7.5    208.015  
 0.0    208.149  
 10.75    208.282  
 0.0    208.416  
 14.0    208.549  
 0.0    208.683  
 17.25    208.816  
 0.0    208.949  
 20.5    209.083  
 0.0    209.216  
 23.75    209.35  
 0.0    209.483  
 27.0    209.617  
 0.0    209.75  
 30.25    209.883  
 0.0    210.017  
 33.5    210.15  
 0.0    210.284  
 36.75    210.417  
 0.0    210.551  
 40.0    210.684  
 0.0    210.818  
 43.25    210.951  
 0.0    211.084  
 46.5    211.218  
 0.0    211.351  
 49.75    211.485  
 0.0    211.618  
 53.0    211.752  
 0.0    211.885  
 56.25    212.018  
 0.0    212.152  
 59.5    212.285  
 0.0    212.419  
 62.75    212.552  
 0.0    212.686  
 66.0    212.819  
 0.0    212.952  
 69.25    213.086  
 0.0    213.219  
 72.5    213.353  
 0.0    213.486  
 75.75    213.62  
 0.0    213.753  
 79.0    213.886  
 0.0    214.02  
 82.25    214.153  
 0.0    214.287  
 85.5    214.42  
 0.0    214.554  
 88.75    214.687  
 0.0    214.82  
 92.0    214.954  
 0.0    215.087  
 95.25    215.221  
 0.0    215.354  
 98.5    215.488  
 0.0    215.621  
 101.75    215.755  
 0.0    215.888  
 105.0    216.021  
 0.0    216.155  
 108.25    216.288  
 0.0    216.422  
 111.5    216.555  
 0.0    216.688  
 114.75    216.822  
 0.0    216.955  
 118.0    217.089  
 0.0    217.222  
 121.25    217.356  
 0.0    217.489  
 124.5    217.622  
 0.0    217.756  
 127.75    217.889  
 0.0    218.023  
 131.0    218.156  
 0.0    218.29  
 134.25    218.423  
 0.0    218.556  
 137.5    218.69  
 0.0    218.823  
 140.75    218.957  
 0.0    219.09  
 144.0    219.224  
 0.0    219.357  
 147.25    219.49  
 0.0    219.624  
 150.5    219.757  
 0.0    219.891  
 153.75    220.024  
 0.0    220.158  
 157.0    220.291  
 0.0    220.424  
 160.25    220.558  
 0.0    220.691  
 163.5    220.825  
 0.0    220.958  
 166.75    221.092  
 0.0    221.225  
 170.0    221.358  
 0.0    221.492  
 173.25    221.625  
 0.0    221.759  
 176.5    221.892  
 0.0    222.026  
 179.75    222.159  
 0.0    222.293  
 183.0    222.426  
 0.0    222.559  
 186.25    222.693  
 0.0    222.826  
 189.5    222.96  
 0.0    223.093  
 192.75    223.227  
 0.0    223.36  
 196.0    223.493  
 0.0    223.627  
 199.25    223.76  
 0.0    223.894  
 202.5    224.027  
 0.0    224.16  
 205.75    224.294  
 0.0    224.427  
 209.0    224.561  
 0.0    224.694  
 212.25    224.828  
 0.0    224.961  
 215.5    225.095  
 0.0    225.228  
 218.75    225.361  
 0.0    225.495  
 222.0    225.628  
 0.0    225.762  
 225.25    225.895  
 0.0    226.028  
 228.5    226.162  
 0.0    226.295  
 231.75    226.429  
 0.0    226.562  
 235.0    226.696  
 0.0    226.829  
 238.25    226.962  
 0.0    227.096  
 241.5    227.229  
 0.0    227.363  
 244.75    227.496  
 0.0    227.63  
 248.0    227.763  
 0.0    227.897  
 251.25    228.03  
 0.0    228.163  
 254.5    228.297  
 0.0    228.43  
 257.75    228.564  
 0.0    228.697  
 261.0    228.831  
 0.0    228.964  
 264.25    229.097  
 0.0    229.231  
 267.5    229.364  
 0.0    229.498  
 270.75    229.631  
 0.0    229.765  
 274.0    229.898  
 0.0    230.031  
 277.25    230.165  
 0.0    230.298  
 280.5    230.432  
 0.0    230.565  
 283.75    230.699  
 0.0    230.832  
 287.0    230.966  
 0.0    231.099  
 290.25    231.232  
 0.0    231.366  
 293.5    231.499  
 0.0    231.633  
 296.75    231.766  
 0.0    231.899  
 300.0    232.033  
 0.0    232.166  
 303.25    232.3  
 0.0    232.433  
 306.5    232.567  
 0.0    232.7  
 309.75    232.833  
 0.0    232.967  
 313.0    233.1  
 0.0    233.234  
 316.25    233.367  
 0.0    233.501  
 319.5    233.634  
 0.0    233.767  
 322.75    233.901  
 0.0    234.034  
 326.0    234.168  
 0.0    234.301  
 329.25    234.435  
 0.0    234.568  
 332.5    234.701  
 0.0    234.835  
 335.75    234.968  
 0.0    235.102  
 339.0    235.235  
 0.0    235.369  
 342.25    235.502  
 0.0    235.636  
 345.5    235.769  
 0.0    235.902  
 348.75    236.036  
 0.0    236.176  
 1.0    236.304  
 0.0    236.436  
 4.25    236.57  
 0.0    236.703  
 7.5    236.836  
 0.0    236.97  
 10.75    237.103  
 0.0    237.237  
 14.0    237.37  
 0.0    237.503  
 17.25    237.637  
 0.0    237.77  
 20.5    237.904  
 0.0    238.037  
 23.75    238.171  
 0.0    238.304  
 27.0    238.438  
 0.0    238.571  
 30.25    238.704  
 0.0    238.838  
 33.5    238.971  
 0.0    239.105  
 36.75    239.238  
 0.0    239.371  
 40.0    239.505  
 0.0    239.638  
 43.25    239.772  
 0.0    239.905  
 46.5    240.039  
 0.0    240.172  
 49.75    240.305  
 0.0    240.439  
 53.0    240.572  
 0.0    240.706  
 56.25    240.839  
 0.0    240.973  
 59.5    241.106  
 0.0    241.24  
 62.75    241.373  
 0.0    241.506  
 66.0    241.64  
 0.0    241.773  
 69.25    241.907  
 0.0    242.04  
 72.5    242.174  
 0.0    242.307  
 75.75    242.44  
 0.0    242.574  
 79.0    242.707  
 0.0    242.841  
 82.25    242.974  
 0.0    243.108  
 85.5    243.241  
 0.0    243.374  
 88.75    243.508  
 0.0    243.641  
 92.0    243.775  
 0.0    243.908  
 95.25    244.042  
 0.0    244.175  
 98.5    244.308  
 0.0    244.442  
 101.75    244.575  
 0.0    244.709  
 105.0    244.842  
 0.0    244.976  
 108.25    245.109  
 0.0    245.242  
 111.5    245.376  
 0.0    245.509  
 114.75    245.643  
 0.0    245.776  
 118.0    245.91  
 0.0    246.043  
 121.25    246.176  
 0.0    246.31  
 124.5    246.443  
 0.0    246.577  
 127.75    246.71  
 0.0    246.844  
 131.0    246.977  
 0.0    247.11  
 134.25    247.244  
 0.0    247.377  
 137.5    247.511  
 0.0    247.644  
 140.75    247.778  
 0.0    247.911  
 144.0    248.044  
 0.0    248.178  
 147.25    248.311  
 0.0    248.445  
 150.5    248.578  
 0.0    248.712  
 153.75    248.845  
 0.0    248.978  
 157.0    249.112  
 0.0    249.245  
 160.25    249.379  
 0.0    249.512  
 163.5    249.646  
 0.0    249.779  
 166.75    249.912  
 0.0    250.046  
 170.0    250.179  
 0.0    250.313  
 173.25    250.446  
 0.0    250.58  
 176.5    250.713  
 0.0    250.846  
 179.75    250.98  
 0.0    251.113  
 183.0    251.247  
 0.0    251.38  
 186.25    251.514  
 0.0    251.647  
 189.5    251.781  
 0.0    251.914  
 192.75    252.047  
 0.0    252.181  
 196.0    252.314  
 0.0    252.448  
 199.25    252.581  
 0.0    252.715  
 202.5    252.848  
 0.0    252.981  
 205.75    253.115  
 0.0    253.248  
 209.0    253.382  
 0.0    253.515  
 212.25    253.649  
 0.0    253.782  
 215.5    253.915  
 0.0    254.049  
 218.75    254.182  
 0.0    254.316  
 222.0    254.449  
 0.0    254.583  
 225.25    254.716  
 0.0    254.849  
 228.5    254.983  
 0.0    255.116  
 231.75    255.25  
 0.0    255.383  
 235.0    255.516  
 0.0    255.65  
 238.25    255.783  
 0.0    255.917  
 241.5    256.05  
 0.0    256.184  
 244.75    256.317  
 0.0    256.45  
 248.0    256.584  
 0.0    256.718  
 251.25    256.851  
 0.0    256.984  
 254.5    257.118  
 0.0    257.251  
 257.75    257.385  
 0.0    257.518  
 261.0    257.651  
 0.0    257.785  
 264.25    257.918  
 0.0    258.052  
 267.5    258.185  
 0.0    258.319  
 270.75    258.452  
 0.0    258.585  
 274.0    258.719  
 0.0    258.852  
 277.25    258.986  
 0.0    259.119  
 280.5    259.253  
 0.0    259.386  
 283.75    259.519  
 0.0    259.653  
 287.0    259.787  
 0.0    259.92  
 290.25    260.053  
 0.0    260.187  
 293.5    260.32  
 0.0    260.453  
 296.75    260.587  
 0.0    260.72  
 300.0    260.854  
 0.0    260.987  
 303.25    261.121  
 0.0    261.254  
 306.5    261.387  
 0.0    261.521  
 309.75    261.654  
 0.0    261.788  
 313.0    261.921  
 0.0    262.055  
 316.25    262.188  
 0.0    262.321  
 319.5    262.455  
 0.0    262.588  
 322.75    262.722  
 0.0    262.855  
 326.0    262.989  
 0.0    263.122  
 329.25    263.255  
 0.0    263.389  
 332.5    263.522  
 0.0    263.656  
 335.75    263.789  
 0.0    263.923  
 339.0    264.056  
 0.0    264.189  
 342.25    264.323  
 0.0    264.456  
 345.5    264.59  
 0.0    264.723  
 348.75    264.857  
 0.0    264.997  
 1.0    265.126  
 0.0    265.257  
 4.25    265.391  
 0.0    265.524  
 7.5    265.657  
 0.0    265.791  
 10.75    265.924  
 0.0    266.057  
 14.0    266.191  
 0.0    266.324  
 17.25    266.458  
 0.0    266.591  
 20.5    266.725  
 0.0    266.858  
 23.75    266.992  
 0.0    267.125  
 27.0    267.258  
 0.0    267.392  
 30.25    267.525  
 0.0    267.659  
 33.5    267.792  
 0.0    267.926  
 36.75    268.059  
 0.0    268.192  
 40.0    268.326  
 0.0    268.459  
 43.25    268.593  
 0.0    268.726  
 46.5    268.86  
 0.0    268.993  
 49.75    269.127  
 0.0    269.26  
 53.0    269.393  
 0.0    269.527  
 56.25    269.66  
 0.0    269.793  
 59.5    269.927  
 0.0    270.06  
 62.75    270.194  
 0.0    270.327  
 66.0    270.461  
 0.0    270.594  
 69.25    270.728  
 0.0    270.861  
 72.5    270.994  
 0.0    271.128  
 75.75    271.261  
 0.0    271.395  
 79.0    271.528  
 0.0    271.662  
 82.25    271.795  
 0.0    271.928  
 85.5    272.062  
 0.0    272.195  
 88.75    272.329  
 0.0    272.462  
 92.0    272.596  
 0.0    272.729  
 95.25    272.862  
 0.0    272.996  
 98.5    273.129  
 0.0    273.263  
 101.75    273.396  
 0.0    273.53  
 105.0    273.663  
 0.0    273.796  
 108.25    273.93  
 0.0    274.063  
 111.5    274.197  
 0.0    274.33  
 114.75    274.464  
 0.0    274.597  
 118.0    274.731  
 0.0    274.864  
 121.25    274.997  
 0.0    275.131  
 124.5    275.264  
 0.0    275.398  
 127.75    275.531  
 0.0    275.664  
 131.0    275.798  
 0.0    275.931  
 134.25    276.065  
 0.0    276.198  
 137.5    276.332  
 0.0    276.465  
 140.75    276.598  
 0.0    276.732  
 144.0    276.865  
 0.0    276.999  
 147.25    277.132  
 0.0    277.266  
 150.5    277.399  
 0.0    277.532  
 153.75    277.666  
 0.0    277.799  
 157.0    277.933  
 0.0    278.066  
 160.25    278.2  
 0.0    278.333  
 163.5    278.466  
 0.0    278.6  
 166.75    278.733  
 0.0    278.867  
 170.0    279.0  
 0.0    279.134  
 173.25    279.267  
 0.0    279.4  
 176.5    279.534  
 0.0    279.667  
 179.75    279.801  
 0.0    279.934  
 183.0    280.068  
 0.0    280.201  
 186.25    280.334  
 0.0    280.468  
 189.5    280.601  
 0.0    280.735  
 192.75    280.868  
 0.0    281.002  
 196.0    281.135  
 0.0    281.269  
 199.25    281.402  
 0.0    281.535  
 202.5    281.669  
 0.0    281.802  
 205.75    281.936  
 0.0    282.069  
 209.0    282.203  
 0.0    282.336  
 212.25    282.47  
 0.0    282.603  
 215.5    282.736  
 0.0    282.87  
 218.75    283.003  
 0.0    283.136  
 222.0    283.27  
 0.0    283.403  
 225.25    283.537  
 0.0    283.67  
 228.5    283.804  
 0.0    283.937  
 231.75    284.071  
 0.0    284.204  
 235.0    284.337  
 0.0    284.471  
 238.25    284.604  
 0.0    284.738  
 241.5    284.871  
 0.0    285.005  
 244.75    285.138  
 0.0    285.271  
 248.0    285.405  
 0.0    285.538  
 251.25    285.672  
 0.0    285.805  
 254.5    285.939  
 0.0    286.072  
 257.75    286.205  
 0.0    286.339  
 261.0    286.472  
 0.0    286.606  
 264.25    286.739  
 0.0    286.873  
 267.5    287.006  
 0.0    287.139  
 270.75    287.273  
 0.0    287.406  
 274.0    287.54  
 0.0    287.673  
 277.25    287.807  
 0.0    287.94  
 280.5    288.073  
 0.0    288.207  
 283.75    288.34  
 0.0    288.474  
 287.0    288.607  
 0.0    288.741  
 290.25    288.874  
 0.0    289.007  
 293.5    289.141  
 0.0    289.274  
 296.75    289.408  
 0.0    289.541  
 300.0    289.675  
 0.0    289.808  
 303.25    289.941  
 0.0    290.075  
 306.5    290.208  
 0.0    290.342  
 309.75    290.475  
 0.0    290.609  
 313.0    290.742  
 0.0    290.875  
 316.25    291.009  
 0.0    291.142  
 319.5    291.276  
 0.0    291.409  
 322.75    291.543  
 0.0    291.676  
 326.0    291.809  
 0.0    291.943  
 329.25    292.076  
 0.0    292.21  
 332.5    292.343  
 0.0    292.477  
 335.75    292.61  
 0.0    292.743  
 339.0    292.877  
 0.0    293.01  
 342.25    293.144  
 0.0    293.277  
 345.5    293.411  
 0.0    293.544  
 348.75    293.678  
 0.0    293.819  
 1.0    293.961  
 0.0    294.094  
 4.25    294.228  
 0.0    294.361  
 7.5    294.495  
 0.0    294.628  
 10.75    294.762  
 0.0    294.895  
 14.0    295.028  
 0.0    295.162  
 17.25    295.295  
 0.0    295.429  
 20.5    295.562  
 0.0    295.696  
 23.75    295.829  
 0.0    295.962  
 27.0    296.096  
 0.0    296.229  
 30.25    296.363  
 0.0    296.496  
 33.5    296.63  
 0.0    296.763  
 36.75    296.897  
 0.0    297.03  
 40.0    297.163  
 0.0    297.297  
 43.25    297.43  
 0.0    297.564  
 46.5    297.697  
 0.0    297.83  
 49.75    297.964  
 0.0    298.097  
 53.0    298.231  
 0.0    298.364  
 56.25    298.498  
 0.0    298.631  
 59.5    298.765  
 0.0    298.898  
 62.75    299.031  
 0.0    299.165  
 66.0    299.298  
 0.0    299.432  
 69.25    299.565  
 0.0    299.698  
 72.5    299.832  
 0.0    299.965  
 75.75    300.099  
 0.0    300.232  
 79.0    300.366  
 0.0    300.499  
 82.25    300.633  
 0.0    300.766  
 85.5    300.899  
 0.0    301.033  
 88.75    301.166  
 0.0    301.3  
 92.0    301.433  
 0.0    301.566  
 95.25    301.7  
 0.0    301.833  
 98.5    301.967  
 0.0    302.1  
 101.75    302.234  
 0.0    302.367  
 105.0    302.501  
 0.0    302.634  
 108.25    302.767  
 0.0    302.901  
 111.5    303.034  
 0.0    303.168  
 114.75    303.301  
 0.0    303.435  
 118.0    303.568  
 0.0    303.701  
 121.25    303.835  
 0.0    303.968  
 124.5    304.102  
 0.0    304.235  
 127.75    304.368  
 0.0    304.502  
 131.0    304.635  
 0.0    304.769  
 134.25    304.902  
 0.0    305.036  
 137.5    305.169  
 0.0    305.303  
 140.75    305.436  
 0.0    305.569  
 144.0    305.703  
 0.0    305.836  
 147.25    305.97  
 0.0    306.103  
 150.5    306.237  
 0.0    306.37  
 153.75    306.503  
 0.0    306.637  
 157.0    306.77  
 0.0    306.904  
 160.25    307.037  
 0.0    307.171  
 163.5    307.304  
 0.0    307.437  
 166.75    307.571  
 0.0    307.704  
 170.0    307.838  
 0.0    307.971  
 173.25    308.105  
 0.0    308.238  
 176.5    308.372  
 0.0    308.505  
 179.75    308.638  
 0.0    308.772  
 183.0    308.905  
 0.0    309.039  
 186.25    309.172  
 0.0    309.305  
 189.5    309.439  
 0.0    309.572  
 192.75    309.706  
 0.0    309.839  
 196.0    309.973  
 0.0    310.106  
 199.25    310.239  
 0.0    310.373  
 202.5    310.507  
 0.0    310.64  
 205.75    310.773  
 0.0    310.907  
 209.0    311.04  
 0.0    311.174  
 212.25    311.307  
 0.0    311.44  
 215.5    311.574  
 0.0    311.707  
 218.75    311.841  
 0.0    311.974  
 222.0    312.107  
 0.0    312.241  
 225.25    312.374  
 0.0    312.508  
 228.5    312.641  
 0.0    312.775  
 231.75    312.908  
 0.0    313.042  
 235.0    313.175  
 0.0    313.308  
 238.25    313.442  
 0.0    313.575  
 241.5    313.709  
 0.0    313.842  
 244.75    313.975  
 0.0    314.109  
 248.0    314.242  
 0.0    314.376  
 251.25    314.509  
 0.0    314.643  
 254.5    314.776  
 0.0    314.91  
 257.75    315.043  
 0.0    315.176  
 261.0    315.31  
 0.0    315.443  
 264.25    315.577  
 0.0    315.71  
 267.5    315.843  
 0.0    315.977  
 270.75    316.11  
 0.0    316.244  
 274.0    316.377  
 0.0    316.511  
 277.25    316.644  
 0.0    316.777  
 280.5    316.911  
 0.0    317.044  
 283.75    317.178  
 0.0    317.311  
 287.0    317.445  
 0.0    317.578  
 290.25    317.711  
 0.0    317.845  
 293.5    317.978  
 0.0    318.112  
 296.75    318.245  
 0.0    318.379  
 300.0    318.512  
 0.0    318.646  
 303.25    318.779  
 0.0    318.912  
 306.5    319.046  
 0.0    319.179  
 309.75    319.313  
 0.0    319.446  
 313.0    319.58  
 0.0    319.713  
 316.25    319.846  
 0.0    319.98  
 319.5    320.113  
 0.0    320.247  
 322.75    320.38  
 0.0    320.514  
 326.0    320.647  
 0.0    320.78  
 329.25    320.914  
 0.0    321.047  
 332.5    321.181  
 0.0    321.314  
 335.75    321.448  
 0.0    321.581  
 339.0    321.714  
 0.0    321.848  
 342.25    321.981  
 0.0    322.115  
 345.5    322.248  
 0.0    322.382  
 348.75    322.515  
