 [352.5, 284.25, 147.75, 76.25]  
 [37.236, 42.84, 54.048, 59.918]  
 [38.036, 43.373]  
 [219.25, 209.5, 196.5, 30.75]  
 [76.998, 77.798, 78.866, 92.476]  
 [77.665, 78.465]  
 [326.5, 232.25, 216.0, 79.5]  
 [97.012, 104.751, 106.085, 117.294]  
 [105.285, 106.753, 117.827]  
 [235.5, 216.0, 147.75, 108.75]  
 [133.305, 134.906, 140.511, 143.713]  
 [133.972, 135.44, 141.845]  
 [336.25, 268.0, 157.5, 66.5]  
 [153.853, 159.458, 168.531, 176.003]  
 [160.125]  
 [277.75, 277.75, 193.25, 60.0]  
 [187.495, 194.433, 205.374]  
 [188.028, 194.967, 206.041]  
 [359.0, 323.25, 209.5, 27.5]  
 [209.65, 212.58, 221.92, 236.864]  
 [210.178, 213.247]  
 [277.75, 183.5, 180.25, 121.75]  
 [245.136, 252.875, 253.142, 257.946]  
 [238.601, 245.67, 253.409, 258.479]  
 [333.0, 300.5, 160.75, 69.75]  
 [269.438, 272.106, 283.581, 291.053]  
 [269.838, 272.64, 284.117]  
 [307.0, 53.5, 43.75, 17.75]  
 [300.41, 321.226, 322.026, 324.161]  
 []  
