 36.56    36.56  
 0.0    36.577  
 1.0    36.709  
 0.0    36.842  
 4.25    36.975  
 0.0    37.109  
 7.5    37.242  
 0.0    37.376  
 10.75    37.509  
 0.0    37.643  
 14.0    37.776  
 0.0    37.909  
 17.25    38.043  
 0.0    38.176  
 20.5    38.31  
 0.0    38.443  
 23.75    38.577  
 0.0    38.71  
 27.0    38.843  
 0.0    38.977  
 30.25    39.11  
 0.0    39.244  
 33.5    39.377  
 0.0    39.511  
 36.75    39.644  
 0.0    39.777  
 40.0    39.911  
 0.0    40.044  
 43.25    40.178  
 0.0    40.311  
 46.5    40.445  
 0.0    40.578  
 49.75    40.712  
 0.0    40.845  
 53.0    40.979  
 0.0    41.112  
 56.25    41.245  
 0.0    41.379  
 59.5    41.512  
 0.0    41.646  
 62.75    41.779  
 0.0    41.912  
 66.0    42.046  
 0.0    42.18  
 69.25    42.313  
 0.0    42.446  
 72.5    42.579  
 0.0    42.713  
 75.75    42.846  
 0.0    42.98  
 79.0    43.113  
 0.0    43.247  
 82.25    43.38  
 0.0    43.513  
 85.5    43.647  
 0.0    43.781  
 88.75    43.914  
 0.0    44.048  
 92.0    44.181  
 0.0    44.314  
 95.25    44.447  
 0.0    44.581  
 98.5    44.714  
 0.0    44.848  
 101.75    44.981  
 0.0    45.115  
 105.0    45.248  
 0.0    45.381  
 108.25    45.515  
 0.0    45.648  
 111.5    45.782  
 0.0    45.915  
 114.75    46.049  
 0.0    46.182  
 118.0    46.316  
 0.0    46.449  
 121.25    46.582  
 0.0    46.716  
 124.5    46.849  
 0.0    46.983  
 127.75    47.116  
 0.0    47.25  
 131.0    47.383  
 0.0    47.516  
 134.25    47.65  
 0.0    47.783  
 137.5    47.917  
 0.0    48.05  
 140.75    48.184  
 0.0    48.317  
 144.0    48.45  
 0.0    48.584  
 147.25    48.717  
 0.0    48.851  
 150.5    48.984  
 0.0    49.118  
 153.75    49.251  
 0.0    49.384  
 157.0    49.518  
 0.0    49.651  
 160.25    49.785  
 0.0    49.918  
 163.5    50.051  
 0.0    50.185  
 166.75    50.318  
 0.0    50.452  
 170.0    50.585  
 0.0    50.719  
 173.25    50.852  
 0.0    50.986  
 176.5    51.119  
 0.0    51.253  
 179.75    51.386  
 0.0    51.52  
 183.0    51.653  
 0.0    51.786  
 186.25    51.92  
 0.0    52.053  
 189.5    52.187  
 0.0    52.32  
 192.75    52.453  
 0.0    52.587  
 196.0    52.72  
 0.0    52.854  
 199.25    52.987  
 0.0    53.121  
 202.5    53.254  
 0.0    53.387  
 205.75    53.521  
 0.0    53.654  
 209.0    53.788  
 0.0    53.921  
 212.25    54.055  
 0.0    54.188  
 215.5    54.321  
 0.0    54.455  
 218.75    54.588  
 0.0    54.722  
 222.0    54.855  
 0.0    54.989  
 225.25    55.122  
 0.0    55.255  
 228.5    55.389  
 0.0    55.522  
 231.75    55.656  
 0.0    55.789  
 235.0    55.922  
 0.0    56.056  
 238.25    56.189  
 0.0    56.323  
 241.5    56.456  
 0.0    56.59  
 244.75    56.723  
 0.0    56.857  
 248.0    56.99  
 0.0    57.123  
 251.25    57.257  
 0.0    57.39  
 254.5    57.524  
 0.0    57.657  
 257.75    57.79  
 0.0    57.924  
 261.0    58.057  
 0.0    58.191  
 264.25    58.324  
 0.0    58.458  
 267.5    58.591  
 0.0    58.724  
 270.75    58.858  
 0.0    58.991  
 274.0    59.125  
 0.0    59.258  
 277.25    59.392  
 0.0    59.525  
 280.5    59.658  
 0.0    59.792  
 283.75    59.925  
 0.0    60.059  
 287.0    60.192  
 0.0    60.326  
 290.25    60.459  
 0.0    60.593  
 293.5    60.726  
 0.0    60.859  
 296.75    60.993  
 0.0    61.127  
 300.0    61.26  
 0.0    61.393  
 303.25    61.526  
 0.0    61.66  
 306.5    61.793  
 0.0    61.927  
 309.75    62.06  
 0.0    62.194  
 313.0    62.327  
 0.0    62.461  
 316.25    62.594  
 0.0    62.727  
 319.5    62.861  
 0.0    62.994  
 322.75    63.128  
 0.0    63.261  
 326.0    63.394  
 0.0    63.528  
 329.25    63.661  
 0.0    63.795  
 332.5    63.928  
 0.0    64.062  
 335.75    64.195  
 0.0    64.329  
 339.0    64.462  
 0.0    64.595  
 342.25    64.729  
 0.0    64.863  
 345.5    64.996  
 0.0    65.129  
 348.75    65.263  
 0.0    65.399  
 1.0    65.529  
 0.0    65.663  
 4.25    65.796  
 0.0    65.93  
 7.5    66.063  
 0.0    66.196  
 10.75    66.33  
 0.0    66.464  
 14.0    66.597  
 0.0    66.731  
 17.25    66.864  
 0.0    66.997  
 20.5    67.131  
 0.0    67.264  
 23.75    67.397  
 0.0    67.531  
 27.0    67.664  
 0.0    67.798  
 30.25    67.931  
 0.0    68.065  
 33.5    68.198  
 0.0    68.332  
 36.75    68.465  
 0.0    68.598  
 40.0    68.732  
 0.0    68.865  
 43.25    68.999  
 0.0    69.132  
 46.5    69.265  
 0.0    69.399  
 49.75    69.532  
 0.0    69.666  
 53.0    69.799  
 0.0    69.933  
 56.25    70.066  
 0.0    70.2  
 59.5    70.333  
 0.0    70.466  
 62.75    70.6  
 0.0    70.733  
 66.0    70.867  
 0.0    71.0  
 69.25    71.134  
 0.0    71.267  
 72.5    71.4  
 0.0    71.534  
 75.75    71.667  
 0.0    71.801  
 79.0    71.934  
 0.0    72.067  
 82.25    72.201  
 0.0    72.334  
 85.5    72.468  
 0.0    72.601  
 88.75    72.735  
 0.0    72.868  
 92.0    73.002  
 0.0    73.135  
 95.25    73.268  
 0.0    73.402  
 98.5    73.535  
 0.0    73.669  
 101.75    73.802  
 0.0    73.936  
 105.0    74.069  
 0.0    74.203  
 108.25    74.336  
 0.0    74.469  
 111.5    74.603  
 0.0    74.736  
 114.75    74.869  
 0.0    75.005  
 118.0    75.138  
 0.0    75.27  
 121.25    75.403  
 0.0    75.537  
 124.5    75.67  
 0.0    75.806  
 127.75    75.939  
 0.0    76.073  
 131.0    76.206  
 0.0    76.339  
 134.25    76.472  
 0.0    76.604  
 137.5    76.738  
 0.0    76.871  
 140.75    77.005  
 0.0    77.138  
 144.0    77.271  
 0.0    77.405  
 147.25    77.538  
 0.0    77.672  
 150.5    77.805  
 0.0    77.939  
 153.75    78.072  
 0.0    78.205  
 157.0    78.339  
 0.0    78.472  
 160.25    78.606  
 0.0    78.739  
 163.5    78.873  
 0.0    79.006  
 166.75    79.139  
 0.0    79.273  
 170.0    79.406  
 0.0    79.54  
 173.25    79.673  
 0.0    79.807  
 176.5    79.94  
 0.0    80.073  
 179.75    80.207  
 0.0    80.34  
 183.0    80.474  
 0.0    80.607  
 186.25    80.741  
 0.0    80.874  
 189.5    81.007  
 0.0    81.141  
 192.75    81.274  
 0.0    81.408  
 196.0    81.541  
 0.0    81.675  
 199.25    81.808  
 0.0    81.941  
 202.5    82.075  
 0.0    82.208  
 205.75    82.342  
 0.0    82.475  
 209.0    82.609  
 0.0    82.742  
 212.25    82.875  
 0.0    83.009  
 215.5    83.142  
 0.0    83.276  
 218.75    83.409  
 0.0    83.543  
 222.0    83.676  
 0.0    83.809  
 225.25    83.943  
 0.0    84.076  
 228.5    84.21  
 0.0    84.343  
 231.75    84.476  
 0.0    84.61  
 235.0    84.743  
 0.0    84.877  
 238.25    85.01  
 0.0    85.144  
 241.5    85.277  
 0.0    85.41  
 244.75    85.544  
 0.0    85.677  
 248.0    85.811  
 0.0    85.944  
 251.25    86.078  
 0.0    86.211  
 254.5    86.345  
 0.0    86.478  
 257.75    86.611  
 0.0    86.745  
 261.0    86.878  
 0.0    87.012  
 264.25    87.145  
 0.0    87.279  
 267.5    87.412  
 0.0    87.545  
 270.75    87.679  
 0.0    87.812  
 274.0    87.946  
 0.0    88.079  
 277.25    88.212  
 0.0    88.346  
 280.5    88.479  
 0.0    88.613  
 283.75    88.747  
 0.0    88.88  
 287.0    89.013  
 0.0    89.147  
 290.25    89.28  
 0.0    89.413  
 293.5    89.547  
 0.0    89.68  
 296.75    89.814  
 0.0    89.947  
 300.0    90.081  
 0.0    90.214  
 303.25    90.347  
 0.0    90.481  
 306.5    90.615  
 0.0    90.748  
 309.75    90.882  
 0.0    91.015  
 313.0    91.148  
 0.0    91.282  
 316.25    91.415  
 0.0    91.548  
 319.5    91.682  
 0.0    91.815  
 322.75    91.948  
 0.0    92.082  
 326.0    92.216  
 0.0    92.349  
 329.25    92.482  
 0.0    92.616  
 332.5    92.749  
 0.0    92.883  
 335.75    93.016  
 0.0    93.15  
 339.0    93.283  
 0.0    93.416  
 342.25    93.55  
 0.0    93.683  
 345.5    93.817  
 0.0    93.95  
 348.75    94.083  
 0.0    94.221  
 1.0    94.35  
 0.0    94.484  
 4.25    94.617  
 0.0    94.751  
 7.5    94.884  
 0.0    95.018  
 10.75    95.151  
 0.0    95.285  
 14.0    95.418  
 0.0    95.551  
 17.25    95.685  
 0.0    95.818  
 20.5    95.952  
 0.0    96.085  
 23.75    96.218  
 0.0    96.352  
 27.0    96.485  
 0.0    96.619  
 30.25    96.752  
 0.0    96.886  
 33.5    97.019  
 0.0    97.153  
 36.75    97.286  
 0.0    97.419  
 40.0    97.553  
 0.0    97.686  
 43.25    97.82  
 0.0    97.953  
 46.5    98.086  
 0.0    98.22  
 49.75    98.353  
 0.0    98.487  
 53.0    98.62  
 0.0    98.754  
 56.25    98.887  
 0.0    99.02  
 59.5    99.154  
 0.0    99.287  
 62.75    99.421  
 0.0    99.554  
 66.0    99.688  
 0.0    99.821  
 69.25    99.954  
 0.0    100.088  
 72.5    100.221  
 0.0    100.355  
 75.75    100.488  
 0.0    100.622  
 79.0    100.755  
 0.0    100.888  
 82.25    101.022  
 0.0    101.155  
 85.5    101.289  
 0.0    101.422  
 88.75    101.556  
 0.0    101.689  
 92.0    101.823  
 0.0    101.956  
 95.25    102.091  
 0.0    102.225  
 98.5    102.358  
 0.0    102.489  
 101.75    102.625  
 0.0    102.757  
 105.0    102.89  
 0.0    103.023  
 108.25    103.157  
 0.0    103.29  
 111.5    103.424  
 0.0    103.557  
 114.75    103.691  
 0.0    103.824  
 118.0    103.957  
 0.0    104.091  
 121.25    104.224  
 0.0    104.358  
 124.5    104.491  
 0.0    104.625  
 127.75    104.758  
 0.0    104.891  
 131.0    105.025  
 0.0    105.158  
 134.25    105.292  
 0.0    105.425  
 137.5    105.558  
 0.0    105.692  
 140.75    105.825  
 0.0    105.959  
 144.0    106.092  
 0.0    106.226  
 147.25    106.359  
 0.0    106.492  
 150.5    106.626  
 0.0    106.759  
 153.75    106.893  
 0.0    107.026  
 157.0    107.16  
 0.0    107.293  
 160.25    107.426  
 0.0    107.56  
 163.5    107.693  
 0.0    107.827  
 166.75    107.96  
 0.0    108.094  
 170.0    108.227  
 0.0    108.36  
 173.25    108.494  
 0.0    108.627  
 176.5    108.761  
 0.0    108.894  
 179.75    109.028  
 0.0    109.161  
 183.0    109.294  
 0.0    109.428  
 186.25    109.561  
 0.0    109.695  
 189.5    109.828  
 0.0    109.962  
 192.75    110.095  
 0.0    110.228  
 196.0    110.362  
 0.0    110.495  
 199.25    110.629  
 0.0    110.762  
 202.5    110.896  
 0.0    111.029  
 205.75    111.163  
 0.0    111.296  
 209.0    111.429  
 0.0    111.563  
 212.25    111.696  
 0.0    111.83  
 215.5    111.963  
 0.0    112.097  
 218.75    112.23  
 0.0    112.363  
 222.0    112.497  
 0.0    112.63  
 225.25    112.764  
 0.0    112.897  
 228.5    113.03  
 0.0    113.164  
 231.75    113.297  
 0.0    113.431  
 235.0    113.564  
 0.0    113.698  
 238.25    113.831  
 0.0    113.965  
 241.5    114.098  
 0.0    114.232  
 244.75    114.365  
 0.0    114.498  
 248.0    114.632  
 0.0    114.765  
 251.25    114.899  
 0.0    115.032  
 254.5    115.166  
 0.0    115.299  
 257.75    115.432  
 0.0    115.566  
 261.0    115.699  
 0.0    115.833  
 264.25    115.966  
 0.0    116.099  
 267.5    116.233  
 0.0    116.366  
 270.75    116.5  
 0.0    116.633  
 274.0    116.767  
 0.0    116.9  
 277.25    117.034  
 0.0    117.167  
 280.5    117.3  
 0.0    117.434  
 283.75    117.567  
 0.0    117.701  
 287.0    117.834  
 0.0    117.968  
 290.25    118.101  
 0.0    118.234  
 293.5    118.368  
 0.0    118.501  
 296.75    118.635  
 0.0    118.768  
 300.0    118.902  
 0.0    119.035  
 303.25    119.168  
 0.0    119.302  
 306.5    119.435  
 0.0    119.569  
 309.75    119.702  
 0.0    119.836  
 313.0    119.969  
 0.0    120.102  
 316.25    120.236  
 0.0    120.369  
 319.5    120.503  
 0.0    120.636  
 322.75    120.77  
 0.0    120.903  
 326.0    121.036  
 0.0    121.17  
 329.25    121.303  
 0.0    121.437  
 332.5    121.57  
 0.0    121.704  
 335.75    121.837  
 0.0    121.97  
 339.0    122.104  
 0.0    122.237  
 342.25    122.371  
 0.0    122.504  
 345.5    122.638  
 0.0    122.771  
 348.75    122.904  
 0.0    123.042  
 1.0    123.171  
 0.0    123.305  
 4.25    123.438  
 0.0    123.572  
 7.5    123.705  
 0.0    123.838  
 10.75    123.972  
 0.0    124.105  
 14.0    124.239  
 0.0    124.372  
 17.25    124.506  
 0.0    124.639  
 20.5    124.773  
 0.0    124.906  
 23.75    125.039  
 0.0    125.173  
 27.0    125.306  
 0.0    125.44  
 30.25    125.573  
 0.0    125.706  
 33.5    125.84  
 0.0    125.973  
 36.75    126.107  
 0.0    126.24  
 40.0    126.373  
 0.0    126.507  
 43.25    126.64  
 0.0    126.774  
 46.5    126.907  
 0.0    127.041  
 49.75    127.174  
 0.0    127.307  
 53.0    127.441  
 0.0    127.574  
 56.25    127.708  
 0.0    127.841  
 59.5    127.974  
 0.0    128.111  
 62.75    128.241  
 0.0    128.377  
 66.0    128.508  
 0.0    128.642  
 69.25    128.776  
 0.0    128.909  
 72.5    129.042  
 0.0    129.175  
 75.75    129.309  
 0.0    129.442  
 79.0    129.576  
 0.0    129.709  
 82.25    129.843  
 0.0    129.976  
 85.5    130.109  
 0.0    130.243  
 88.75    130.376  
 0.0    130.51  
 92.0    130.643  
 0.0    130.777  
 95.25    130.91  
 0.0    131.044  
 98.5    131.177  
 0.0    131.31  
 101.75    131.444  
 0.0    131.578  
 105.0    131.711  
 0.0    131.845  
 108.25    131.978  
 0.0    132.111  
 111.5    132.244  
 0.0    132.378  
 114.75    132.511  
 0.0    132.645  
 118.0    132.778  
 0.0    132.912  
 121.25    133.045  
 0.0    133.178  
 124.5    133.312  
 0.0    133.445  
 127.75    133.579  
 0.0    133.712  
 131.0    133.846  
 0.0    133.979  
 134.25    134.113  
 0.0    134.246  
 137.5    134.379  
 0.0    134.513  
 140.75    134.647  
 0.0    134.78  
 144.0    134.913  
 0.0    135.047  
 147.25    135.18  
 0.0    135.313  
 150.5    135.447  
 0.0    135.58  
 153.75    135.714  
 0.0    135.847  
 157.0    135.98  
 0.0    136.114  
 160.25    136.247  
 0.0    136.381  
 163.5    136.514  
 0.0    136.648  
 166.75    136.781  
 0.0    136.914  
 170.0    137.048  
 0.0    137.181  
 173.25    137.315  
 0.0    137.448  
 176.5    137.582  
 0.0    137.715  
 179.75    137.849  
 0.0    137.982  
 183.0    138.116  
 0.0    138.249  
 186.25    138.382  
 0.0    138.516  
 189.5    138.649  
 0.0    138.783  
 192.75    138.916  
 0.0    139.05  
 196.0    139.183  
 0.0    139.316  
 199.25    139.45  
 0.0    139.583  
 202.5    139.717  
 0.0    139.85  
 205.75    139.984  
 0.0    140.117  
 209.0    140.251  
 0.0    140.384  
 212.25    140.517  
 0.0    140.651  
 215.5    140.784  
 0.0    140.918  
 218.75    141.051  
 0.0    141.184  
 222.0    141.318  
 0.0    141.451  
 225.25    141.585  
 0.0    141.718  
 228.5    141.852  
 0.0    141.985  
 231.75    142.118  
 0.0    142.252  
 235.0    142.385  
 0.0    142.519  
 238.25    142.652  
 0.0    142.786  
 241.5    142.919  
 0.0    143.052  
 244.75    143.186  
 0.0    143.319  
 248.0    143.453  
 0.0    143.586  
 251.25    143.72  
 0.0    143.853  
 254.5    143.986  
 0.0    144.12  
 257.75    144.253  
 0.0    144.387  
 261.0    144.52  
 0.0    144.654  
 264.25    144.787  
 0.0    144.92  
 267.5    145.054  
 0.0    145.187  
 270.75    145.321  
 0.0    145.454  
 274.0    145.588  
 0.0    145.721  
 277.25    145.854  
 0.0    145.988  
 280.5    146.121  
 0.0    146.255  
 283.75    146.388  
 0.0    146.522  
 287.0    146.655  
 0.0    146.788  
 290.25    146.922  
 0.0    147.055  
 293.5    147.189  
 0.0    147.322  
 296.75    147.455  
 0.0    147.589  
 300.0    147.722  
 0.0    147.856  
 303.25    147.989  
 0.0    148.123  
 306.5    148.256  
 0.0    148.39  
 309.75    148.523  
 0.0    148.656  
 313.0    148.79  
 0.0    148.923  
 316.25    149.057  
 0.0    149.19  
 319.5    149.324  
 0.0    149.457  
 322.75    149.59  
 0.0    149.724  
 326.0    149.857  
 0.0    149.991  
 329.25    150.124  
 0.0    150.258  
 332.5    150.391  
 0.0    150.525  
 335.75    150.658  
 0.0    150.791  
 339.0    150.925  
 0.0    151.058  
 342.25    151.192  
 0.0    151.325  
 345.5    151.459  
 0.0    151.592  
 348.75    151.725  
 0.0    151.864  
 1.0    151.992  
 0.0    152.126  
 4.25    152.259  
 0.0    152.393  
 7.5    152.526  
 0.0    152.659  
 10.75    152.793  
 0.0    152.926  
 14.0    153.06  
 0.0    153.193  
 17.25    153.327  
 0.0    153.46  
 20.5    153.593  
 0.0    153.727  
 23.75    153.86  
 0.0    153.994  
 27.0    154.127  
 0.0    154.26  
 30.25    154.394  
 0.0    154.527  
 33.5    154.661  
 0.0    154.794  
 36.75    154.927  
 0.0    155.061  
 40.0    155.194  
 0.0    155.328  
 43.25    155.461  
 0.0    155.596  
 46.5    155.728  
 0.0    155.862  
 49.75    155.995  
 0.0    156.129  
 53.0    156.262  
 0.0    156.395  
 56.25    156.529  
 0.0    156.662  
 59.5    156.796  
 0.0    156.929  
 62.75    157.063  
 0.0    157.196  
 66.0    157.329  
 0.0    157.463  
 69.25    157.596  
 0.0    157.73  
 72.5    157.863  
 0.0    157.996  
 75.75    158.13  
 0.0    158.263  
 79.0    158.397  
 0.0    158.53  
 82.25    158.664  
 0.0    158.797  
 85.5    158.931  
 0.0    159.064  
 88.75    159.198  
 0.0    159.331  
 92.0    159.464  
 0.0    159.598  
 95.25    159.731  
 0.0    159.865  
 98.5    159.998  
 0.0    160.132  
 101.75    160.265  
 0.0    160.398  
 105.0    160.532  
 0.0    160.665  
 108.25    160.798  
 0.0    160.932  
 111.5    161.066  
 0.0    161.199  
 114.75    161.332  
 0.0    161.466  
 118.0    161.599  
 0.0    161.733  
 121.25    161.866  
 0.0    161.999  
 124.5    162.133  
 0.0    162.266  
 127.75    162.4  
 0.0    162.533  
 131.0    162.667  
 0.0    162.8  
 134.25    162.934  
 0.0    163.067  
 137.5    163.2  
 0.0    163.334  
 140.75    163.467  
 0.0    163.601  
 144.0    163.734  
 0.0    163.867  
 147.25    164.001  
 0.0    164.134  
 150.5    164.268  
 0.0    164.401  
 153.75    164.535  
 0.0    164.668  
 157.0    164.801  
 0.0    164.935  
 160.25    165.068  
 0.0    165.202  
 163.5    165.335  
 0.0    165.469  
 166.75    165.602  
 0.0    165.735  
 170.0    165.869  
 0.0    166.002  
 173.25    166.136  
 0.0    166.269  
 176.5    166.403  
 0.0    166.536  
 179.75    166.669  
 0.0    166.803  
 183.0    166.936  
 0.0    167.07  
 186.25    167.204  
 0.0    167.337  
 189.5    167.47  
 0.0    167.603  
 192.75    167.737  
 0.0    167.87  
 196.0    168.004  
 0.0    168.137  
 199.25    168.271  
 0.0    168.404  
 202.5    168.538  
 0.0    168.671  
 205.75    168.804  
 0.0    168.938  
 209.0    169.071  
 0.0    169.205  
 212.25    169.338  
 0.0    169.472  
 215.5    169.605  
 0.0    169.738  
 218.75    169.872  
 0.0    170.005  
 222.0    170.139  
 0.0    170.272  
 225.25    170.406  
 0.0    170.539  
 228.5    170.672  
 0.0    170.806  
 231.75    170.939  
 0.0    171.073  
 235.0    171.206  
 0.0    171.34  
 238.25    171.473  
 0.0    171.606  
 241.5    171.74  
 0.0    171.873  
 244.75    172.007  
 0.0    172.14  
 248.0    172.273  
 0.0    172.407  
 251.25    172.54  
 0.0    172.674  
 254.5    172.807  
 0.0    172.941  
 257.75    173.074  
 0.0    173.208  
 261.0    173.341  
 0.0    173.474  
 264.25    173.608  
 0.0    173.741  
 267.5    173.875  
 0.0    174.008  
 270.75    174.141  
 0.0    174.275  
 274.0    174.408  
 0.0    174.542  
 277.25    174.675  
 0.0    174.809  
 280.5    174.942  
 0.0    175.075  
 283.75    175.209  
 0.0    175.342  
 287.0    175.476  
 0.0    175.609  
 290.25    175.743  
 0.0    175.876  
 293.5    176.01  
 0.0    176.143  
 296.75    176.276  
 0.0    176.41  
 300.0    176.543  
 0.0    176.677  
 303.25    176.81  
 0.0    176.944  
 306.5    177.077  
 0.0    177.211  
 309.75    177.344  
 0.0    177.477  
 313.0    177.611  
 0.0    177.744  
 316.25    177.878  
 0.0    178.011  
 319.5    178.144  
 0.0    178.278  
 322.75    178.411  
 0.0    178.545  
 326.0    178.678  
 0.0    178.812  
 329.25    178.945  
 0.0    179.078  
 332.5    179.212  
 0.0    179.345  
 335.75    179.479  
 0.0    179.612  
 339.0    179.746  
 0.0    179.879  
 342.25    180.012  
 0.0    180.146  
 345.5    180.28  
 0.0    180.413  
 348.75    180.549  
 0.0    180.689  
 1.0    180.83  
 0.0    180.963  
 4.25    181.097  
 0.0    181.23  
 7.5    181.364  
 0.0    181.497  
 10.75    181.63  
 0.0    181.764  
 14.0    181.897  
 0.0    182.031  
 17.25    182.164  
 0.0    182.297  
 20.5    182.431  
 0.0    182.564  
 23.75    182.698  
 0.0    182.831  
 27.0    182.965  
 0.0    183.098  
 30.25    183.232  
 0.0    183.365  
 33.5    183.498  
 0.0    183.632  
 36.75    183.765  
 0.0    183.899  
 40.0    184.032  
 0.0    184.166  
 43.25    184.299  
 0.0    184.433  
 46.5    184.566  
 0.0    184.699  
 49.75    184.833  
 0.0    184.966  
 53.0    185.1  
 0.0    185.233  
 56.25    185.366  
 0.0    185.5  
 59.5    185.633  
 0.0    185.767  
 62.75    185.9  
 0.0    186.034  
 66.0    186.167  
 0.0    186.3  
 69.25    186.434  
 0.0    186.567  
 72.5    186.701  
 0.0    186.834  
 75.75    186.968  
 0.0    187.101  
 79.0    187.234  
 0.0    187.368  
 82.25    187.501  
 0.0    187.635  
 85.5    187.768  
 0.0    187.902  
 88.75    188.035  
 0.0    188.168  
 92.0    188.302  
 0.0    188.435  
 95.25    188.569  
 0.0    188.702  
 98.5    188.836  
 0.0    188.969  
 101.75    189.102  
 0.0    189.236  
 105.0    189.37  
 0.0    189.503  
 108.25    189.636  
 0.0    189.77  
 111.5    189.903  
 0.0    190.036  
 114.75    190.17  
 0.0    190.303  
 118.0    190.437  
 0.0    190.57  
 121.25    190.704  
 0.0    190.837  
 124.5    190.971  
 0.0    191.104  
 127.75    191.237  
 0.0    191.371  
 131.0    191.504  
 0.0    191.638  
 134.25    191.771  
 0.0    191.904  
 137.5    192.038  
 0.0    192.171  
 140.75    192.305  
 0.0    192.438  
 144.0    192.572  
 0.0    192.705  
 147.25    192.838  
 0.0    192.972  
 150.5    193.105  
 0.0    193.239  
 153.75    193.372  
 0.0    193.505  
 157.0    193.639  
 0.0    193.772  
 160.25    193.906  
 0.0    194.041  
 163.5    194.173  
 0.0    194.306  
 166.75    194.439  
 0.0    194.575  
 170.0    194.707  
 0.0    194.84  
 173.25    194.973  
 0.0    195.107  
 176.5    195.24  
 0.0    195.374  
 179.75    195.507  
 0.0    195.64  
 183.0    195.774  
 0.0    195.907  
 186.25    196.041  
 0.0    196.174  
 189.5    196.308  
 0.0    196.441  
 192.75    196.575  
 0.0    196.708  
 196.0    196.841  
 0.0    196.975  
 199.25    197.108  
 0.0    197.242  
 202.5    197.375  
 0.0    197.509  
 205.75    197.642  
 0.0    197.776  
 209.0    197.909  
 0.0    198.042  
 212.25    198.176  
 0.0    198.309  
 215.5    198.442  
 0.0    198.576  
 218.75    198.709  
 0.0    198.843  
 222.0    198.976  
 0.0    199.11  
 225.25    199.243  
 0.0    199.376  
 228.5    199.51  
 0.0    199.643  
 231.75    199.777  
 0.0    199.91  
 235.0    200.044  
 0.0    200.177  
 238.25    200.31  
 0.0    200.444  
 241.5    200.577  
 0.0    200.711  
 244.75    200.844  
 0.0    200.978  
 248.0    201.111  
 0.0    201.245  
 251.25    201.378  
 0.0    201.511  
 254.5    201.645  
 0.0    201.778  
 257.75    201.912  
 0.0    202.045  
 261.0    202.179  
 0.0    202.312  
 264.25    202.446  
 0.0    202.579  
 267.5    202.712  
 0.0    202.846  
 270.75    202.979  
 0.0    203.113  
 274.0    203.246  
 0.0    203.379  
 277.25    203.513  
 0.0    203.646  
 280.5    203.78  
 0.0    203.913  
 283.75    204.047  
 0.0    204.18  
 287.0    204.313  
 0.0    204.447  
 290.25    204.58  
 0.0    204.714  
 293.5    204.847  
 0.0    204.981  
 296.75    205.114  
 0.0    205.248  
 300.0    205.381  
 0.0    205.514  
 303.25    205.648  
 0.0    205.781  
 306.5    205.915  
 0.0    206.048  
 309.75    206.181  
 0.0    206.315  
 313.0    206.448  
 0.0    206.582  
 316.25    206.715  
 0.0    206.849  
 319.5    206.982  
 0.0    207.115  
 322.75    207.249  
 0.0    207.382  
 326.0    207.516  
 0.0    207.65  
 329.25    207.783  
 0.0    207.916  
 332.5    208.05  
 0.0    208.183  
 335.75    208.317  
 0.0    208.45  
 339.0    208.583  
 0.0    208.717  
 342.25    208.85  
 0.0    208.984  
 345.5    209.117  
 0.0    209.251  
 348.75    209.384  
 0.0    209.524  
 1.0    209.653  
 0.0    209.784  
 4.25    209.918  
 0.0    210.051  
 7.5    210.185  
 0.0    210.318  
 10.75    210.451  
 0.0    210.585  
 14.0    210.718  
 0.0    210.851  
 17.25    210.985  
 0.0    211.118  
 20.5    211.252  
 0.0    211.385  
 23.75    211.519  
 0.0    211.652  
 27.0    211.786  
 0.0    211.919  
 30.25    212.052  
 0.0    212.186  
 33.5    212.319  
 0.0    212.453  
 36.75    212.586  
 0.0    212.72  
 40.0    212.853  
 0.0    212.986  
 43.25    213.12  
 0.0    213.253  
 46.5    213.387  
 0.0    213.52  
 49.75    213.654  
 0.0    213.787  
 53.0    213.92  
 0.0    214.054  
 56.25    214.187  
 0.0    214.321  
 59.5    214.454  
 0.0    214.588  
 62.75    214.721  
 0.0    214.854  
 66.0    214.988  
 0.0    215.121  
 69.25    215.255  
 0.0    215.388  
 72.5    215.522  
 0.0    215.655  
 75.75    215.788  
 0.0    215.922  
 79.0    216.055  
 0.0    216.189  
 82.25    216.322  
 0.0    216.456  
 85.5    216.589  
 0.0    216.723  
 88.75    216.856  
 0.0    216.989  
 92.0    217.123  
 0.0    217.256  
 95.25    217.39  
 0.0    217.523  
 98.5    217.656  
 0.0    217.79  
 101.75    217.923  
 0.0    218.057  
 105.0    218.19  
 0.0    218.324  
 108.25    218.457  
 0.0    218.591  
 111.5    218.724  
 0.0    218.857  
 114.75    218.991  
 0.0    219.124  
 118.0    219.26  
 0.0    219.391  
 121.25    219.524  
 0.0    219.658  
 124.5    219.791  
 0.0    219.925  
 127.75    220.058  
 0.0    220.194  
 131.0    220.325  
 0.0    220.458  
 134.25    220.592  
 0.0    220.727  
 137.5    220.858  
 0.0    220.992  
 140.75    221.125  
 0.0    221.259  
 144.0    221.393  
 0.0    221.526  
 147.25    221.659  
 0.0    221.793  
 150.5    221.926  
 0.0    222.06  
 153.75    222.193  
 0.0    222.326  
 157.0    222.46  
 0.0    222.593  
 160.25    222.727  
 0.0    222.86  
 163.5    222.994  
 0.0    223.127  
 166.75    223.261  
 0.0    223.394  
 170.0    223.527  
 0.0    223.661  
 173.25    223.794  
 0.0    223.928  
 176.5    224.061  
 0.0    224.195  
 179.75    224.328  
 0.0    224.461  
 183.0    224.595  
 0.0    224.728  
 186.25    224.862  
 0.0    224.995  
 189.5    225.129  
 0.0    225.262  
 192.75    225.395  
 0.0    225.529  
 196.0    225.662  
 0.0    225.796  
 199.25    225.929  
 0.0    226.063  
 202.5    226.196  
 0.0    226.33  
 205.75    226.463  
 0.0    226.597  
 209.0    226.73  
 0.0    226.863  
 212.25    226.997  
 0.0    227.13  
 215.5    227.264  
 0.0    227.397  
 218.75    227.53  
 0.0    227.664  
 222.0    227.797  
 0.0    227.931  
 225.25    228.064  
 0.0    228.198  
 228.5    228.331  
 0.0    228.464  
 231.75    228.598  
 0.0    228.731  
 235.0    228.865  
 0.0    228.998  
 238.25    229.132  
 0.0    229.265  
 241.5    229.398  
 0.0    229.532  
 244.75    229.665  
 0.0    229.799  
 248.0    229.932  
 0.0    230.066  
 251.25    230.199  
 0.0    230.332  
 254.5    230.466  
 0.0    230.599  
 257.75    230.733  
 0.0    230.866  
 261.0    231.0  
 0.0    231.133  
 264.25    231.266  
 0.0    231.4  
 267.5    231.533  
 0.0    231.667  
 270.75    231.8  
 0.0    231.934  
 274.0    232.067  
 0.0    232.2  
 277.25    232.334  
 0.0    232.467  
 280.5    232.601  
 0.0    232.734  
 283.75    232.868  
 0.0    233.001  
 287.0    233.134  
 0.0    233.268  
 290.25    233.401  
 0.0    233.535  
 293.5    233.668  
 0.0    233.802  
 296.75    233.935  
 0.0    234.068  
 300.0    234.202  
 0.0    234.335  
 303.25    234.469  
 0.0    234.602  
 306.5    234.736  
 0.0    234.869  
 309.75    235.002  
 0.0    235.136  
 313.0    235.269  
 0.0    235.403  
 316.25    235.536  
 0.0    235.669  
 319.5    235.803  
 0.0    235.936  
 322.75    236.07  
 0.0    236.203  
 326.0    236.337  
 0.0    236.47  
 329.25    236.604  
 0.0    236.737  
 332.5    236.87  
 0.0    237.004  
 335.75    237.137  
 0.0    237.271  
 339.0    237.404  
 0.0    237.538  
 342.25    237.671  
 0.0    237.804  
 345.5    237.938  
 0.0    238.071  
 348.75    238.205  
 0.0    238.344  
 1.0    238.474  
 0.0    238.605  
 4.25    238.738  
 0.0    238.872  
 7.5    239.005  
 0.0    239.139  
 10.75    239.272  
 0.0    239.406  
 14.0    239.539  
 0.0    239.673  
 17.25    239.806  
 0.0    239.939  
 20.5    240.073  
 0.0    240.206  
 23.75    240.34  
 0.0    240.473  
 27.0    240.606  
 0.0    240.74  
 30.25    240.873  
 0.0    241.007  
 33.5    241.141  
 0.0    241.274  
 36.75    241.407  
 0.0    241.54  
 40.0    241.674  
 0.0    241.807  
 43.25    241.941  
 0.0    242.074  
 46.5    242.207  
 0.0    242.341  
 49.75    242.474  
 0.0    242.608  
 53.0    242.741  
 0.0    242.875  
 56.25    243.008  
 0.0    243.142  
 59.5    243.275  
 0.0    243.408  
 62.75    243.542  
 0.0    243.675  
 66.0    243.809  
 0.0    243.942  
 69.25    244.076  
 0.0    244.209  
 72.5    244.343  
 0.0    244.476  
 75.75    244.609  
 0.0    244.743  
 79.0    244.876  
 0.0    245.01  
 82.25    245.143  
 0.0    245.277  
 85.5    245.41  
 0.0    245.543  
 88.75    245.677  
 0.0    245.81  
 92.0    245.943  
 0.0    246.077  
 95.25    246.21  
 0.0    246.344  
 98.5    246.479  
 0.0    246.611  
 101.75    246.744  
 0.0    246.88  
 105.0    247.011  
 0.0    247.145  
 108.25    247.278  
 0.0    247.412  
 111.5    247.545  
 0.0    247.678  
 114.75    247.812  
 0.0    247.945  
 118.0    248.079  
 0.0    248.212  
 121.25    248.346  
 0.0    248.479  
 124.5    248.612  
 0.0    248.746  
 127.75    248.879  
 0.0    249.013  
 131.0    249.146  
 0.0    249.28  
 134.25    249.413  
 0.0    249.546  
 137.5    249.68  
 0.0    249.813  
 140.75    249.947  
 0.0    250.08  
 144.0    250.214  
 0.0    250.347  
 147.25    250.48  
 0.0    250.614  
 150.5    250.747  
 0.0    250.881  
 153.75    251.014  
 0.0    251.148  
 157.0    251.281  
 0.0    251.414  
 160.25    251.548  
 0.0    251.681  
 163.5    251.815  
 0.0    251.948  
 166.75    252.081  
 0.0    252.215  
 170.0    252.348  
 0.0    252.482  
 173.25    252.615  
 0.0    252.749  
 176.5    252.882  
 0.0    253.015  
 179.75    253.149  
 0.0    253.282  
 183.0    253.416  
 0.0    253.549  
 186.25    253.683  
 0.0    253.816  
 189.5    253.95  
 0.0    254.083  
 192.75    254.216  
 0.0    254.35  
 196.0    254.483  
 0.0    254.617  
 199.25    254.75  
 0.0    254.884  
 202.5    255.017  
 0.0    255.15  
 205.75    255.284  
 0.0    255.417  
 209.0    255.551  
 0.0    255.684  
 212.25    255.818  
 0.0    255.951  
 215.5    256.084  
 0.0    256.218  
 218.75    256.351  
 0.0    256.485  
 222.0    256.618  
 0.0    256.751  
 225.25    256.885  
 0.0    257.018  
 228.5    257.152  
 0.0    257.285  
 231.75    257.419  
 0.0    257.552  
 235.0    257.686  
 0.0    257.819  
 238.25    257.952  
 0.0    258.086  
 241.5    258.219  
 0.0    258.353  
 244.75    258.486  
 0.0    258.619  
 248.0    258.753  
 0.0    258.886  
 251.25    259.02  
 0.0    259.153  
 254.5    259.287  
 0.0    259.42  
 257.75    259.554  
 0.0    259.687  
 261.0    259.82  
 0.0    259.954  
 264.25    260.087  
 0.0    260.221  
 267.5    260.354  
 0.0    260.488  
 270.75    260.621  
 0.0    260.754  
 274.0    260.888  
 0.0    261.021  
 277.25    261.155  
 0.0    261.288  
 280.5    261.422  
 0.0    261.555  
 283.75    261.688  
 0.0    261.822  
 287.0    261.955  
 0.0    262.089  
 290.25    262.222  
 0.0    262.355  
 293.5    262.489  
 0.0    262.622  
 296.75    262.756  
 0.0    262.889  
 300.0    263.023  
 0.0    263.156  
 303.25    263.29  
 0.0    263.423  
 306.5    263.556  
 0.0    263.69  
 309.75    263.823  
 0.0    263.957  
 313.0    264.09  
 0.0    264.224  
 316.25    264.357  
 0.0    264.491  
 319.5    264.624  
 0.0    264.757  
 322.75    264.891  
 0.0    265.024  
 326.0    265.158  
 0.0    265.291  
 329.25    265.425  
 0.0    265.558  
 332.5    265.691  
 0.0    265.825  
 335.75    265.958  
 0.0    266.092  
 339.0    266.225  
 0.0    266.358  
 342.25    266.492  
 0.0    266.625  
 345.5    266.759  
 0.0    266.892  
 348.75    267.026  
 0.0    267.167  
 1.0    267.309  
 0.0    267.443  
 4.25    267.576  
 0.0    267.709  
 7.5    267.843  
 0.0    267.976  
 10.75    268.11  
 0.0    268.243  
 14.0    268.377  
 0.0    268.51  
 17.25    268.644  
 0.0    268.777  
 20.5    268.91  
 0.0    269.044  
 23.75    269.177  
 0.0    269.311  
 27.0    269.444  
 0.0    269.577  
 30.25    269.711  
 0.0    269.844  
 33.5    269.978  
 0.0    270.111  
 36.75    270.245  
 0.0    270.378  
 40.0    270.512  
 0.0    270.645  
 43.25    270.778  
 0.0    270.912  
 46.5    271.045  
 0.0    271.179  
 49.75    271.312  
 0.0    271.446  
 53.0    271.579  
 0.0    271.712  
 56.25    271.846  
 0.0    271.979  
 59.5    272.113  
 0.0    272.246  
 62.75    272.38  
 0.0    272.513  
 66.0    272.646  
 0.0    272.78  
 69.25    272.913  
 0.0    273.047  
 72.5    273.18  
 0.0    273.314  
 75.75    273.447  
 0.0    273.58  
 79.0    273.714  
 0.0    273.847  
 82.25    273.981  
 0.0    274.114  
 85.5    274.248  
 0.0    274.381  
 88.75    274.514  
 0.0    274.648  
 92.0    274.781  
 0.0    274.915  
 95.25    275.048  
 0.0    275.182  
 98.5    275.315  
 0.0    275.448  
 101.75    275.582  
 0.0    275.715  
 105.0    275.849  
 0.0    275.982  
 108.25    276.116  
 0.0    276.249  
 111.5    276.382  
 0.0    276.516  
 114.75    276.649  
 0.0    276.783  
 118.0    276.916  
 0.0    277.05  
 121.25    277.183  
 0.0    277.316  
 124.5    277.45  
 0.0    277.583  
 127.75    277.717  
 0.0    277.85  
 131.0    277.984  
 0.0    278.117  
 134.25    278.251  
 0.0    278.384  
 137.5    278.517  
 0.0    278.651  
 140.75    278.784  
 0.0    278.918  
 144.0    279.051  
 0.0    279.185  
 147.25    279.318  
 0.0    279.451  
 150.5    279.585  
 0.0    279.718  
 153.75    279.851  
 0.0    279.985  
 157.0    280.118  
 0.0    280.252  
 160.25    280.385  
 0.0    280.519  
 163.5    280.652  
 0.0    280.786  
 166.75    280.919  
 0.0    281.052  
 170.0    281.186  
 0.0    281.319  
 173.25    281.453  
 0.0    281.586  
 176.5    281.72  
 0.0    281.853  
 179.75    281.986  
 0.0    282.12  
 183.0    282.253  
 0.0    282.387  
 186.25    282.52  
 0.0    282.654  
 189.5    282.787  
 0.0    282.921  
 192.75    283.054  
 0.0    283.187  
 196.0    283.321  
 0.0    283.454  
 199.25    283.588  
 0.0    283.721  
 202.5    283.854  
 0.0    283.991  
 205.75    284.122  
 0.0    284.255  
 209.0    284.388  
 0.0    284.522  
 212.25    284.655  
 0.0    284.789  
 215.5    284.922  
 0.0    285.055  
 218.75    285.189  
 0.0    285.322  
 222.0    285.455  
 0.0    285.589  
 225.25    285.722  
 0.0    285.856  
 228.5    285.989  
 0.0    286.123  
 231.75    286.258  
 0.0    286.389  
 235.0    286.523  
 0.0    286.657  
 238.25    286.79  
 0.0    286.923  
 241.5    287.057  
 0.0    287.19  
 244.75    287.324  
 0.0    287.457  
 248.0    287.591  
 0.0    287.724  
 251.25    287.857  
 0.0    287.991  
 254.5    288.124  
 0.0    288.258  
 257.75    288.391  
 0.0    288.525  
 261.0    288.658  
 0.0    288.792  
 264.25    288.925  
 0.0    289.058  
 267.5    289.192  
 0.0    289.325  
 270.75    289.459  
 0.0    289.592  
 274.0    289.726  
 0.0    289.859  
 277.25    289.993  
 0.0    290.126  
 280.5    290.259  
 0.0    290.393  
 283.75    290.526  
 0.0    290.659  
 287.0    290.793  
 0.0    290.926  
 290.25    291.06  
 0.0    291.193  
 293.5    291.327  
 0.0    291.46  
 296.75    291.594  
 0.0    291.727  
 300.0    291.86  
 0.0    291.994  
 303.25    292.127  
 0.0    292.261  
 306.5    292.394  
 0.0    292.528  
 309.75    292.661  
 0.0    292.794  
 313.0    292.928  
 0.0    293.061  
 316.25    293.195  
 0.0    293.328  
 319.5    293.462  
 0.0    293.595  
 322.75    293.728  
 0.0    293.862  
 326.0    293.995  
 0.0    294.129  
 329.25    294.262  
 0.0    294.396  
 332.5    294.529  
 0.0    294.662  
 335.75    294.796  
 0.0    294.929  
 339.0    295.063  
 0.0    295.196  
 342.25    295.33  
 0.0    295.463  
 345.5    295.596  
 0.0    295.73  
 348.75    295.863  
 0.0    296.005  
 1.0    296.147  
 0.0    296.28  
 4.25    296.414  
 0.0    296.547  
 7.5    296.681  
 0.0    296.814  
 10.75    296.947  
 0.0    297.081  
 14.0    297.214  
 0.0    297.348  
 17.25    297.481  
 0.0    297.615  
 20.5    297.748  
 0.0    297.881  
 23.75    298.015  
 0.0    298.148  
 27.0    298.282  
 0.0    298.415  
 30.25    298.548  
 0.0    298.682  
 33.5    298.817  
 0.0    298.949  
 36.75    299.082  
 0.0    299.216  
 40.0    299.349  
 0.0    299.482  
 43.25    299.618  
 0.0    299.75  
 46.5    299.883  
 0.0    300.016  
 49.75    300.15  
 0.0    300.283  
 53.0    300.417  
 0.0    300.55  
 56.25    300.683  
 0.0    300.817  
 59.5    300.95  
 0.0    301.084  
 62.75    301.217  
 0.0    301.351  
 66.0    301.484  
 0.0    301.617  
 69.25    301.751  
 0.0    301.884  
 72.5    302.018  
 0.0    302.151  
 75.75    302.284  
 0.0    302.418  
 79.0    302.551  
 0.0    302.685  
 82.25    302.818  
 0.0    302.952  
 85.5    303.085  
 0.0    303.218  
 88.75    303.352  
 0.0    303.486  
 92.0    303.619  
 0.0    303.752  
 95.25    303.886  
 0.0    304.019  
 98.5    304.153  
 0.0    304.286  
 101.75    304.419  
 0.0    304.553  
 105.0    304.686  
 0.0    304.82  
 108.25    304.953  
 0.0    305.087  
 111.5    305.22  
 0.0    305.353  
 114.75    305.487  
 0.0    305.62  
 118.0    305.754  
 0.0    305.887  
 121.25    306.021  
 0.0    306.154  
 124.5    306.288  
 0.0    306.421  
 127.75    306.554  
 0.0    306.688  
 131.0    306.821  
 0.0    306.955  
 134.25    307.088  
 0.0    307.221  
 137.5    307.355  
 0.0    307.488  
 140.75    307.622  
 0.0    307.755  
 144.0    307.889  
 0.0    308.022  
 147.25    308.155  
 0.0    308.289  
 150.5    308.422  
 0.0    308.556  
 153.75    308.689  
 0.0    308.823  
 157.0    308.956  
 0.0    309.089  
 160.25    309.223  
 0.0    309.356  
 163.5    309.49  
 0.0    309.623  
 166.75    309.757  
 0.0    309.89  
 170.0    310.024  
 0.0    310.157  
 173.25    310.291  
 0.0    310.424  
 176.5    310.557  
 0.0    310.691  
 179.75    310.824  
 0.0    310.958  
 183.0    311.091  
 0.0    311.225  
 186.25    311.358  
 0.0    311.491  
 189.5    311.625  
 0.0    311.758  
 192.75    311.892  
 0.0    312.025  
 196.0    312.158  
 0.0    312.292  
 199.25    312.425  
 0.0    312.559  
 202.5    312.692  
 0.0    312.825  
 205.75    312.959  
 0.0    313.092  
 209.0    313.226  
 0.0    313.36  
 212.25    313.493  
 0.0    313.626  
 215.5    313.76  
 0.0    313.893  
 218.75    314.027  
 0.0    314.16  
 222.0    314.293  
 0.0    314.427  
 225.25    314.56  
 0.0    314.694  
 228.5    314.827  
 0.0    314.96  
 231.75    315.094  
 0.0    315.227  
 235.0    315.361  
 0.0    315.494  
 238.25    315.628  
 0.0    315.761  
 241.5    315.894  
 0.0    316.028  
 244.75    316.161  
 0.0    316.295  
 248.0    316.428  
 0.0    316.562  
 251.25    316.695  
 0.0    316.828  
 254.5    316.962  
 0.0    317.095  
 257.75    317.229  
 0.0    317.362  
 261.0    317.496  
 0.0    317.629  
 264.25    317.763  
 0.0    317.896  
 267.5    318.029  
 0.0    318.163  
 270.75    318.296  
 0.0    318.43  
 274.0    318.563  
 0.0    318.696  
 277.25    318.83  
 0.0    318.963  
 280.5    319.097  
 0.0    319.23  
 283.75    319.364  
 0.0    319.497  
 287.0    319.631  
 0.0    319.764  
 290.25    319.897  
 0.0    320.031  
 293.5    320.164  
 0.0    320.298  
 296.75    320.431  
 0.0    320.565  
 300.0    320.698  
 0.0    320.831  
 303.25    320.965  
 0.0    321.098  
 306.5    321.232  
 0.0    321.365  
 309.75    321.499  
 0.0    321.632  
 313.0    321.766  
 0.0    321.899  
 316.25    322.032  
 0.0    322.166  
 319.5    322.299  
 0.0    322.432  
 322.75    322.566  
 0.0    322.699  
 326.0    322.833  
 0.0    322.967  
 329.25    323.1  
 0.0    323.233  
 332.5    323.367  
 0.0    323.5  
 335.75    323.633  
 0.0    323.767  
 339.0    323.9  
 0.0    324.034  
 342.25    324.167  
 0.0    324.301  
 345.5    324.434  
 0.0    324.567  
 348.75    324.7  
