 type    delay1    delay2    T    NT1    NT2    Dist    Dist_NT1    Dist_NT2    distance_T_dist    cue    order    orient    horiz_vertical    A_R    A_err    Abs_angle_error    Error_interference    A_DC    A_DC_dist    Q_DC    A_DF    A_DF_dist    Q_DF    A_DVF    Q_DVF    A_DVF_dist    Q_DVF_dist    presentation_att_cue_time    presentation_target_time    presentation_dist_time    presentation_probe_time    R_T    trial_time    disp_time  
 1.0    7.0    12.0    139.0    40.0    307.0    157.7    62.7    235.0    18.7    2.0    2.0    1.0    1.0    128.0    11.0    11.0    -11.0    139.0    157.7    2.0    40.0    62.7    1.0    307.0    4.0    235.0    3.0    40.371    48.767    41.411    61.121    5.029    66.151    21.25  
 3.0    7.0    5.0    129.0    319.0    249.0    59.0    304.9    222.1    70.0    2.0    1.0    0.0    0.0    126.0    3.0    3.0    3.0    319.0    304.9    4.0    249.0    222.1    3.0    129.0    2.0    59.0    1.0    66.788    67.801    75.158    80.511    5.02    85.531    14.222  
 1.0    0.2    11.8    222.0    128.0    315.0    238.0    151.5    61.0    16.0    3.0    1.0    1.0    0.0    213.0    9.0    9.0    -9.0    222.0    238.0    3.0    128.0    151.5    2.0    315.0    4.0    61.0    1.0    86.168    87.179    87.735    99.889    5.023    104.912    14.219  
 1.0    0.2    11.8    298.0    213.0    119.0    313.9    235.6    22.0    15.9    4.0    1.0    1.0    0.0    262.0    36.0    36.0    -36.0    298.0    313.9    4.0    213.0    235.6    3.0    119.0    2.0    22.0    1.0    105.55    106.562    107.118    119.273    5.019    124.293    14.222  
 3.0    7.0    12.0    308.0    126.0    53.0    249.0    115.7    32.3    59.0    4.0    2.0    0.0    1.0    306.0    2.0    2.0    2.0    126.0    115.7    2.0    53.0    32.3    1.0    308.0    4.0    249.0    3.0    124.929    133.295    125.941    145.651    5.027    150.678    21.22  
 3.0    0.2    11.8    120.0    29.0    295.0    239.0    39.5    316.0    119.0    2.0    1.0    0.0    1.0    112.0    8.0    8.0    -8.0    29.0    39.5    1.0    295.0    316.0    4.0    120.0    2.0    239.0    3.0    151.316    152.328    152.884    165.038    5.021    170.059    14.221  
 3.0    0.2    12.0    297.0    62.0    154.0    236.0    43.0    133.6    61.0    4.0    2.0    0.0    1.0    295.0    2.0    2.0    2.0    62.0    43.0    1.0    154.0    133.6    2.0    297.0    4.0    236.0    3.0    170.697    172.265    171.709    184.62    5.02    189.64    14.422  
 3.0    0.2    12.0    134.0    304.0    245.0    50.0    292.9    218.5    84.0    2.0    2.0    0.0    0.0    127.0    7.0    7.0    7.0    304.0    292.9    4.0    245.0    218.5    3.0    134.0    2.0    50.0    1.0    190.278    191.846    191.29    204.2    5.021    209.221    14.421  
 3.0    7.0    5.0    158.0    32.0    241.0    305.0    21.0    221.0    147.0    2.0    1.0    0.0    1.0    154.0    4.0    4.0    -4.0    32.0    21.0    1.0    241.0    221.0    3.0    158.0    2.0    305.0    4.0    209.858    210.87    218.226    223.582    5.02    228.601    14.222  
 3.0    0.2    12.0    218.0    156.0    328.0    49.0    140.6    298.5    169.0    3.0    2.0    0.0    0.0    215.0    3.0    3.0    3.0    156.0    140.6    2.0    328.0    298.5    4.0    218.0    3.0    49.0    1.0    229.238    230.806    230.25    243.161    5.021    248.182    14.421  
 3.0    7.0    12.0    50.0    209.0    130.0    301.0    228.0    158.0    109.0    1.0    2.0    0.0    1.0    54.0    -4.0    4.0    -4.0    209.0    228.0    3.0    130.0    158.0    2.0    50.0    1.0    301.0    4.0    248.82    257.188    249.832    269.542    5.026    274.568    21.22  
 1.0    7.0    5.0    301.0    121.0    37.0    316.3    148.9    237.0    15.3    4.0    1.0    1.0    0.0    303.0    -2.0    2.0    2.0    301.0    316.3    4.0    121.0    148.9    2.0    37.0    1.0    237.0    3.0    275.205    276.217    283.572    288.926    5.022    293.949    14.219  
 3.0    0.2    11.8    310.0    209.0    29.0    146.0    228.5    49.9    164.0    4.0    1.0    0.0    0.0    313.0    -3.0    3.0    -3.0    209.0    228.5    3.0    29.0    49.9    1.0    310.0    4.0    146.0    2.0    294.585    295.597    296.153    308.308    5.021    313.329    14.22  
 1.0    0.2    12.0    61.0    223.0    111.0    47.7    201.8    312.0    13.3    1.0    2.0    -1.0    1.0    66.0    -5.0    5.0    -5.0    61.0    47.7    1.0    223.0    201.8    3.0    111.0    2.0    312.0    4.0    313.966    315.535    314.978    327.889    5.021    332.91    14.421  
 1.0    7.0    12.0    156.0    61.0    321.0    145.7    38.1    241.0    10.3    2.0    2.0    -1.0    0.0    153.0    3.0    3.0    3.0    156.0    145.7    2.0    61.0    38.1    1.0    321.0    4.0    241.0    3.0    333.548    341.916    334.561    354.269    5.026    359.296    21.22  
 3.0    7.0    5.0    28.0    221.0    339.0    145.0    205.7    317.8    117.0    1.0    1.0    0.0    1.0    15.0    13.0    13.0    -13.0    221.0    205.7    3.0    339.0    317.8    4.0    28.0    1.0    145.0    2.0    359.933    360.946    368.302    373.656    5.021    378.677    14.221  
 1.0    0.2    11.8    139.0    34.0    314.0    152.4    54.5    208.0    13.4    2.0    1.0    1.0    1.0    131.0    8.0    8.0    -8.0    139.0    152.4    2.0    34.0    54.5    1.0    314.0    4.0    208.0    3.0    379.315    380.327    380.882    393.036    5.021    398.057    14.22  
 1.0    0.2    12.0    312.0    42.0    119.0    322.3    63.5    240.0    10.3    4.0    2.0    1.0    0.0    311.0    1.0    1.0    -1.0    312.0    322.3    4.0    42.0    63.5    1.0    119.0    2.0    240.0    3.0    398.695    400.262    399.706    412.616    5.022    417.638    14.42  
 3.0    7.0    12.0    310.0    138.0    37.0    245.0    152.8    58.5    65.0    4.0    2.0    0.0    1.0    312.0    -2.0    2.0    -2.0    138.0    152.8    2.0    37.0    58.5    1.0    310.0    4.0    245.0    3.0    418.276    426.644    419.288    438.999    5.025    444.024    21.221  
 3.0    0.2    12.0    65.0    210.0    130.0    329.0    221.7    155.6    96.0    1.0    2.0    0.0    1.0    58.0    7.0    7.0    7.0    210.0    221.7    3.0    130.0    155.6    2.0    65.0    1.0    329.0    4.0    444.661    446.228    445.672    458.582    5.023    463.605    14.419  
 3.0    0.2    11.8    45.0    154.0    330.0    236.0    139.1    301.9    169.0    1.0    1.0    0.0    0.0    60.0    -15.0    15.0    -15.0    154.0    139.1    2.0    330.0    301.9    4.0    45.0    1.0    236.0    3.0    464.243    465.255    465.811    477.965    5.02    482.985    14.221  
 3.0    7.0    5.0    334.0    135.0    39.0    229.0    151.9    64.9    105.0    4.0    1.0    0.0    0.0    337.0    -3.0    3.0    -3.0    135.0    151.9    2.0    39.0    64.9    1.0    334.0    4.0    229.0    3.0    483.623    484.635    491.992    497.345    5.021    502.366    14.22  
 3.0    0.2    11.8    235.0    143.0    330.0    40.0    128.0    302.0    165.0    3.0    1.0    0.0    0.0    237.0    -2.0    2.0    2.0    143.0    128.0    2.0    330.0    302.0    4.0    235.0    3.0    40.0    1.0    503.003    504.014    504.57    516.724    5.023    521.747    14.219  
 1.0    0.2    12.0    141.0    239.0    311.0    130.4    213.6    29.0    10.6    2.0    2.0    -1.0    0.0    164.0    -23.0    23.0    -23.0    141.0    130.4    2.0    239.0    213.6    3.0    311.0    4.0    29.0    1.0    522.383    523.951    523.395    536.304    5.023    541.328    14.418  
 1.0    0.2    11.8    69.0    328.0    127.0    49.6    299.9    217.0    19.4    1.0    1.0    -1.0    1.0    66.0    3.0    3.0    3.0    69.0    49.6    1.0    328.0    299.9    4.0    127.0    2.0    217.0    3.0    541.966    542.978    543.534    555.688    5.02    560.708    14.222  
 1.0    0.2    12.0    132.0    293.0    22.0    151.5    319.6    232.0    19.5    2.0    2.0    1.0    0.0    117.0    15.0    15.0    -15.0    132.0    151.5    2.0    293.0    319.6    4.0    22.0    1.0    232.0    3.0    561.347    562.915    562.359    575.269    5.02    580.289    14.422  
 3.0    0.2    11.8    21.0    303.0    136.0    220.0    291.5    115.4    161.0    1.0    1.0    0.0    1.0    7.0    14.0    14.0    14.0    303.0    291.5    4.0    136.0    115.4    2.0    21.0    1.0    220.0    3.0    580.927    581.939    582.494    594.648    5.022    599.67    14.22  
 1.0    0.2    12.0    138.0    304.0    29.0    150.5    331.4    222.0    12.5    2.0    2.0    1.0    0.0    157.0    -19.0    19.0    19.0    138.0    150.5    2.0    304.0    331.4    4.0    29.0    1.0    222.0    3.0    600.307    601.874    601.319    614.228    5.022    619.251    14.42  
 39.75    39.75    39.75    39.75    39.75    39.75    39.75    39.75    39.75    39.75    39.75    39.75    39.75    39.75    39.75    39.75    39.75    39.75    39.75    39.75    39.75    39.75    39.75    39.75    39.75    39.75    39.75    39.75    39.75    39.75    39.75    39.75    39.75    39.75    39.75  
