 32.158    32.158  
 0.0    32.175  
 4.0    32.308  
 0.0    32.442  
 4.15384615385    32.575  
 0.0    32.709  
 4.30769230769    32.842  
 0.0    32.975  
 4.46153846154    33.108  
 0.0    33.242  
 4.61538461538    33.375  
 0.0    33.509  
 4.76923076923    33.642  
 0.0    33.776  
 4.92307692308    33.909  
 0.0    34.043  
 5.07692307692    34.176  
 0.0    34.31  
 5.23076923077    34.443  
 0.0    34.577  
 5.38461538462    34.71  
 0.0    34.844  
 5.53846153846    34.977  
 0.0    35.11  
 5.69230769231    35.243  
 0.0    35.377  
 5.84615384615    35.51  
 0.0    35.644  
 6.0    35.777  
 0.0    35.911  
 6.15384615385    36.044  
 0.0    36.178  
 6.30769230769    36.311  
 0.0    36.445  
 6.46153846154    36.578  
 0.0    36.712  
 6.61538461538    36.845  
 0.0    36.978  
 6.76923076923    37.111  
 0.0    37.245  
 6.92307692308    37.378  
 0.0    37.512  
 7.07692307692    37.646  
 0.0    37.779  
 7.23076923077    37.912  
 0.0    38.046  
 7.38461538462    38.179  
 0.0    38.313  
 7.53846153846    38.446  
 0.0    38.579  
 7.69230769231    38.713  
 0.0    38.846  
 7.84615384615    38.979  
 0.0    39.113  
 8.0    39.246  
 0.0    39.38  
 8.15384615385    39.513  
 0.0    39.647  
 8.30769230769    39.78  
 0.0    39.914  
 8.46153846154    40.047  
 0.0    40.181  
 8.61538461538    40.314  
 0.0    40.447  
 8.76923076923    40.581  
 0.0    40.718  
 8.92307692308    40.85  
 0.0    40.984  
 9.07692307692    41.116  
 0.0    41.249  
 9.23076923077    41.381  
 0.0    41.515  
 9.38461538462    41.648  
 0.0    41.782  
 9.53846153846    41.915  
 0.0    42.049  
 9.69230769231    42.182  
 0.0    42.316  
 9.84615384615    42.449  
 0.0    42.582  
 10.0    42.716  
 0.0    42.849  
 10.1538461538    42.983  
 0.0    43.116  
 10.3076923077    43.25  
 0.0    43.383  
 10.4615384615    43.516  
 0.0    43.65  
 10.6153846154    43.783  
 0.0    43.917  
 10.7692307692    44.05  
 0.0    44.184  
 10.9230769231    44.318  
 0.0    44.45  
 11.0769230769    44.584  
 0.0    44.717  
 11.2307692308    44.851  
 0.0    44.984  
 11.3846153846    45.117  
 0.0    45.251  
 11.5384615385    45.384  
 0.0    45.518  
 11.6923076923    45.651  
 0.0    45.784  
 11.8461538462    45.918  
 0.0    46.052  
 12.0    46.185  
 0.0    46.318  
 12.1538461538    46.452  
 0.0    46.585  
 12.3076923077    46.719  
 0.0    46.852  
 12.4615384615    46.986  
 0.0    47.119  
 12.6153846154    47.252  
 0.0    47.386  
 12.7692307692    47.519  
 0.0    47.654  
 12.9230769231    47.787  
 0.0    47.919  
 13.0769230769    48.053  
 0.0    48.186  
 13.2307692308    48.32  
 0.0    48.453  
 13.3846153846    48.587  
 0.0    48.72  
 13.5384615385    48.854  
 0.0    48.987  
 13.6923076923    49.12  
 0.0    49.254  
 13.8461538462    49.387  
 0.0    49.521  
 14.0    49.654  
 0.0    49.788  
 14.1538461538    49.921  
 0.0    50.054  
 14.3076923077    50.188  
 0.0    50.321  
 14.4615384615    50.455  
 0.0    50.588  
 14.6153846154    50.722  
 0.0    50.855  
 14.7692307692    50.989  
 0.0    51.122  
 14.9230769231    51.255  
 0.0    51.389  
 15.0769230769    51.522  
 0.0    51.656  
 15.2307692308    51.789  
 0.0    51.922  
 15.3846153846    52.056  
 0.0    52.189  
 15.5384615385    52.323  
 0.0    52.456  
 15.6923076923    52.59  
 0.0    52.723  
 15.8461538462    52.857  
 0.0    52.99  
 16.0    53.124  
 0.0    53.257  
 16.1538461538    53.39  
 0.0    53.524  
 16.3076923077    53.657  
 0.0    53.79  
 16.4615384615    53.924  
 0.0    54.057  
 16.6153846154    54.191  
 0.0    54.325  
 16.7692307692    54.458  
 0.0    54.591  
 16.9230769231    54.724  
 0.0    54.858  
 17.0769230769    54.991  
 0.0    55.125  
 17.2307692308    55.258  
 0.0    55.392  
 17.3846153846    55.525  
 0.0    55.658  
 17.5384615385    55.792  
 0.0    55.925  
 17.6923076923    56.059  
 0.0    56.192  
 17.8461538462    56.326  
 0.0    56.459  
 18.0    56.593  
 0.0    56.726  
 18.1538461538    56.859  
 0.0    56.993  
 18.3076923077    57.126  
 0.0    57.26  
 18.4615384615    57.393  
 0.0    57.526  
 18.6153846154    57.661  
 0.0    57.794  
 18.7692307692    57.927  
 0.0    58.06  
 18.9230769231    58.194  
 0.0    58.327  
 19.0769230769    58.461  
 0.0    58.594  
 19.2307692308    58.728  
 0.0    58.861  
 19.3846153846    58.994  
 0.0    59.128  
 19.5384615385    59.261  
 0.0    59.395  
 19.6923076923    59.528  
 0.0    59.661  
 19.8461538462    59.795  
 0.0    59.937  
 4.0    60.078  
 0.0    60.211  
 4.15384615385    60.345  
 0.0    60.478  
 4.30769230769    60.612  
 0.0    60.745  
 4.46153846154    60.879  
 0.0    61.014  
 4.61538461538    61.147  
 0.0    61.28  
 4.76923076923    61.413  
 0.0    61.546  
 4.92307692308    61.679  
 0.0    61.813  
 5.07692307692    61.946  
 0.0    62.08  
 5.23076923077    62.213  
 0.0    62.347  
 5.38461538462    62.48  
 0.0    62.614  
 5.53846153846    62.747  
 0.0    62.88  
 5.69230769231    63.013  
 0.0    63.147  
 5.84615384615    63.28  
 0.0    63.414  
 6.0    63.547  
 0.0    63.681  
 6.15384615385    63.814  
 0.0    63.948  
 6.30769230769    64.081  
 0.0    64.215  
 6.46153846154    64.349  
 0.0    64.482  
 6.61538461538    64.615  
 0.0    64.748  
 6.76923076923    64.881  
 0.0    65.015  
 6.92307692308    65.148  
 0.0    65.282  
 7.07692307692    65.415  
 0.0    65.549  
 7.23076923077    65.682  
 0.0    65.816  
 7.38461538462    65.949  
 0.0    66.083  
 7.53846153846    66.216  
 0.0    66.35  
 7.69230769231    66.483  
 0.0    66.617  
 7.84615384615    66.75  
 0.0    66.883  
 8.0    67.016  
 0.0    67.15  
 8.15384615385    67.283  
 0.0    67.419  
 8.30769230769    67.552  
 0.0    67.686  
 8.46153846154    67.819  
 0.0    67.952  
 8.61538461538    68.085  
 0.0    68.218  
 8.76923076923    68.351  
 0.0    68.484  
 8.92307692308    68.618  
 0.0    68.751  
 9.07692307692    68.884  
 0.0    69.018  
 9.23076923077    69.151  
 0.0    69.285  
 9.38461538462    69.418  
 0.0    69.552  
 9.53846153846    69.685  
 0.0    69.819  
 9.69230769231    69.952  
 0.0    70.086  
 9.84615384615    70.219  
 0.0    70.352  
 10.0    70.486  
 0.0    70.619  
 10.1538461538    70.752  
 0.0    70.886  
 10.3076923077    71.02  
 0.0    71.153  
 10.4615384615    71.286  
 0.0    71.42  
 10.6153846154    71.553  
 0.0    71.687  
 10.7692307692    71.82  
 0.0    71.954  
 10.9230769231    72.087  
 0.0    72.22  
 11.0769230769    72.354  
 0.0    72.487  
 11.2307692308    72.62  
 0.0    72.754  
 11.3846153846    72.887  
 0.0    73.021  
 11.5384615385    73.154  
 0.0    73.288  
 11.6923076923    73.421  
 0.0    73.555  
 11.8461538462    73.688  
 0.0    73.822  
 12.0    73.955  
 0.0    74.088  
 12.1538461538    74.222  
 0.0    74.356  
 12.3076923077    74.489  
 0.0    74.622  
 12.4615384615    74.755  
 0.0    74.889  
 12.6153846154    75.022  
 0.0    75.156  
 12.7692307692    75.289  
 0.0    75.423  
 12.9230769231    75.556  
 0.0    75.69  
 13.0769230769    75.823  
 0.0    75.957  
 13.2307692308    76.09  
 0.0    76.223  
 13.3846153846    76.357  
 0.0    76.49  
 13.5384615385    76.624  
 0.0    76.757  
 13.6923076923    76.89  
 0.0    77.024  
 13.8461538462    77.157  
 0.0    77.291  
 14.0    77.424  
 0.0    77.558  
 14.1538461538    77.692  
 0.0    77.825  
 14.3076923077    77.958  
 0.0    78.091  
 14.4615384615    78.225  
 0.0    78.358  
 14.6153846154    78.492  
 0.0    78.625  
 14.7692307692    78.759  
 0.0    78.892  
 14.9230769231    79.026  
 0.0    79.159  
 15.0769230769    79.292  
 0.0    79.426  
 15.2307692308    79.559  
 0.0    79.693  
 15.3846153846    79.826  
 0.0    79.959  
 15.5384615385    80.093  
 0.0    80.226  
 15.6923076923    80.36  
 0.0    80.493  
 15.8461538462    80.627  
 0.0    80.76  
 16.0    80.894  
 0.0    81.028  
 16.1538461538    81.161  
 0.0    81.294  
 16.3076923077    81.428  
 0.0    81.561  
 16.4615384615    81.694  
 0.0    81.827  
 16.6153846154    81.961  
 0.0    82.094  
 16.7692307692    82.228  
 0.0    82.361  
 16.9230769231    82.495  
 0.0    82.628  
 17.0769230769    82.762  
 0.0    82.895  
 17.2307692308    83.029  
 0.0    83.162  
 17.3846153846    83.295  
 0.0    83.429  
 17.5384615385    83.562  
 0.0    83.696  
 17.6923076923    83.829  
 0.0    83.962  
 17.8461538462    84.096  
 0.0    84.229  
 18.0    84.363  
 0.0    84.496  
 18.1538461538    84.63  
 0.0    84.763  
 18.3076923077    84.897  
 0.0    85.03  
 18.4615384615    85.163  
 0.0    85.297  
 18.6153846154    85.43  
 0.0    85.564  
 18.7692307692    85.697  
 0.0    85.83  
 18.9230769231    85.964  
 0.0    86.097  
 19.0769230769    86.231  
 0.0    86.364  
 19.2307692308    86.498  
 0.0    86.631  
 19.3846153846    86.765  
 0.0    86.898  
 19.5384615385    87.031  
 0.0    87.165  
 19.6923076923    87.298  
 0.0    87.431  
 19.8461538462    87.565  
 0.0    87.709  
 4.0    87.848  
 0.0    87.982  
 4.15384615385    88.115  
 0.0    88.249  
 4.30769230769    88.382  
 0.0    88.516  
 4.46153846154    88.649  
 0.0    88.782  
 4.61538461538    88.916  
 0.0    89.049  
 4.76923076923    89.183  
 0.0    89.316  
 4.92307692308    89.45  
 0.0    89.583  
 5.07692307692    89.716  
 0.0    89.85  
 5.23076923077    89.983  
 0.0    90.117  
 5.38461538462    90.25  
 0.0    90.384  
 5.53846153846    90.517  
 0.0    90.651  
 5.69230769231    90.784  
 0.0    90.917  
 5.84615384615    91.051  
 0.0    91.184  
 6.0    91.317  
 0.0    91.451  
 6.15384615385    91.584  
 0.0    91.718  
 6.30769230769    91.851  
 0.0    91.985  
 6.46153846154    92.118  
 0.0    92.252  
 6.61538461538    92.385  
 0.0    92.519  
 6.76923076923    92.652  
 0.0    92.785  
 6.92307692308    92.919  
 0.0    93.052  
 7.07692307692    93.185  
 0.0    93.319  
 7.23076923077    93.452  
 0.0    93.586  
 7.38461538462    93.719  
 0.0    93.853  
 7.53846153846    93.986  
 0.0    94.12  
 7.69230769231    94.253  
 0.0    94.387  
 7.84615384615    94.52  
 0.0    94.654  
 8.0    94.787  
 0.0    94.92  
 8.15384615385    95.053  
 0.0    95.187  
 8.30769230769    95.321  
 0.0    95.454  
 8.46153846154    95.587  
 0.0    95.721  
 8.61538461538    95.854  
 0.0    95.988  
 8.76923076923    96.121  
 0.0    96.255  
 8.92307692308    96.388  
 0.0    96.522  
 9.07692307692    96.655  
 0.0    96.788  
 9.23076923077    96.922  
 0.0    97.055  
 9.38461538462    97.189  
 0.0    97.322  
 9.53846153846    97.455  
 0.0    97.589  
 9.69230769231    97.723  
 0.0    97.857  
 9.84615384615    97.99  
 0.0    98.123  
 10.0    98.256  
 0.0    98.389  
 10.1538461538    98.523  
 0.0    98.656  
 10.3076923077    98.79  
 0.0    98.923  
 10.4615384615    99.056  
 0.0    99.19  
 10.6153846154    99.323  
 0.0    99.457  
 10.7692307692    99.59  
 0.0    99.724  
 10.9230769231    99.857  
 0.0    99.991  
 11.0769230769    100.124  
 0.0    100.258  
 11.2307692308    100.391  
 0.0    100.524  
 11.3846153846    100.657  
 0.0    100.791  
 11.5384615385    100.924  
 0.0    101.059  
 11.6923076923    101.192  
 0.0    101.325  
 11.8461538462    101.458  
 0.0    101.592  
 12.0    101.725  
 0.0    101.859  
 12.1538461538    101.992  
 0.0    102.126  
 12.3076923077    102.259  
 0.0    102.392  
 12.4615384615    102.526  
 0.0    102.659  
 12.6153846154    102.792  
 0.0    102.926  
 12.7692307692    103.059  
 0.0    103.193  
 12.9230769231    103.326  
 0.0    103.46  
 13.0769230769    103.593  
 0.0    103.727  
 13.2307692308    103.86  
 0.0    103.993  
 13.3846153846    104.127  
 0.0    104.26  
 13.5384615385    104.395  
 0.0    104.528  
 13.6923076923    104.661  
 0.0    104.794  
 13.8461538462    104.927  
 0.0    105.061  
 14.0    105.194  
 0.0    105.328  
 14.1538461538    105.461  
 0.0    105.595  
 14.3076923077    105.728  
 0.0    105.861  
 14.4615384615    105.995  
 0.0    106.128  
 14.6153846154    106.262  
 0.0    106.395  
 14.7692307692    106.528  
 0.0    106.662  
 14.9230769231    106.796  
 0.0    106.929  
 15.0769230769    107.063  
 0.0    107.196  
 15.2307692308    107.329  
 0.0    107.463  
 15.3846153846    107.596  
 0.0    107.731  
 15.5384615385    107.864  
 0.0    107.997  
 15.6923076923    108.13  
 0.0    108.263  
 15.8461538462    108.397  
 0.0    108.53  
 16.0    108.664  
 0.0    108.797  
 16.1538461538    108.931  
 0.0    109.064  
 16.3076923077    109.198  
 0.0    109.331  
 16.4615384615    109.464  
 0.0    109.598  
 16.6153846154    109.731  
 0.0    109.864  
 16.7692307692    109.998  
 0.0    110.131  
 16.9230769231    110.265  
 0.0    110.398  
 17.0769230769    110.532  
 0.0    110.665  
 17.2307692308    110.799  
 0.0    110.932  
 17.3846153846    111.067  
 0.0    111.2  
 17.5384615385    111.333  
 0.0    111.466  
 17.6923076923    111.6  
 0.0    111.733  
 17.8461538462    111.866  
 0.0    111.999  
 18.0    112.133  
 0.0    112.266  
 18.1538461538    112.4  
 0.0    112.533  
 18.3076923077    112.667  
 0.0    112.8  
 18.4615384615    112.934  
 0.0    113.067  
 18.6153846154    113.2  
 0.0    113.333  
 18.7692307692    113.467  
 0.0    113.6  
 18.9230769231    113.734  
 0.0    113.867  
 19.0769230769    114.001  
 0.0    114.134  
 19.2307692308    114.268  
 0.0    114.402  
 19.3846153846    114.535  
 0.0    114.668  
 19.5384615385    114.801  
 0.0    114.935  
 19.6923076923    115.068  
 0.0    115.202  
 19.8461538462    115.335  
 0.0    115.479  
 4.0    115.618  
 0.0    115.752  
 4.15384615385    115.886  
 0.0    116.019  
 4.30769230769    116.152  
 0.0    116.286  
 4.46153846154    116.419  
 0.0    116.553  
 4.61538461538    116.686  
 0.0    116.82  
 4.76923076923    116.953  
 0.0    117.086  
 4.92307692308    117.22  
 0.0    117.353  
 5.07692307692    117.487  
 0.0    117.62  
 5.23076923077    117.755  
 0.0    117.887  
 5.38461538462    118.02  
 0.0    118.154  
 5.53846153846    118.287  
 0.0    118.421  
 5.69230769231    118.554  
 0.0    118.687  
 5.84615384615    118.821  
 0.0    118.954  
 6.0    119.088  
 0.0    119.221  
 6.15384615385    119.355  
 0.0    119.488  
 6.30769230769    119.621  
 0.0    119.755  
 6.46153846154    119.888  
 0.0    120.022  
 6.61538461538    120.155  
 0.0    120.289  
 6.76923076923    120.422  
 0.0    120.555  
 6.92307692308    120.689  
 0.0    120.822  
 7.07692307692    120.956  
 0.0    121.09  
 7.23076923077    121.223  
 0.0    121.356  
 7.38461538462    121.49  
 0.0    121.623  
 7.53846153846    121.756  
 0.0    121.89  
 7.69230769231    122.023  
 0.0    122.157  
 7.84615384615    122.29  
 0.0    122.424  
 8.0    122.557  
 0.0    122.69  
 8.15384615385    122.824  
 0.0    122.957  
 8.30769230769    123.091  
 0.0    123.224  
 8.46153846154    123.358  
 0.0    123.491  
 8.61538461538    123.624  
 0.0    123.758  
 8.76923076923    123.891  
 0.0    124.025  
 8.92307692308    124.158  
 0.0    124.292  
 9.07692307692    124.426  
 0.0    124.558  
 9.23076923077    124.692  
 0.0    124.825  
 9.38461538462    124.959  
 0.0    125.092  
 9.53846153846    125.226  
 0.0    125.359  
 9.69230769231    125.492  
 0.0    125.626  
 9.84615384615    125.759  
 0.0    125.893  
 10.0    126.026  
 0.0    126.16  
 10.1538461538    126.293  
 0.0    126.426  
 10.3076923077    126.56  
 0.0    126.693  
 10.4615384615    126.827  
 0.0    126.96  
 10.6153846154    127.094  
 0.0    127.227  
 10.7692307692    127.36  
 0.0    127.494  
 10.9230769231    127.627  
 0.0    127.762  
 11.0769230769    127.895  
 0.0    128.028  
 11.2307692308    128.161  
 0.0    128.295  
 11.3846153846    128.428  
 0.0    128.561  
 11.5384615385    128.695  
 0.0    128.828  
 11.6923076923    128.962  
 0.0    129.095  
 11.8461538462    129.229  
 0.0    129.362  
 12.0    129.495  
 0.0    129.629  
 12.1538461538    129.762  
 0.0    129.896  
 12.3076923077    130.029  
 0.0    130.162  
 12.4615384615    130.296  
 0.0    130.429  
 12.6153846154    130.563  
 0.0    130.696  
 12.7692307692    130.83  
 0.0    130.963  
 12.9230769231    131.098  
 0.0    131.231  
 13.0769230769    131.364  
 0.0    131.497  
 13.2307692308    131.63  
 0.0    131.764  
 13.3846153846    131.897  
 0.0    132.03  
 13.5384615385    132.164  
 0.0    132.297  
 13.6923076923    132.431  
 0.0    132.564  
 13.8461538462    132.698  
 0.0    132.831  
 14.0    132.965  
 0.0    133.098  
 14.1538461538    133.231  
 0.0    133.365  
 14.3076923077    133.498  
 0.0    133.632  
 14.4615384615    133.765  
 0.0    133.898  
 14.6153846154    134.032  
 0.0    134.165  
 14.7692307692    134.299  
 0.0    134.433  
 14.9230769231    134.566  
 0.0    134.699  
 15.0769230769    134.833  
 0.0    134.966  
 15.2307692308    135.099  
 0.0    135.233  
 15.3846153846    135.366  
 0.0    135.5  
 15.5384615385    135.633  
 0.0    135.766  
 15.6923076923    135.9  
 0.0    136.033  
 15.8461538462    136.167  
 0.0    136.3  
 16.0    136.434  
 0.0    136.567  
 16.1538461538    136.701  
 0.0    136.834  
 16.3076923077    136.968  
 0.0    137.101  
 16.4615384615    137.235  
 0.0    137.368  
 16.6153846154    137.501  
 0.0    137.635  
 16.7692307692    137.769  
 0.0    137.902  
 16.9230769231    138.036  
 0.0    138.169  
 17.0769230769    138.302  
 0.0    138.435  
 17.2307692308    138.569  
 0.0    138.702  
 17.3846153846    138.836  
 0.0    138.969  
 17.5384615385    139.103  
 0.0    139.236  
 17.6923076923    139.369  
 0.0    139.503  
 17.8461538462    139.636  
 0.0    139.77  
 18.0    139.903  
 0.0    140.036  
 18.1538461538    140.17  
 0.0    140.303  
 18.3076923077    140.437  
 0.0    140.57  
 18.4615384615    140.704  
 0.0    140.837  
 18.6153846154    140.97  
 0.0    141.105  
 18.7692307692    141.238  
 0.0    141.371  
 18.9230769231    141.504  
 0.0    141.638  
 19.0769230769    141.771  
 0.0    141.904  
 19.2307692308    142.038  
 0.0    142.171  
 19.3846153846    142.305  
 0.0    142.438  
 19.5384615385    142.572  
 0.0    142.705  
 19.6923076923    142.839  
 0.0    142.972  
 19.8461538462    143.106  
 0.0    143.248  
 4.0    143.388  
 0.0    143.522  
 4.15384615385    143.656  
 0.0    143.789  
 4.30769230769    143.923  
 0.0    144.056  
 4.46153846154    144.189  
 0.0    144.323  
 4.61538461538    144.457  
 0.0    144.59  
 4.76923076923    144.723  
 0.0    144.856  
 4.92307692308    144.99  
 0.0    145.123  
 5.07692307692    145.257  
 0.0    145.39  
 5.23076923077    145.524  
 0.0    145.657  
 5.38461538462    145.791  
 0.0    145.924  
 5.53846153846    146.057  
 0.0    146.19  
 5.69230769231    146.324  
 0.0    146.457  
 5.84615384615    146.591  
 0.0    146.725  
 6.0    146.858  
 0.0    146.991  
 6.15384615385    147.125  
 0.0    147.258  
 6.30769230769    147.392  
 0.0    147.525  
 6.46153846154    147.658  
 0.0    147.793  
 6.61538461538    147.925  
 0.0    148.059  
 6.76923076923    148.192  
 0.0    148.325  
 6.92307692308    148.459  
 0.0    148.592  
 7.07692307692    148.726  
 0.0    148.859  
 7.23076923077    148.993  
 0.0    149.126  
 7.38461538462    149.26  
 0.0    149.393  
 7.53846153846    149.527  
 0.0    149.66  
 7.69230769231    149.794  
 0.0    149.927  
 7.84615384615    150.06  
 0.0    150.194  
 8.0    150.327  
 0.0    150.461  
 8.15384615385    150.594  
 0.0    150.727  
 8.30769230769    150.861  
 0.0    150.994  
 8.46153846154    151.129  
 0.0    151.262  
 8.61538461538    151.395  
 0.0    151.528  
 8.76923076923    151.661  
 0.0    151.795  
 8.92307692308    151.928  
 0.0    152.062  
 9.07692307692    152.195  
 0.0    152.328  
 9.23076923077    152.462  
 0.0    152.596  
 9.38461538462    152.729  
 0.0    152.862  
 9.53846153846    152.996  
 0.0    153.129  
 9.69230769231    153.263  
 0.0    153.396  
 9.84615384615    153.529  
 0.0    153.662  
 10.0    153.796  
 0.0    153.93  
 10.1538461538    154.063  
 0.0    154.197  
 10.3076923077    154.33  
 0.0    154.464  
 10.4615384615    154.597  
 0.0    154.73  
 10.6153846154    154.864  
 0.0    154.997  
 10.7692307692    155.131  
 0.0    155.264  
 10.9230769231    155.398  
 0.0    155.531  
 11.0769230769    155.664  
 0.0    155.797  
 11.2307692308    155.931  
 0.0    156.065  
 11.3846153846    156.198  
 0.0    156.332  
 11.5384615385    156.465  
 0.0    156.598  
 11.6923076923    156.732  
 0.0    156.865  
 11.8461538462    156.999  
 0.0    157.132  
 12.0    157.266  
 0.0    157.399  
 12.1538461538    157.532  
 0.0    157.666  
 12.3076923077    157.8  
 0.0    157.934  
 12.4615384615    158.067  
 0.0    158.2  
 12.6153846154    158.333  
 0.0    158.466  
 12.7692307692    158.6  
 0.0    158.733  
 12.9230769231    158.867  
 0.0    159.0  
 13.0769230769    159.134  
 0.0    159.267  
 13.2307692308    159.4  
 0.0    159.534  
 13.3846153846    159.667  
 0.0    159.8  
 13.5384615385    159.934  
 0.0    160.068  
 13.6923076923    160.201  
 0.0    160.334  
 13.8461538462    160.468  
 0.0    160.601  
 14.0    160.735  
 0.0    160.868  
 14.1538461538    161.002  
 0.0    161.136  
 14.3076923077    161.269  
 0.0    161.402  
 14.4615384615    161.535  
 0.0    161.669  
 14.6153846154    161.802  
 0.0    161.935  
 14.7692307692    162.069  
 0.0    162.202  
 14.9230769231    162.336  
 0.0    162.469  
 15.0769230769    162.603  
 0.0    162.736  
 15.2307692308    162.87  
 0.0    163.003  
 15.3846153846    163.137  
 0.0    163.27  
 15.5384615385    163.403  
 0.0    163.537  
 15.6923076923    163.67  
 0.0    163.804  
 15.8461538462    163.937  
 0.0    164.07  
 16.0    164.204  
 0.0    164.337  
 16.1538461538    164.472  
 0.0    164.605  
 16.3076923077    164.738  
 0.0    164.871  
 16.4615384615    165.005  
 0.0    165.138  
 16.6153846154    165.272  
 0.0    165.405  
 16.7692307692    165.538  
 0.0    165.672  
 16.9230769231    165.805  
 0.0    165.938  
 17.0769230769    166.074  
 0.0    166.207  
 17.2307692308    166.34  
 0.0    166.474  
 17.3846153846    166.607  
 0.0    166.741  
 17.5384615385    166.874  
 0.0    167.007  
 17.6923076923    167.141  
 0.0    167.274  
 17.8461538462    167.407  
 0.0    167.54  
 18.0    167.673  
 0.0    167.807  
 18.1538461538    167.941  
 0.0    168.073  
 18.3076923077    168.207  
 0.0    168.34  
 18.4615384615    168.474  
 0.0    168.607  
 18.6153846154    168.741  
 0.0    168.874  
 18.7692307692    169.008  
 0.0    169.141  
 18.9230769231    169.274  
 0.0    169.408  
 19.0769230769    169.541  
 0.0    169.674  
 19.2307692308    169.808  
 0.0    169.941  
 19.3846153846    170.075  
 0.0    170.208  
 19.5384615385    170.342  
 0.0    170.475  
 19.6923076923    170.609  
 0.0    170.742  
 19.8461538462    170.876  
 0.0    171.019  
 4.0    171.158  
 0.0    171.292  
 4.15384615385    171.426  
 0.0    171.559  
 4.30769230769    171.693  
 0.0    171.826  
 4.46153846154    171.96  
 0.0    172.093  
 4.61538461538    172.226  
 0.0    172.36  
 4.76923076923    172.493  
 0.0    172.627  
 4.92307692308    172.76  
 0.0    172.893  
 5.07692307692    173.03  
 0.0    173.163  
 5.23076923077    173.297  
 0.0    173.43  
 5.38461538462    173.563  
 0.0    173.696  
 5.53846153846    173.829  
 0.0    173.962  
 5.69230769231    174.095  
 0.0    174.228  
 5.84615384615    174.361  
 0.0    174.496  
 6.0    174.629  
 0.0    174.762  
 6.15384615385    174.895  
 0.0    175.039  
 6.30769230769    175.178  
 0.0    175.312  
 6.46153846154    175.445  
 0.0    175.579  
 6.61538461538    175.712  
 0.0    175.846  
 6.76923076923    175.979  
 0.0    176.113  
 6.92307692308    176.246  
 0.0    176.379  
 7.07692307692    176.513  
 0.0    176.646  
 7.23076923077    176.78  
 0.0    176.913  
 7.38461538462    177.047  
 0.0    177.18  
 7.53846153846    177.313  
 0.0    177.447  
 7.69230769231    177.58  
 0.0    177.714  
 7.84615384615    177.848  
 0.0    177.981  
 8.0    178.114  
 0.0    178.247  
 8.15384615385    178.381  
 0.0    178.514  
 8.30769230769    178.648  
 0.0    178.781  
 8.46153846154    178.915  
 0.0    179.048  
 8.61538461538    179.181  
 0.0    179.315  
 8.76923076923    179.448  
 0.0    179.582  
 8.92307692308    179.715  
 0.0    179.849  
 9.07692307692    179.982  
 0.0    180.115  
 9.23076923077    180.249  
 0.0    180.382  
 9.38461538462    180.515  
 0.0    180.649  
 9.53846153846    180.783  
 0.0    180.916  
 9.69230769231    181.049  
 0.0    181.184  
 9.84615384615    181.317  
 0.0    181.45  
 10.0    181.584  
 0.0    181.717  
 10.1538461538    181.85  
 0.0    181.983  
 10.3076923077    182.117  
 0.0    182.25  
 10.4615384615    182.383  
 0.0    182.517  
 10.6153846154    182.651  
 0.0    182.784  
 10.7692307692    182.917  
 0.0    183.051  
 10.9230769231    183.184  
 0.0    183.318  
 11.0769230769    183.451  
 0.0    183.585  
 11.2307692308    183.718  
 0.0    183.852  
 11.3846153846    183.985  
 0.0    184.118  
 11.5384615385    184.251  
 0.0    184.385  
 11.6923076923    184.519  
 0.0    184.652  
 11.8461538462    184.786  
 0.0    184.919  
 12.0    185.052  
 0.0    185.186  
 12.1538461538    185.319  
 0.0    185.453  
 12.3076923077    185.586  
 0.0    185.72  
 12.4615384615    185.853  
 0.0    185.986  
 12.6153846154    186.12  
 0.0    186.253  
 12.7692307692    186.386  
 0.0    186.52  
 12.9230769231    186.653  
 0.0    186.787  
 13.0769230769    186.92  
 0.0    187.054  
 13.2307692308    187.187  
 0.0    187.321  
 13.3846153846    187.454  
 0.0    187.588  
 13.5384615385    187.721  
 0.0    187.855  
 13.6923076923    187.988  
 0.0    188.121  
 13.8461538462    188.255  
 0.0    188.388  
 14.0    188.522  
 0.0    188.655  
 14.1538461538    188.788  
 0.0    188.922  
 14.3076923077    189.055  
 0.0    189.189  
 14.4615384615    189.322  
 0.0    189.456  
 14.6153846154    189.589  
 0.0    189.722  
 14.7692307692    189.856  
 0.0    189.989  
 14.9230769231    190.123  
 0.0    190.256  
 15.0769230769    190.39  
 0.0    190.523  
 15.2307692308    190.656  
 0.0    190.79  
 15.3846153846    190.923  
 0.0    191.057  
 15.5384615385    191.191  
 0.0    191.324  
 15.6923076923    191.457  
 0.0    191.59  
 15.8461538462    191.724  
 0.0    191.857  
 16.0    191.991  
 0.0    192.124  
 16.1538461538    192.258  
 0.0    192.391  
 16.3076923077    192.525  
 0.0    192.658  
 16.4615384615    192.791  
 0.0    192.925  
 16.6153846154    193.058  
 0.0    193.192  
 16.7692307692    193.325  
 0.0    193.458  
 16.9230769231    193.592  
 0.0    193.725  
 17.0769230769    193.859  
 0.0    193.992  
 17.2307692308    194.126  
 0.0    194.26  
 17.3846153846    194.393  
 0.0    194.53  
 17.5384615385    194.663  
 0.0    194.796  
 17.6923076923    194.93  
 0.0    195.063  
 17.8461538462    195.197  
 0.0    195.33  
 18.0    195.463  
 0.0    195.596  
 18.1538461538    195.73  
 0.0    195.863  
 18.3076923077    195.997  
 0.0    196.13  
 18.4615384615    196.264  
 0.0    196.397  
 18.6153846154    196.53  
 0.0    196.663  
 18.7692307692    196.797  
 0.0    196.93  
 18.9230769231    197.063  
 0.0    197.196  
 19.0769230769    197.33  
 0.0    197.463  
 19.2307692308    197.598  
 0.0    197.731  
 19.3846153846    197.865  
 0.0    197.998  
 19.5384615385    198.132  
 0.0    198.265  
 19.6923076923    198.399  
 0.0    198.532  
 19.8461538462    198.665  
 0.0    198.81  
 4.0    198.945  
 0.0    199.079  
 4.15384615385    199.213  
 0.0    199.346  
 4.30769230769    199.479  
 0.0    199.613  
 4.46153846154    199.746  
 0.0    199.88  
 4.61538461538    200.013  
 0.0    200.147  
 4.76923076923    200.28  
 0.0    200.414  
 4.92307692308    200.547  
 0.0    200.68  
 5.07692307692    200.814  
 0.0    200.947  
 5.23076923077    201.081  
 0.0    201.215  
 5.38461538462    201.348  
 0.0    201.482  
 5.53846153846    201.615  
 0.0    201.749  
 5.69230769231    201.882  
 0.0    202.015  
 5.84615384615    202.148  
 0.0    202.281  
 6.0    202.415  
 0.0    202.548  
 6.15384615385    202.682  
 0.0    202.815  
 6.30769230769    202.949  
 0.0    203.082  
 6.46153846154    203.216  
 0.0    203.349  
 6.61538461538    203.482  
 0.0    203.616  
 6.76923076923    203.749  
 0.0    203.883  
 6.92307692308    204.016  
 0.0    204.149  
 7.07692307692    204.283  
 0.0    204.416  
 7.23076923077    204.551  
 0.0    204.684  
 7.38461538462    204.818  
 0.0    204.951  
 7.53846153846    205.084  
 0.0    205.217  
 7.69230769231    205.35  
 0.0    205.484  
 7.84615384615    205.617  
 0.0    205.751  
 8.0    205.884  
 0.0    206.018  
 8.15384615385    206.151  
 0.0    206.285  
 8.30769230769    206.418  
 0.0    206.551  
 8.46153846154    206.685  
 0.0    206.818  
 8.61538461538    206.952  
 0.0    207.085  
 8.76923076923    207.218  
 0.0    207.352  
 8.92307692308    207.485  
 0.0    207.619  
 9.07692307692    207.752  
 0.0    207.887  
 9.23076923077    208.02  
 0.0    208.153  
 9.38461538462    208.286  
 0.0    208.419  
 9.53846153846    208.553  
 0.0    208.686  
 9.69230769231    208.82  
 0.0    208.953  
 9.84615384615    209.086  
 0.0    209.22  
 10.0    209.353  
 0.0    209.487  
 10.1538461538    209.62  
 0.0    209.753  
 10.3076923077    209.887  
 0.0    210.02  
 10.4615384615    210.154  
 0.0    210.287  
 10.6153846154    210.421  
 0.0    210.554  
 10.7692307692    210.688  
 0.0    210.821  
 10.9230769231    210.954  
 0.0    211.088  
 11.0769230769    211.222  
 0.0    211.356  
 11.2307692308    211.489  
 0.0    211.623  
 11.3846153846    211.756  
 0.0    211.889  
 11.5384615385    212.023  
 0.0    212.156  
 11.6923076923    212.29  
 0.0    212.423  
 11.8461538462    212.556  
 0.0    212.689  
 12.0    212.823  
 0.0    212.956  
 12.1538461538    213.089  
 0.0    213.223  
 12.3076923077    213.356  
 0.0    213.489  
 12.4615384615    213.623  
 0.0    213.757  
 12.6153846154    213.89  
 0.0    214.023  
 12.7692307692    214.157  
 0.0    214.29  
 12.9230769231    214.424  
 0.0    214.558  
 13.0769230769    214.691  
 0.0    214.825  
 13.2307692308    214.958  
 0.0    215.091  
 13.3846153846    215.224  
 0.0    215.358  
 13.5384615385    215.491  
 0.0    215.624  
 13.6923076923    215.758  
 0.0    215.892  
 13.8461538462    216.025  
 0.0    216.159  
 14.0    216.293  
 0.0    216.426  
 14.1538461538    216.559  
 0.0    216.693  
 14.3076923077    216.826  
 0.0    216.96  
 14.4615384615    217.093  
 0.0    217.227  
 14.6153846154    217.36  
 0.0    217.494  
 14.7692307692    217.627  
 0.0    217.761  
 14.9230769231    217.894  
 0.0    218.028  
 15.0769230769    218.162  
 0.0    218.295  
 15.2307692308    218.429  
 0.0    218.562  
 15.3846153846    218.696  
 0.0    218.829  
 15.5384615385    218.962  
 0.0    219.096  
 15.6923076923    219.23  
 0.0    219.363  
 15.8461538462    219.496  
 0.0    219.629  
 16.0    219.763  
 0.0    219.896  
 16.1538461538    220.029  
 0.0    220.162  
 16.3076923077    220.296  
 0.0    220.429  
 16.4615384615    220.562  
 0.0    220.695  
 16.6153846154    220.829  
 0.0    220.962  
 16.7692307692    221.096  
 0.0    221.23  
 16.9230769231    221.363  
 0.0    221.496  
 17.0769230769    221.63  
 0.0    221.764  
 17.2307692308    221.898  
 0.0    222.031  
 17.3846153846    222.165  
 0.0    222.298  
 17.5384615385    222.432  
 0.0    222.565  
 17.6923076923    222.699  
 0.0    222.832  
 17.8461538462    222.966  
 0.0    223.099  
 18.0    223.232  
 0.0    223.366  
 18.1538461538    223.499  
 0.0    223.632  
 18.3076923077    223.766  
 0.0    223.899  
 18.4615384615    224.032  
 0.0    224.165  
 18.6153846154    224.299  
 0.0    224.432  
 18.7692307692    224.566  
 0.0    224.699  
 18.9230769231    224.832  
 0.0    224.965  
 19.0769230769    225.099  
 0.0    225.232  
 19.2307692308    225.365  
 0.0    225.499  
 19.3846153846    225.632  
 0.0    225.765  
 19.5384615385    225.899  
 0.0    226.032  
 19.6923076923    226.166  
 0.0    226.299  
 19.8461538462    226.432  
 0.0    226.577  
 4.0    226.715  
 0.0    226.849  
 4.15384615385    226.983  
 0.0    227.116  
 4.30769230769    227.25  
 0.0    227.383  
 4.46153846154    227.516  
 0.0    227.65  
 4.61538461538    227.783  
 0.0    227.918  
 4.76923076923    228.051  
 0.0    228.184  
 4.92307692308    228.317  
 0.0    228.45  
 5.07692307692    228.584  
 0.0    228.717  
 5.23076923077    228.851  
 0.0    228.984  
 5.38461538462    229.118  
 0.0    229.251  
 5.53846153846    229.384  
 0.0    229.518  
 5.69230769231    229.651  
 0.0    229.785  
 5.84615384615    229.918  
 0.0    230.052  
 6.0    230.185  
 0.0    230.318  
 6.15384615385    230.452  
 0.0    230.585  
 6.30769230769    230.719  
 0.0    230.852  
 6.46153846154    230.986  
 0.0    231.119  
 6.61538461538    231.254  
 0.0    231.387  
 6.76923076923    231.52  
 0.0    231.653  
 6.92307692308    231.787  
 0.0    231.92  
 7.07692307692    232.053  
 0.0    232.187  
 7.23076923077    232.32  
 0.0    232.453  
 7.38461538462    232.587  
 0.0    232.72  
 7.53846153846    232.854  
 0.0    232.987  
 7.69230769231    233.12  
 0.0    233.254  
 7.84615384615    233.387  
 0.0    233.521  
 8.0    233.654  
 0.0    233.788  
 8.15384615385    233.921  
 0.0    234.054  
 8.30769230769    234.188  
 0.0    234.322  
 8.46153846154    234.455  
 0.0    234.589  
 8.61538461538    234.722  
 0.0    234.856  
 8.76923076923    234.989  
 0.0    235.123  
 8.92307692308    235.256  
 0.0    235.39  
 9.07692307692    235.524  
 0.0    235.657  
 9.23076923077    235.79  
 0.0    235.924  
 9.38461538462    236.057  
 0.0    236.19  
 9.53846153846    236.324  
 0.0    236.457  
 9.69230769231    236.59  
 0.0    236.723  
 9.84615384615    236.857  
 0.0    236.99  
 10.0    237.123  
 0.0    237.257  
 10.1538461538    237.39  
 0.0    237.524  
 10.3076923077    237.657  
 0.0    237.791  
 10.4615384615    237.925  
 0.0    238.058  
 10.6153846154    238.192  
 0.0    238.325  
 10.7692307692    238.458  
 0.0    238.591  
 10.9230769231    238.725  
 0.0    238.858  
 11.0769230769    238.991  
 0.0    239.125  
 11.2307692308    239.258  
 0.0    239.392  
 11.3846153846    239.526  
 0.0    239.659  
 11.5384615385    239.792  
 0.0    239.925  
 11.6923076923    240.059  
 0.0    240.192  
 11.8461538462    240.326  
 0.0    240.459  
 12.0    240.593  
 0.0    240.727  
 12.1538461538    240.861  
 0.0    240.994  
 12.3076923077    241.128  
 0.0    241.261  
 12.4615384615    241.395  
 0.0    241.528  
 12.6153846154    241.661  
 0.0    241.795  
 12.7692307692    241.928  
 0.0    242.061  
 12.9230769231    242.195  
 0.0    242.328  
 13.0769230769    242.461  
 0.0    242.594  
 13.2307692308    242.728  
 0.0    242.861  
 13.3846153846    242.994  
 0.0    243.128  
 13.5384615385    243.261  
 0.0    243.395  
 13.6923076923    243.528  
 0.0    243.661  
 13.8461538462    243.795  
 0.0    243.928  
 14.0    244.062  
 0.0    244.195  
 14.1538461538    244.329  
 0.0    244.462  
 14.3076923077    244.597  
 0.0    244.73  
 14.4615384615    244.863  
 0.0    244.997  
 14.6153846154    245.13  
 0.0    245.263  
 14.7692307692    245.397  
 0.0    245.53  
 14.9230769231    245.663  
 0.0    245.796  
 15.0769230769    245.93  
 0.0    246.063  
 15.2307692308    246.197  
 0.0    246.33  
 15.3846153846    246.464  
 0.0    246.597  
 15.5384615385    246.731  
 0.0    246.864  
 15.6923076923    246.997  
 0.0    247.131  
 15.8461538462    247.264  
 0.0    247.398  
 16.0    247.531  
 0.0    247.664  
 16.1538461538    247.798  
 0.0    247.932  
 16.3076923077    248.066  
 0.0    248.199  
 16.4615384615    248.333  
 0.0    248.466  
 16.6153846154    248.6  
 0.0    248.734  
 16.7692307692    248.867  
 0.0    249.001  
 16.9230769231    249.135  
 0.0    249.269  
 17.0769230769    249.402  
 0.0    249.535  
 17.2307692308    249.669  
 0.0    249.802  
 17.3846153846    249.936  
 0.0    250.069  
 17.5384615385    250.203  
 0.0    250.336  
 17.6923076923    250.469  
 0.0    250.603  
 17.8461538462    250.736  
 0.0    250.869  
 18.0    251.003  
 0.0    251.136  
 18.1538461538    251.27  
 0.0    251.403  
 18.3076923077    251.537  
 0.0    251.67  
 18.4615384615    251.804  
 0.0    251.937  
 18.6153846154    252.071  
 0.0    252.204  
 18.7692307692    252.337  
 0.0    252.47  
 18.9230769231    252.604  
 0.0    252.737  
 19.0769230769    252.871  
 0.0    253.004  
 19.2307692308    253.138  
 0.0    253.271  
 19.3846153846    253.405  
 0.0    253.538  
 19.5384615385    253.672  
 0.0    253.805  
 19.6923076923    253.939  
 0.0    254.072  
 19.8461538462    254.206  
 0.0    254.351  
 4.0    254.486  
 0.0    254.62  
 4.15384615385    254.753  
 0.0    254.887  
 4.30769230769    255.02  
 0.0    255.153  
 4.46153846154    255.287  
 0.0    255.42  
 4.61538461538    255.553  
 0.0    255.687  
 4.76923076923    255.82  
 0.0    255.954  
 4.92307692308    256.087  
 0.0    256.221  
 5.07692307692    256.354  
 0.0    256.487  
 5.23076923077    256.621  
 0.0    256.755  
 5.38461538462    256.888  
 0.0    257.022  
 5.53846153846    257.155  
 0.0    257.288  
 5.69230769231    257.422  
 0.0    257.556  
 5.84615384615    257.689  
 0.0    257.822  
 6.0    257.956  
 0.0    258.09  
 6.15384615385    258.223  
 0.0    258.356  
 6.30769230769    258.49  
 0.0    258.624  
 6.46153846154    258.757  
 0.0    258.891  
 6.61538461538    259.024  
 0.0    259.158  
 6.76923076923    259.291  
 0.0    259.424  
 6.92307692308    259.558  
 0.0    259.691  
 7.07692307692    259.824  
 0.0    259.957  
 7.23076923077    260.091  
 0.0    260.224  
 7.38461538462    260.358  
 0.0    260.491  
 7.53846153846    260.624  
 0.0    260.757  
 7.69230769231    260.891  
 0.0    261.026  
 7.84615384615    261.159  
 0.0    261.293  
 8.0    261.426  
 0.0    261.56  
 8.15384615385    261.693  
 0.0    261.826  
 8.30769230769    261.96  
 0.0    262.093  
 8.46153846154    262.227  
 0.0    262.36  
 8.61538461538    262.493  
 0.0    262.627  
 8.76923076923    262.76  
 0.0    262.894  
 8.92307692308    263.028  
 0.0    263.161  
 9.07692307692    263.294  
 0.0    263.428  
 9.23076923077    263.561  
 0.0    263.695  
 9.38461538462    263.828  
 0.0    263.961  
 9.53846153846    264.095  
 0.0    264.228  
 9.69230769231    264.362  
 0.0    264.495  
 9.84615384615    264.629  
 0.0    264.763  
 10.0    264.896  
 0.0    265.029  
 10.1538461538    265.163  
 0.0    265.296  
 10.3076923077    265.43  
 0.0    265.563  
 10.4615384615    265.697  
 0.0    265.83  
 10.6153846154    265.964  
 0.0    266.098  
 10.7692307692    266.231  
 0.0    266.365  
 10.9230769231    266.498  
 0.0    266.632  
 11.0769230769    266.765  
 0.0    266.899  
 11.2307692308    267.032  
 0.0    267.166  
 11.3846153846    267.299  
 0.0    267.432  
 11.5384615385    267.566  
 0.0    267.699  
 11.6923076923    267.832  
 0.0    267.966  
 11.8461538462    268.099  
 0.0    268.233  
 12.0    268.366  
 0.0    268.499  
 12.1538461538    268.633  
 0.0    268.766  
 12.3076923077    268.9  
 0.0    269.033  
 12.4615384615    269.167  
 0.0    269.3  
 12.6153846154    269.434  
 0.0    269.567  
 12.7692307692    269.701  
 0.0    269.834  
 12.9230769231    269.967  
 0.0    270.101  
 13.0769230769    270.234  
 0.0    270.368  
 13.2307692308    270.501  
 0.0    270.635  
 13.3846153846    270.768  
 0.0    270.901  
 13.5384615385    271.035  
 0.0    271.168  
 13.6923076923    271.302  
 0.0    271.435  
 13.8461538462    271.568  
 0.0    271.702  
 14.0    271.835  
 0.0    271.968  
 14.1538461538    272.102  
 0.0    272.235  
 14.3076923077    272.369  
 0.0    272.502  
 14.4615384615    272.636  
 0.0    272.769  
 14.6153846154    272.903  
 0.0    273.036  
 14.7692307692    273.169  
 0.0    273.303  
 14.9230769231    273.436  
 0.0    273.57  
 15.0769230769    273.703  
 0.0    273.836  
 15.2307692308    273.97  
 0.0    274.104  
 15.3846153846    274.237  
 0.0    274.371  
 15.5384615385    274.504  
 0.0    274.638  
 15.6923076923    274.771  
 0.0    274.905  
 15.8461538462    275.05  
 0.0    275.184  
 16.0    275.318  
 0.0    275.451  
 16.1538461538    275.585  
 0.0    275.718  
 16.3076923077    275.852  
 0.0    275.985  
 16.4615384615    276.119  
 0.0    276.252  
 16.6153846154    276.385  
 0.0    276.519  
 16.7692307692    276.652  
 0.0    276.786  
 16.9230769231    276.919  
 0.0    277.053  
 17.0769230769    277.187  
 0.0    277.32  
 17.2307692308    277.454  
 0.0    277.588  
 17.3846153846    277.721  
 0.0    277.855  
 17.5384615385    277.99  
 0.0    278.123  
 17.6923076923    278.257  
 0.0    278.39  
 17.8461538462    278.524  
 0.0    278.657  
 18.0    278.792  
 0.0    278.936  
 18.1538461538    279.071  
 0.0    279.204  
 18.3076923077    279.337  
 0.0    279.471  
 18.4615384615    279.604  
 0.0    279.738  
 18.6153846154    279.871  
 0.0    280.004  
 18.7692307692    280.138  
 0.0    280.271  
 18.9230769231    280.405  
 0.0    280.538  
 19.0769230769    280.672  
 0.0    280.805  
 19.2307692308    280.939  
 0.0    281.072  
 19.3846153846    281.205  
 0.0    281.34  
 19.5384615385    281.473  
 0.0    281.607  
 19.6923076923    281.74  
 0.0    281.874  
 19.8461538462    282.008  
 0.0    282.155  
 4.0    282.29  
 0.0    282.423  
 4.15384615385    282.556  
 0.0    282.692  
 4.30769230769    282.825  
 0.0    282.959  
 4.46153846154    283.092  
 0.0    283.225  
 4.61538461538    283.359  
 0.0    283.493  
 4.76923076923    283.626  
 0.0    283.759  
 4.92307692308    283.893  
 0.0    284.026  
 5.07692307692    284.159  
 0.0    284.293  
 5.23076923077    284.426  
 0.0    284.56  
 5.38461538462    284.693  
 0.0    284.827  
 5.53846153846    284.96  
 0.0    285.094  
 5.69230769231    285.227  
 0.0    285.361  
 5.84615384615    285.494  
 0.0    285.628  
 6.0    285.761  
 0.0    285.894  
 6.15384615385    286.042  
 0.0    286.176  
 6.30769230769    286.31  
 0.0    286.443  
 6.46153846154    286.576  
 0.0    286.71  
 6.61538461538    286.843  
 0.0    286.977  
 6.76923076923    287.11  
 0.0    287.244  
 6.92307692308    287.377  
 0.0    287.51  
 7.07692307692    287.644  
 0.0    287.777  
 7.23076923077    287.911  
 0.0    288.045  
 7.38461538462    288.178  
 0.0    288.312  
 7.53846153846    288.445  
 0.0    288.579  
 7.69230769231    288.712  
 0.0    288.846  
 7.84615384615    288.979  
 0.0    289.113  
 8.0    289.246  
 0.0    289.379  
 8.15384615385    289.513  
 0.0    289.646  
 8.30769230769    289.78  
 0.0    289.914  
 8.46153846154    290.047  
 0.0    290.181  
 8.61538461538    290.314  
 0.0    290.448  
 8.76923076923    290.582  
 0.0    290.715  
 8.92307692308    290.849  
 0.0    290.982  
 9.07692307692    291.115  
 0.0    291.249  
 9.23076923077    291.383  
 0.0    291.517  
 9.38461538462    291.65  
 0.0    291.783  
 9.53846153846    291.917  
 0.0    292.05  
 9.69230769231    292.184  
 0.0    292.317  
 9.84615384615    292.45  
 0.0    292.584  
 10.0    292.718  
 0.0    292.851  
 10.1538461538    292.984  
 0.0    293.118  
 10.3076923077    293.251  
 0.0    293.385  
 10.4615384615    293.518  
 0.0    293.651  
 10.6153846154    293.785  
 0.0    293.918  
 10.7692307692    294.052  
 0.0    294.185  
 10.9230769231    294.319  
 0.0    294.452  
 11.0769230769    294.586  
 0.0    294.719  
 11.2307692308    294.853  
 0.0    294.986  
 11.3846153846    295.119  
 0.0    295.253  
 11.5384615385    295.386  
 0.0    295.519  
 11.6923076923    295.653  
 0.0    295.786  
 11.8461538462    295.92  
 0.0    296.053  
 12.0    296.187  
 0.0    296.32  
 12.1538461538    296.453  
 0.0    296.587  
 12.3076923077    296.721  
 0.0    296.854  
 12.4615384615    296.987  
 0.0    297.121  
 12.6153846154    297.254  
 0.0    297.388  
 12.7692307692    297.521  
 0.0    297.654  
 12.9230769231    297.789  
 0.0    297.934  
 13.0769230769    298.069  
 0.0    298.202  
 13.2307692308    298.336  
 0.0    298.469  
 13.3846153846    298.603  
 0.0    298.736  
 13.5384615385    298.87  
 0.0    299.003  
 13.6923076923    299.136  
 0.0    299.27  
 13.8461538462    299.403  
 0.0    299.537  
 14.0    299.67  
 0.0    299.804  
 14.1538461538    299.937  
 0.0    300.071  
 14.3076923077    300.205  
 0.0    300.338  
 14.4615384615    300.472  
 0.0    300.606  
 14.6153846154    300.752  
 0.0    300.886  
 14.7692307692    301.02  
 0.0    301.154  
 14.9230769231    301.287  
 0.0    301.421  
 15.0769230769    301.555  
 0.0    301.689  
 15.2307692308    301.822  
 0.0    301.956  
 15.3846153846    302.089  
 0.0    302.223  
 15.5384615385    302.357  
 0.0    302.49  
 15.6923076923    302.624  
 0.0    302.757  
 15.8461538462    302.891  
 0.0    303.025  
 16.0    303.159  
 0.0    303.292  
 16.1538461538    303.425  
 0.0    303.559  
 16.3076923077    303.693  
 0.0    303.838  
 16.4615384615    303.972  
 0.0    304.105  
 16.6153846154    304.239  
 0.0    304.372  
 16.7692307692    304.506  
 0.0    304.639  
 16.9230769231    304.774  
 0.0    304.907  
 17.0769230769    305.041  
 0.0    305.174  
 17.2307692308    305.308  
 0.0    305.441  
 17.3846153846    305.575  
 0.0    305.709  
 17.5384615385    305.842  
 0.0    305.976  
 17.6923076923    306.109  
 0.0    306.243  
 17.8461538462    306.377  
 0.0    306.511  
 18.0    306.645  
 0.0    306.778  
 18.1538461538    306.912  
 0.0    307.057  
 18.3076923077    307.191  
 0.0    307.324  
 18.4615384615    307.458  
 0.0    307.592  
 18.6153846154    307.725  
 0.0    307.859  
 18.7692307692    307.993  
 0.0    308.127  
 18.9230769231    308.261  
 0.0    308.394  
 19.0769230769    308.528  
 0.0    308.661  
 19.2307692308    308.795  
 0.0    308.929  
 19.3846153846    309.062  
 0.0    309.196  
 19.5384615385    309.33  
 0.0    309.463  
 19.6923076923    309.597  
 0.0    309.73  
 19.8461538462    309.864  
