 [5.8461538461538449, 7.0769230769230749, 13.999999999999993, 19.846153846153832]  
 [35.508, 37.644, 49.652, 59.792]  
 [36.175, 38.177, 50.186]  
 [5.5384615384615374, 5.9999999999999991, 6.3076923076923066, 9.3846153846153815]  
 [62.745, 63.545, 64.079, 69.416]  
 [60.342, 63.278, 64.746, 70.083]  
 [8.4615384615384581, 9.2307692307692282, 12.307692307692303, 17.538461538461529]  
 [95.585, 96.92, 102.257, 111.331]  
 [96.119, 102.79, 112.13]  
 [4.615384615384615, 9.6923076923076881, 15.846153846153838, 18.461538461538453]  
 [116.684, 125.49, 136.165, 140.701]  
 [117.351, 136.965, 141.502]  
 [5.5384615384615374, 9.6923076923076881, 12.923076923076918, 13.84615384615384]  
 [146.055, 153.26, 158.864, 160.465]  
 [146.722, 159.398, 161.134]  
 [8.4615384615384581, 9.8461538461538431, 13.230769230769225, 19.538461538461526]  
 [178.912, 181.315, 187.185, 198.13]  
 [181.848, 185.183, 187.719]  
 [7.9999999999999973, 10.615384615384611, 11.230769230769226, 19.692307692307679]  
 [205.882, 210.419, 211.487, 226.163]  
 [206.416]  
 [8.9230769230769198, 12.923076923076918, 15.538461538461531, 19.384615384615373]  
 [235.254, 242.193, 246.728, 253.403]  
 [226.708, 235.922, 242.726]  
 [6.6153846153846141, 8.1538461538461515, 9.5384615384615348, 15.692307692307685]  
 [259.022, 261.691, 264.093, 274.769]  
 [262.225, 264.627, 275.316]  
 [4.3076923076923075, 5.8461538461538449, 14.923076923076916, 18.461538461538453]  
 [282.824, 285.492, 301.285, 307.456]  
 [283.357, 286.029, 301.82, 307.991]  
