 [264.75, 190.0, 131.5, 92.5]  
 [40.121, 43.323, 48.127, 54.265]  
 [40.654, 43.857, 48.527, 54.665]  
 [352.5, 261.5, 222.5, 102.25]  
 [69.742, 79.616, 82.818, 90.29]  
 [80.15]  
 [323.25, 255.0, 180.25, 180.25]  
 [104.968, 111.106, 116.71]  
 [105.501, 112.707]  
 [258.25, 229.0, 199.75, 183.5]  
 [134.056, 135.39, 137.792, 140.193]  
 [134.722, 135.924, 138.325, 140.727]  
 [242.0, 157.5, 69.75, 66.5]  
 [153.27, 153.537, 160.742, 167.68]  
 [154.07, 161.275, 168.214]  
 [310.25, 258.25, 95.75, 43.75]  
 [180.223, 184.492, 197.835, 202.105]  
 [180.623, 185.026, 198.369, 202.505]  
 [235.5, 173.75, 118.5, 69.75]  
 [211.195, 215.198, 219.734, 224.805]  
 [211.729, 215.731, 220.268, 225.338]  
 [336.25, 333.0, 320.0, 151.0]  
 [246.704, 260.58, 261.648, 261.915]  
 [247.238]  
 [297.25, 212.75, 199.75, 151.0]  
 [275.542, 279.544, 280.613, 287.55]  
 [276.209, 280.078, 281.146, 288.084]  
 [225.75, 177.0, 151.0, 14.5]  
 [293.171, 304.379, 306.514, 310.517]  
 [307.048]  
