 33.041    33.041  
 0.0    33.058  
 352.0    33.189  
 0.0    33.323  
 348.75    33.456  
 0.0    33.589  
 345.5    33.723  
 0.0    33.856  
 342.25    33.99  
 0.0    34.123  
 339.0    34.257  
 0.0    34.39  
 335.75    34.523  
 0.0    34.657  
 332.5    34.79  
 0.0    34.924  
 329.25    35.057  
 0.0    35.191  
 326.0    35.324  
 0.0    35.458  
 322.75    35.591  
 0.0    35.724  
 319.5    35.858  
 0.0    35.991  
 316.25    36.124  
 0.0    36.258  
 313.0    36.391  
 0.0    36.525  
 309.75    36.658  
 0.0    36.792  
 306.5    36.925  
 0.0    37.059  
 303.25    37.192  
 0.0    37.326  
 300.0    37.459  
 0.0    37.592  
 296.75    37.726  
 0.0    37.859  
 293.5    37.993  
 0.0    38.126  
 290.25    38.259  
 0.0    38.393  
 287.0    38.527  
 0.0    38.66  
 283.75    38.793  
 0.0    38.927  
 280.5    39.06  
 0.0    39.193  
 277.25    39.327  
 0.0    39.46  
 274.0    39.594  
 0.0    39.727  
 270.75    39.861  
 0.0    39.994  
 267.5    40.127  
 0.0    40.261  
 264.25    40.394  
 0.0    40.528  
 261.0    40.661  
 0.0    40.795  
 257.75    40.928  
 0.0    41.061  
 254.5    41.195  
 0.0    41.328  
 251.25    41.462  
 0.0    41.596  
 248.0    41.729  
 0.0    41.862  
 244.75    41.995  
 0.0    42.129  
 241.5    42.262  
 0.0    42.396  
 238.25    42.53  
 0.0    42.663  
 235.0    42.796  
 0.0    42.93  
 231.75    43.063  
 0.0    43.197  
 228.5    43.33  
 0.0    43.463  
 225.25    43.596  
 0.0    43.73  
 222.0    43.864  
 0.0    43.997  
 218.75    44.13  
 0.0    44.264  
 215.5    44.397  
 0.0    44.531  
 212.25    44.664  
 0.0    44.798  
 209.0    44.931  
 0.0    45.064  
 205.75    45.198  
 0.0    45.331  
 202.5    45.465  
 0.0    45.598  
 199.25    45.732  
 0.0    45.865  
 196.0    45.998  
 0.0    46.132  
 192.75    46.265  
 0.0    46.399  
 189.5    46.532  
 0.0    46.666  
 186.25    46.799  
 0.0    46.933  
 183.0    47.066  
 0.0    47.199  
 179.75    47.333  
 0.0    47.467  
 176.5    47.6  
 0.0    47.733  
 173.25    47.867  
 0.0    48.0  
 170.0    48.133  
 0.0    48.267  
 166.75    48.4  
 0.0    48.534  
 163.5    48.667  
 0.0    48.801  
 160.25    48.934  
 0.0    49.068  
 157.0    49.201  
 0.0    49.334  
 153.75    49.468  
 0.0    49.601  
 150.5    49.735  
 0.0    49.868  
 147.25    50.001  
 0.0    50.135  
 144.0    50.268  
 0.0    50.402  
 140.75    50.535  
 0.0    50.669  
 137.5    50.802  
 0.0    50.935  
 134.25    51.069  
 0.0    51.202  
 131.0    51.336  
 0.0    51.469  
 127.75    51.605  
 0.0    51.736  
 124.5    51.869  
 0.0    52.003  
 121.25    52.136  
 0.0    52.27  
 118.0    52.403  
 0.0    52.537  
 114.75    52.67  
 0.0    52.803  
 111.5    52.937  
 0.0    53.07  
 108.25    53.204  
 0.0    53.337  
 105.0    53.471  
 0.0    53.604  
 101.75    53.737  
 0.0    53.871  
 98.5    54.004  
 0.0    54.138  
 95.25    54.271  
 0.0    54.405  
 92.0    54.538  
 0.0    54.671  
 88.75    54.805  
 0.0    54.938  
 85.5    55.072  
 0.0    55.205  
 82.25    55.339  
 0.0    55.472  
 79.0    55.605  
 0.0    55.739  
 75.75    55.872  
 0.0    56.006  
 72.5    56.141  
 0.0    56.272  
 69.25    56.406  
 0.0    56.539  
 66.0    56.673  
 0.0    56.806  
 62.75    56.941  
 0.0    57.073  
 59.5    57.206  
 0.0    57.34  
 56.25    57.473  
 0.0    57.607  
 53.0    57.74  
 0.0    57.874  
 49.75    58.007  
 0.0    58.141  
 46.5    58.274  
 0.0    58.408  
 43.25    58.541  
 0.0    58.676  
 40.0    58.808  
 0.0    58.941  
 36.75    59.075  
 0.0    59.208  
 33.5    59.341  
 0.0    59.475  
 30.25    59.608  
 0.0    59.742  
 27.0    59.875  
 0.0    60.008  
 23.75    60.142  
 0.0    60.275  
 20.5    60.409  
 0.0    60.542  
 17.25    60.675  
 0.0    60.809  
 14.0    60.943  
 0.0    61.076  
 10.75    61.209  
 0.0    61.343  
 7.5    61.476  
 0.0    61.61  
 4.25    61.743  
 0.0    61.88  
 352.0    62.01  
 0.0    62.143  
 348.75    62.277  
 0.0    62.41  
 345.5    62.544  
 0.0    62.677  
 342.25    62.81  
 0.0    62.944  
 339.0    63.077  
 0.0    63.211  
 335.75    63.344  
 0.0    63.479  
 332.5    63.611  
 0.0    63.744  
 329.25    63.878  
 0.0    64.011  
 326.0    64.145  
 0.0    64.278  
 322.75    64.412  
 0.0    64.545  
 319.5    64.679  
 0.0    64.812  
 316.25    64.945  
 0.0    65.079  
 313.0    65.212  
 0.0    65.346  
 309.75    65.479  
 0.0    65.613  
 306.5    65.746  
 0.0    65.88  
 303.25    66.013  
 0.0    66.146  
 300.0    66.28  
 0.0    66.413  
 296.75    66.547  
 0.0    66.68  
 293.5    66.813  
 0.0    66.947  
 290.25    67.08  
 0.0    67.214  
 287.0    67.347  
 0.0    67.481  
 283.75    67.614  
 0.0    67.747  
 280.5    67.881  
 0.0    68.014  
 277.25    68.148  
 0.0    68.281  
 274.0    68.415  
 0.0    68.548  
 270.75    68.682  
 0.0    68.815  
 267.5    68.949  
 0.0    69.082  
 264.25    69.215  
 0.0    69.349  
 261.0    69.482  
 0.0    69.616  
 257.75    69.749  
 0.0    69.883  
 254.5    70.016  
 0.0    70.149  
 251.25    70.283  
 0.0    70.416  
 248.0    70.55  
 0.0    70.683  
 244.75    70.816  
 0.0    70.95  
 241.5    71.083  
 0.0    71.217  
 238.25    71.35  
 0.0    71.484  
 235.0    71.617  
 0.0    71.751  
 231.75    71.884  
 0.0    72.017  
 228.5    72.151  
 0.0    72.284  
 225.25    72.418  
 0.0    72.551  
 222.0    72.684  
 0.0    72.818  
 218.75    72.951  
 0.0    73.085  
 215.5    73.218  
 0.0    73.352  
 212.25    73.485  
 0.0    73.618  
 209.0    73.752  
 0.0    73.885  
 205.75    74.019  
 0.0    74.152  
 202.5    74.286  
 0.0    74.419  
 199.25    74.552  
 0.0    74.686  
 196.0    74.819  
 0.0    74.953  
 192.75    75.086  
 0.0    75.22  
 189.5    75.353  
 0.0    75.487  
 186.25    75.62  
 0.0    75.753  
 183.0    75.887  
 0.0    76.02  
 179.75    76.154  
 0.0    76.287  
 176.5    76.421  
 0.0    76.554  
 173.25    76.687  
 0.0    76.821  
 170.0    76.954  
 0.0    77.088  
 166.75    77.221  
 0.0    77.355  
 163.5    77.488  
 0.0    77.621  
 160.25    77.755  
 0.0    77.888  
 157.0    78.022  
 0.0    78.155  
 153.75    78.288  
 0.0    78.422  
 150.5    78.555  
 0.0    78.689  
 147.25    78.822  
 0.0    78.956  
 144.0    79.089  
 0.0    79.223  
 140.75    79.356  
 0.0    79.489  
 137.5    79.623  
 0.0    79.756  
 134.25    79.89  
 0.0    80.023  
 131.0    80.157  
 0.0    80.29  
 127.75    80.423  
 0.0    80.557  
 124.5    80.69  
 0.0    80.824  
 121.25    80.957  
 0.0    81.091  
 118.0    81.224  
 0.0    81.36  
 114.75    81.491  
 0.0    81.624  
 111.5    81.758  
 0.0    81.891  
 108.25    82.025  
 0.0    82.158  
 105.0    82.291  
 0.0    82.425  
 101.75    82.558  
 0.0    82.691  
 98.5    82.825  
 0.0    82.958  
 95.25    83.092  
 0.0    83.225  
 92.0    83.359  
 0.0    83.494  
 88.75    83.626  
 0.0    83.759  
 85.5    83.892  
 0.0    84.026  
 82.25    84.159  
 0.0    84.293  
 79.0    84.426  
 0.0    84.56  
 75.75    84.693  
 0.0    84.827  
 72.5    84.96  
 0.0    85.093  
 69.25    85.227  
 0.0    85.36  
 66.0    85.494  
 0.0    85.627  
 62.75    85.76  
 0.0    85.894  
 59.5    86.028  
 0.0    86.161  
 56.25    86.294  
 0.0    86.428  
 53.0    86.561  
 0.0    86.695  
 49.75    86.828  
 0.0    86.961  
 46.5    87.095  
 0.0    87.228  
 43.25    87.362  
 0.0    87.495  
 40.0    87.629  
 0.0    87.762  
 36.75    87.895  
 0.0    88.029  
 33.5    88.162  
 0.0    88.296  
 30.25    88.429  
 0.0    88.563  
 27.0    88.696  
 0.0    88.829  
 23.75    88.963  
 0.0    89.096  
 20.5    89.23  
 0.0    89.363  
 17.25    89.497  
 0.0    89.63  
 14.0    89.764  
 0.0    89.897  
 10.75    90.03  
 0.0    90.164  
 7.5    90.297  
 0.0    90.431  
 4.25    90.564  
 0.0    90.703  
 352.0    90.834  
 0.0    90.964  
 348.75    91.098  
 0.0    91.231  
 345.5    91.365  
 0.0    91.498  
 342.25    91.632  
 0.0    91.765  
 339.0    91.898  
 0.0    92.032  
 335.75    92.165  
 0.0    92.299  
 332.5    92.432  
 0.0    92.566  
 329.25    92.699  
 0.0    92.832  
 326.0    92.966  
 0.0    93.099  
 322.75    93.233  
 0.0    93.366  
 319.5    93.5  
 0.0    93.633  
 316.25    93.767  
 0.0    93.9  
 313.0    94.033  
 0.0    94.167  
 309.75    94.3  
 0.0    94.433  
 306.5    94.567  
 0.0    94.7  
 303.25    94.834  
 0.0    94.967  
 300.0    95.101  
 0.0    95.234  
 296.75    95.368  
 0.0    95.501  
 293.5    95.634  
 0.0    95.768  
 290.25    95.901  
 0.0    96.035  
 287.0    96.168  
 0.0    96.302  
 283.75    96.435  
 0.0    96.569  
 280.5    96.702  
 0.0    96.835  
 277.25    96.969  
 0.0    97.102  
 274.0    97.236  
 0.0    97.369  
 270.75    97.502  
 0.0    97.636  
 267.5    97.769  
 0.0    97.903  
 264.25    98.036  
 0.0    98.17  
 261.0    98.303  
 0.0    98.436  
 257.75    98.57  
 0.0    98.703  
 254.5    98.837  
 0.0    98.97  
 251.25    99.104  
 0.0    99.237  
 248.0    99.371  
 0.0    99.504  
 244.75    99.637  
 0.0    99.771  
 241.5    99.904  
 0.0    100.038  
 238.25    100.171  
 0.0    100.305  
 235.0    100.438  
 0.0    100.571  
 231.75    100.705  
 0.0    100.838  
 228.5    100.972  
 0.0    101.105  
 225.25    101.239  
 0.0    101.372  
 222.0    101.505  
 0.0    101.639  
 218.75    101.772  
 0.0    101.906  
 215.5    102.039  
 0.0    102.172  
 212.25    102.306  
 0.0    102.439  
 209.0    102.573  
 0.0    102.706  
 205.75    102.84  
 0.0    102.973  
 202.5    103.106  
 0.0    103.24  
 199.25    103.373  
 0.0    103.507  
 196.0    103.64  
 0.0    103.774  
 192.75    103.907  
 0.0    104.04  
 189.5    104.174  
 0.0    104.307  
 186.25    104.441  
 0.0    104.574  
 183.0    104.708  
 0.0    104.841  
 179.75    104.975  
 0.0    105.108  
 176.5    105.242  
 0.0    105.375  
 173.25    105.509  
 0.0    105.642  
 170.0    105.775  
 0.0    105.909  
 166.75    106.042  
 0.0    106.175  
 163.5    106.309  
 0.0    106.442  
 160.25    106.576  
 0.0    106.709  
 157.0    106.843  
 0.0    106.976  
 153.75    107.109  
 0.0    107.243  
 150.5    107.376  
 0.0    107.513  
 147.25    107.643  
 0.0    107.777  
 144.0    107.91  
 0.0    108.044  
 140.75    108.177  
 0.0    108.31  
 137.5    108.444  
 0.0    108.577  
 134.25    108.71  
 0.0    108.844  
 131.0    108.977  
 0.0    109.111  
 127.75    109.244  
 0.0    109.377  
 124.5    109.511  
 0.0    109.645  
 121.25    109.778  
 0.0    109.911  
 118.0    110.045  
 0.0    110.178  
 114.75    110.312  
 0.0    110.445  
 111.5    110.579  
 0.0    110.712  
 108.25    110.846  
 0.0    110.979  
 105.0    111.112  
 0.0    111.246  
 101.75    111.379  
 0.0    111.513  
 98.5    111.646  
 0.0    111.78  
 95.25    111.913  
 0.0    112.047  
 92.0    112.18  
 0.0    112.313  
 88.75    112.447  
 0.0    112.58  
 85.5    112.713  
 0.0    112.847  
 82.25    112.98  
 0.0    113.114  
 79.0    113.247  
 0.0    113.381  
 75.75    113.514  
 0.0    113.648  
 72.5    113.781  
 0.0    113.915  
 69.25    114.048  
 0.0    114.181  
 66.0    114.315  
 0.0    114.448  
 62.75    114.582  
 0.0    114.715  
 59.5    114.848  
 0.0    114.982  
 56.25    115.115  
 0.0    115.249  
 53.0    115.382  
 0.0    115.516  
 49.75    115.649  
 0.0    115.783  
 46.5    115.916  
 0.0    116.049  
 43.25    116.183  
 0.0    116.316  
 40.0    116.45  
 0.0    116.583  
 36.75    116.716  
 0.0    116.85  
 33.5    116.983  
 0.0    117.117  
 30.25    117.25  
 0.0    117.384  
 27.0    117.517  
 0.0    117.651  
 23.75    117.784  
 0.0    117.917  
 20.5    118.051  
 0.0    118.184  
 17.25    118.318  
 0.0    118.451  
 14.0    118.584  
 0.0    118.718  
 10.75    118.851  
 0.0    118.985  
 7.5    119.118  
 0.0    119.252  
 4.25    119.385  
 0.0    119.524  
 352.0    119.654  
 0.0    119.785  
 348.75    119.919  
 0.0    120.052  
 345.5    120.186  
 0.0    120.319  
 342.25    120.452  
 0.0    120.586  
 339.0    120.719  
 0.0    120.853  
 335.75    120.986  
 0.0    121.12  
 332.5    121.253  
 0.0    121.387  
 329.25    121.52  
 0.0    121.653  
 326.0    121.787  
 0.0    121.92  
 322.75    122.054  
 0.0    122.187  
 319.5    122.321  
 0.0    122.454  
 316.25    122.587  
 0.0    122.721  
 313.0    122.854  
 0.0    122.988  
 309.75    123.121  
 0.0    123.254  
 306.5    123.388  
 0.0    123.521  
 303.25    123.655  
 0.0    123.788  
 300.0    123.922  
 0.0    124.055  
 296.75    124.188  
 0.0    124.322  
 293.5    124.455  
 0.0    124.589  
 290.25    124.722  
 0.0    124.856  
 287.0    124.989  
 0.0    125.122  
 283.75    125.256  
 0.0    125.39  
 280.5    125.523  
 0.0    125.656  
 277.25    125.79  
 0.0    125.923  
 274.0    126.056  
 0.0    126.19  
 270.75    126.323  
 0.0    126.457  
 267.5    126.59  
 0.0    126.724  
 264.25    126.857  
 0.0    126.99  
 261.0    127.124  
 0.0    127.257  
 257.75    127.391  
 0.0    127.524  
 254.5    127.658  
 0.0    127.791  
 251.25    127.924  
 0.0    128.058  
 248.0    128.191  
 0.0    128.325  
 244.75    128.459  
 0.0    128.592  
 241.5    128.725  
 0.0    128.858  
 238.25    128.992  
 0.0    129.126  
 235.0    129.259  
 0.0    129.392  
 231.75    129.526  
 0.0    129.659  
 228.5    129.792  
 0.0    129.926  
 225.25    130.059  
 0.0    130.193  
 222.0    130.326  
 0.0    130.46  
 218.75    130.593  
 0.0    130.726  
 215.5    130.86  
 0.0    130.993  
 212.25    131.127  
 0.0    131.26  
 209.0    131.394  
 0.0    131.527  
 205.75    131.661  
 0.0    131.794  
 202.5    131.928  
 0.0    132.061  
 199.25    132.194  
 0.0    132.328  
 196.0    132.461  
 0.0    132.595  
 192.75    132.728  
 0.0    132.862  
 189.5    132.995  
 0.0    133.129  
 186.25    133.262  
 0.0    133.395  
 183.0    133.529  
 0.0    133.665  
 179.75    133.795  
 0.0    133.929  
 176.5    134.062  
 0.0    134.196  
 173.25    134.329  
 0.0    134.463  
 170.0    134.596  
 0.0    134.729  
 166.75    134.865  
 0.0    134.998  
 163.5    135.132  
 0.0    135.263  
 160.25    135.397  
 0.0    135.532  
 157.0    135.664  
 0.0    135.797  
 153.75    135.93  
 0.0    136.064  
 150.5    136.197  
 0.0    136.331  
 147.25    136.464  
 0.0    136.598  
 144.0    136.731  
 0.0    136.864  
 140.75    136.998  
 0.0    137.131  
 137.5    137.265  
 0.0    137.398  
 134.25    137.531  
 0.0    137.665  
 131.0    137.798  
 0.0    137.932  
 127.75    138.065  
 0.0    138.199  
 124.5    138.332  
 0.0    138.466  
 121.25    138.599  
 0.0    138.732  
 118.0    138.866  
 0.0    138.999  
 114.75    139.133  
 0.0    139.266  
 111.5    139.4  
 0.0    139.533  
 108.25    139.666  
 0.0    139.8  
 105.0    139.933  
 0.0    140.067  
 101.75    140.2  
 0.0    140.334  
 98.5    140.467  
 0.0    140.6  
 95.25    140.734  
 0.0    140.867  
 92.0    141.001  
 0.0    141.134  
 88.75    141.268  
 0.0    141.401  
 85.5    141.534  
 0.0    141.668  
 82.25    141.801  
 0.0    141.935  
 79.0    142.068  
 0.0    142.202  
 75.75    142.335  
 0.0    142.468  
 72.5    142.602  
 0.0    142.735  
 69.25    142.869  
 0.0    143.002  
 66.0    143.136  
 0.0    143.269  
 62.75    143.402  
 0.0    143.536  
 59.5    143.669  
 0.0    143.803  
 56.25    143.936  
 0.0    144.07  
 53.0    144.203  
 0.0    144.336  
 49.75    144.47  
 0.0    144.603  
 46.5    144.737  
 0.0    144.87  
 43.25    145.004  
 0.0    145.137  
 40.0    145.27  
 0.0    145.404  
 36.75    145.537  
 0.0    145.671  
 33.5    145.804  
 0.0    145.938  
 30.25    146.071  
 0.0    146.204  
 27.0    146.338  
 0.0    146.471  
 23.75    146.605  
 0.0    146.738  
 20.5    146.872  
 0.0    147.005  
 17.25    147.138  
 0.0    147.272  
 14.0    147.405  
 0.0    147.539  
 10.75    147.672  
 0.0    147.806  
 7.5    147.939  
 0.0    148.072  
 4.25    148.206  
 0.0    148.346  
 352.0    148.474  
 0.0    148.606  
 348.75    148.74  
 0.0    148.873  
 345.5    149.006  
 0.0    149.14  
 342.25    149.274  
 0.0    149.407  
 339.0    149.541  
 0.0    149.674  
 335.75    149.807  
 0.0    149.941  
 332.5    150.074  
 0.0    150.207  
 329.25    150.341  
 0.0    150.474  
 326.0    150.608  
 0.0    150.741  
 322.75    150.874  
 0.0    151.008  
 319.5    151.141  
 0.0    151.275  
 316.25    151.409  
 0.0    151.542  
 313.0    151.675  
 0.0    151.808  
 309.75    151.942  
 0.0    152.075  
 306.5    152.209  
 0.0    152.342  
 303.25    152.476  
 0.0    152.609  
 300.0    152.743  
 0.0    152.876  
 296.75    153.01  
 0.0    153.143  
 293.5    153.276  
 0.0    153.41  
 290.25    153.543  
 0.0    153.677  
 287.0    153.81  
 0.0    153.944  
 283.75    154.077  
 0.0    154.21  
 280.5    154.344  
 0.0    154.477  
 277.25    154.611  
 0.0    154.744  
 274.0    154.877  
 0.0    155.011  
 270.75    155.144  
 0.0    155.278  
 267.5    155.411  
 0.0    155.545  
 264.25    155.678  
 0.0    155.811  
 261.0    155.945  
 0.0    156.078  
 257.75    156.212  
 0.0    156.345  
 254.5    156.479  
 0.0    156.612  
 251.25    156.746  
 0.0    156.879  
 248.0    157.012  
 0.0    157.146  
 244.75    157.279  
 0.0    157.413  
 241.5    157.546  
 0.0    157.68  
 238.25    157.813  
 0.0    157.946  
 235.0    158.08  
 0.0    158.213  
 231.75    158.347  
 0.0    158.48  
 228.5    158.614  
 0.0    158.747  
 225.25    158.88  
 0.0    159.014  
 222.0    159.147  
 0.0    159.281  
 218.75    159.414  
 0.0    159.548  
 215.5    159.681  
 0.0    159.814  
 212.25    159.948  
 0.0    160.081  
 209.0    160.214  
 0.0    160.348  
 205.75    160.481  
 0.0    160.615  
 202.5    160.748  
 0.0    160.882  
 199.25    161.015  
 0.0    161.148  
 196.0    161.282  
 0.0    161.415  
 192.75    161.549  
 0.0    161.685  
 189.5    161.815  
 0.0    161.949  
 186.25    162.083  
 0.0    162.216  
 183.0    162.349  
 0.0    162.483  
 179.75    162.616  
 0.0    162.749  
 176.5    162.883  
 0.0    163.017  
 173.25    163.15  
 0.0    163.284  
 170.0    163.417  
 0.0    163.55  
 166.75    163.684  
 0.0    163.817  
 163.5    163.951  
 0.0    164.084  
 160.25    164.218  
 0.0    164.351  
 157.0    164.484  
 0.0    164.618  
 153.75    164.751  
 0.0    164.885  
 150.5    165.018  
 0.0    165.151  
 147.25    165.285  
 0.0    165.418  
 144.0    165.552  
 0.0    165.685  
 140.75    165.819  
 0.0    165.952  
 137.5    166.085  
 0.0    166.219  
 134.25    166.352  
 0.0    166.486  
 131.0    166.62  
 0.0    166.753  
 127.75    166.886  
 0.0    167.019  
 124.5    167.153  
 0.0    167.286  
 121.25    167.42  
 0.0    167.553  
 118.0    167.686  
 0.0    167.82  
 114.75    167.954  
 0.0    168.087  
 111.5    168.221  
 0.0    168.354  
 108.25    168.489  
 0.0    168.621  
 105.0    168.754  
 0.0    168.888  
 101.75    169.021  
 0.0    169.154  
 98.5    169.288  
 0.0    169.421  
 95.25    169.555  
 0.0    169.688  
 92.0    169.822  
 0.0    169.955  
 88.75    170.088  
 0.0    170.222  
 85.5    170.355  
 0.0    170.489  
 82.25    170.622  
 0.0    170.756  
 79.0    170.889  
 0.0    171.022  
 75.75    171.156  
 0.0    171.289  
 72.5    171.423  
 0.0    171.556  
 69.25    171.69  
 0.0    171.823  
 66.0    171.957  
 0.0    172.09  
 62.75    172.223  
 0.0    172.357  
 59.5    172.49  
 0.0    172.624  
 56.25    172.757  
 0.0    172.89  
 53.0    173.024  
 0.0    173.157  
 49.75    173.291  
 0.0    173.424  
 46.5    173.558  
 0.0    173.691  
 43.25    173.825  
 0.0    173.958  
 40.0    174.091  
 0.0    174.225  
 36.75    174.358  
 0.0    174.492  
 33.5    174.625  
 0.0    174.758  
 30.25    174.892  
 0.0    175.025  
 27.0    175.159  
 0.0    175.292  
 23.75    175.426  
 0.0    175.559  
 20.5    175.692  
 0.0    175.826  
 17.25    175.959  
 0.0    176.093  
 14.0    176.226  
 0.0    176.36  
 10.75    176.493  
 0.0    176.626  
 7.5    176.76  
 0.0    176.893  
 4.25    177.027  
 0.0    177.167  
 352.0    177.295  
 0.0    177.427  
 348.75    177.561  
 0.0    177.694  
 345.5    177.828  
 0.0    177.961  
 342.25    178.094  
 0.0    178.228  
 339.0    178.361  
 0.0    178.495  
 335.75    178.628  
 0.0    178.762  
 332.5    178.895  
 0.0    179.028  
 329.25    179.162  
 0.0    179.295  
 326.0    179.429  
 0.0    179.562  
 322.75    179.695  
 0.0    179.829  
 319.5    179.962  
 0.0    180.096  
 316.25    180.229  
 0.0    180.363  
 313.0    180.496  
 0.0    180.63  
 309.75    180.763  
 0.0    180.896  
 306.5    181.03  
 0.0    181.163  
 303.25    181.297  
 0.0    181.43  
 300.0    181.564  
 0.0    181.697  
 296.75    181.83  
 0.0    181.964  
 293.5    182.097  
 0.0    182.231  
 290.25    182.364  
 0.0    182.498  
 287.0    182.631  
 0.0    182.764  
 283.75    182.898  
 0.0    183.031  
 280.5    183.165  
 0.0    183.298  
 277.25    183.432  
 0.0    183.565  
 274.0    183.698  
 0.0    183.832  
 270.75    183.965  
 0.0    184.099  
 267.5    184.232  
 0.0    184.366  
 264.25    184.499  
 0.0    184.633  
 261.0    184.766  
 0.0    184.899  
 257.75    185.033  
 0.0    185.166  
 254.5    185.3  
 0.0    185.433  
 251.25    185.566  
 0.0    185.7  
 248.0    185.833  
 0.0    185.967  
 244.75    186.1  
 0.0    186.234  
 241.5    186.367  
 0.0    186.5  
 238.25    186.634  
 0.0    186.767  
 235.0    186.901  
 0.0    187.036  
 231.75    187.17  
 0.0    187.303  
 228.5    187.434  
 0.0    187.568  
 225.25    187.702  
 0.0    187.835  
 222.0    187.968  
 0.0    188.101  
 218.75    188.235  
 0.0    188.37  
 215.5    188.502  
 0.0    188.635  
 212.25    188.769  
 0.0    188.902  
 209.0    189.036  
 0.0    189.169  
 205.75    189.302  
 0.0    189.436  
 202.5    189.569  
 0.0    189.703  
 199.25    189.836  
 0.0    189.97  
 196.0    190.103  
 0.0    190.236  
 192.75    190.37  
 0.0    190.503  
 189.5    190.637  
 0.0    190.77  
 186.25    190.904  
 0.0    191.037  
 183.0    191.17  
 0.0    191.304  
 179.75    191.438  
 0.0    191.571  
 176.5    191.704  
 0.0    191.838  
 173.25    191.971  
 0.0    192.104  
 170.0    192.238  
 0.0    192.372  
 166.75    192.505  
 0.0    192.638  
 163.5    192.771  
 0.0    192.905  
 160.25    193.038  
 0.0    193.172  
 157.0    193.306  
 0.0    193.439  
 153.75    193.572  
 0.0    193.706  
 150.5    193.839  
 0.0    193.972  
 147.25    194.106  
 0.0    194.239  
 144.0    194.373  
 0.0    194.506  
 140.75    194.639  
 0.0    194.773  
 137.5    194.906  
 0.0    195.04  
 134.25    195.173  
 0.0    195.307  
 131.0    195.44  
 0.0    195.574  
 127.75    195.707  
 0.0    195.841  
 124.5    195.974  
 0.0    196.107  
 121.25    196.241  
 0.0    196.374  
 118.0    196.508  
 0.0    196.641  
 114.75    196.774  
 0.0    196.908  
 111.5    197.042  
 0.0    197.175  
 108.25    197.308  
 0.0    197.442  
 105.0    197.575  
 0.0    197.708  
 101.75    197.842  
 0.0    197.975  
 98.5    198.109  
 0.0    198.242  
 95.25    198.376  
 0.0    198.509  
 92.0    198.643  
 0.0    198.776  
 88.75    198.909  
 0.0    199.043  
 85.5    199.176  
 0.0    199.31  
 82.25    199.443  
 0.0    199.576  
 79.0    199.71  
 0.0    199.843  
 75.75    199.977  
 0.0    200.11  
 72.5    200.244  
 0.0    200.377  
 69.25    200.51  
 0.0    200.644  
 66.0    200.777  
 0.0    200.911  
 62.75    201.044  
 0.0    201.178  
 59.5    201.311  
 0.0    201.444  
 56.25    201.578  
 0.0    201.712  
 53.0    201.845  
 0.0    201.978  
 49.75    202.112  
 0.0    202.245  
 46.5    202.379  
 0.0    202.512  
 43.25    202.646  
 0.0    202.779  
 40.0    202.912  
 0.0    203.046  
 36.75    203.179  
 0.0    203.313  
 33.5    203.446  
 0.0    203.579  
 30.25    203.713  
 0.0    203.846  
 27.0    203.98  
 0.0    204.113  
 23.75    204.247  
 0.0    204.38  
 20.5    204.514  
 0.0    204.647  
 17.25    204.78  
 0.0    204.914  
 14.0    205.047  
 0.0    205.181  
 10.75    205.314  
 0.0    205.448  
 7.5    205.581  
 0.0    205.714  
 4.25    205.848  
 0.0    205.989  
 352.0    206.131  
 0.0    206.265  
 348.75    206.398  
 0.0    206.532  
 345.5    206.665  
 0.0    206.798  
 342.25    206.932  
 0.0    207.065  
 339.0    207.199  
 0.0    207.332  
 335.75    207.465  
 0.0    207.599  
 332.5    207.732  
 0.0    207.866  
 329.25    207.999  
 0.0    208.133  
 326.0    208.266  
 0.0    208.4  
 322.75    208.533  
 0.0    208.666  
 319.5    208.8  
 0.0    208.933  
 316.25    209.067  
 0.0    209.2  
 313.0    209.334  
 0.0    209.467  
 309.75    209.6  
 0.0    209.734  
 306.5    209.867  
 0.0    210.001  
 303.25    210.134  
 0.0    210.268  
 300.0    210.401  
 0.0    210.535  
 296.75    210.668  
 0.0    210.801  
 293.5    210.935  
 0.0    211.068  
 290.25    211.202  
 0.0    211.335  
 287.0    211.468  
 0.0    211.602  
 283.75    211.735  
 0.0    211.869  
 280.5    212.002  
 0.0    212.136  
 277.25    212.269  
 0.0    212.403  
 274.0    212.536  
 0.0    212.669  
 270.75    212.803  
 0.0    212.936  
 267.5    213.07  
 0.0    213.203  
 264.25    213.337  
 0.0    213.47  
 261.0    213.603  
 0.0    213.737  
 257.75    213.87  
 0.0    214.004  
 254.5    214.137  
 0.0    214.271  
 251.25    214.404  
 0.0    214.537  
 248.0    214.671  
 0.0    214.804  
 244.75    214.938  
 0.0    215.071  
 241.5    215.205  
 0.0    215.338  
 238.25    215.471  
 0.0    215.605  
 235.0    215.738  
 0.0    215.872  
 231.75    216.005  
 0.0    216.139  
 228.5    216.272  
 0.0    216.405  
 225.25    216.539  
 0.0    216.673  
 222.0    216.806  
 0.0    216.939  
 218.75    217.073  
 0.0    217.206  
 215.5    217.34  
 0.0    217.473  
 212.25    217.606  
 0.0    217.74  
 209.0    217.873  
 0.0    218.006  
 205.75    218.14  
 0.0    218.273  
 202.5    218.407  
 0.0    218.54  
 199.25    218.674  
 0.0    218.807  
 196.0    218.94  
 0.0    219.074  
 192.75    219.208  
 0.0    219.341  
 189.5    219.474  
 0.0    219.608  
 186.25    219.741  
 0.0    219.875  
 183.0    220.008  
 0.0    220.142  
 179.75    220.275  
 0.0    220.408  
 176.5    220.542  
 0.0    220.675  
 173.25    220.809  
 0.0    220.942  
 170.0    221.075  
 0.0    221.209  
 166.75    221.342  
 0.0    221.476  
 163.5    221.609  
 0.0    221.743  
 160.25    221.876  
 0.0    222.01  
 157.0    222.143  
 0.0    222.276  
 153.75    222.41  
 0.0    222.543  
 150.5    222.677  
 0.0    222.81  
 147.25    222.944  
 0.0    223.077  
 144.0    223.21  
 0.0    223.344  
 140.75    223.477  
 0.0    223.611  
 137.5    223.744  
 0.0    223.878  
 134.25    224.011  
 0.0    224.144  
 131.0    224.278  
 0.0    224.411  
 127.75    224.545  
 0.0    224.678  
 124.5    224.812  
 0.0    224.945  
 121.25    225.078  
 0.0    225.212  
 118.0    225.345  
 0.0    225.479  
 114.75    225.612  
 0.0    225.746  
 111.5    225.879  
 0.0    226.012  
 108.25    226.146  
 0.0    226.279  
 105.0    226.413  
 0.0    226.546  
 101.75    226.68  
 0.0    226.815  
 98.5    226.949  
 0.0    227.082  
 95.25    227.215  
 0.0    227.347  
 92.0    227.48  
 0.0    227.614  
 88.75    227.747  
 0.0    227.882  
 85.5    228.014  
 0.0    228.147  
 82.25    228.281  
 0.0    228.414  
 79.0    228.548  
 0.0    228.681  
 75.75    228.815  
 0.0    228.948  
 72.5    229.081  
 0.0    229.215  
 69.25    229.348  
 0.0    229.482  
 66.0    229.615  
 0.0    229.749  
 62.75    229.882  
 0.0    230.015  
 59.5    230.149  
 0.0    230.282  
 56.25    230.416  
 0.0    230.549  
 53.0    230.682  
 0.0    230.816  
 49.75    230.949  
 0.0    231.083  
 46.5    231.216  
 0.0    231.35  
 43.25    231.483  
 0.0    231.616  
 40.0    231.75  
 0.0    231.883  
 36.75    232.017  
 0.0    232.15  
 33.5    232.284  
 0.0    232.417  
 30.25    232.55  
 0.0    232.684  
 27.0    232.817  
 0.0    232.951  
 23.75    233.084  
 0.0    233.218  
 20.5    233.351  
 0.0    233.484  
 17.25    233.618  
 0.0    233.751  
 14.0    233.885  
 0.0    234.018  
 10.75    234.152  
 0.0    234.285  
 7.5    234.419  
 0.0    234.552  
 4.25    234.685  
 0.0    234.826  
 352.0    234.969  
 0.0    235.102  
 348.75    235.236  
 0.0    235.369  
 345.5    235.503  
 0.0    235.636  
 342.25    235.77  
 0.0    235.903  
 339.0    236.036  
 0.0    236.17  
 335.75    236.303  
 0.0    236.437  
 332.5    236.57  
 0.0    236.704  
 329.25    236.837  
 0.0    236.97  
 326.0    237.104  
 0.0    237.237  
 322.75    237.371  
 0.0    237.504  
 319.5    237.638  
 0.0    237.771  
 316.25    237.904  
 0.0    238.038  
 313.0    238.171  
 0.0    238.305  
 309.75    238.438  
 0.0    238.571  
 306.5    238.705  
 0.0    238.838  
 303.25    238.972  
 0.0    239.105  
 300.0    239.239  
 0.0    239.372  
 296.75    239.505  
 0.0    239.639  
 293.5    239.772  
 0.0    239.906  
 290.25    240.039  
 0.0    240.174  
 287.0    240.308  
 0.0    240.439  
 283.75    240.573  
 0.0    240.706  
 280.5    240.84  
 0.0    240.973  
 277.25    241.107  
 0.0    241.24  
 274.0    241.373  
 0.0    241.507  
 270.75    241.64  
 0.0    241.774  
 267.5    241.907  
 0.0    242.041  
 264.25    242.174  
 0.0    242.308  
 261.0    242.441  
 0.0    242.574  
 257.75    242.708  
 0.0    242.841  
 254.5    242.975  
 0.0    243.108  
 251.25    243.241  
 0.0    243.375  
 248.0    243.508  
 0.0    243.642  
 244.75    243.775  
 0.0    243.909  
 241.5    244.042  
 0.0    244.176  
 238.25    244.309  
 0.0    244.443  
 235.0    244.576  
 0.0    244.709  
 231.75    244.843  
 0.0    244.976  
 228.5    245.11  
 0.0    245.243  
 225.25    245.377  
 0.0    245.51  
 222.0    245.643  
 0.0    245.777  
 218.75    245.91  
 0.0    246.044  
 215.5    246.177  
 0.0    246.311  
 212.25    246.444  
 0.0    246.577  
 209.0    246.711  
 0.0    246.844  
 205.75    246.978  
 0.0    247.111  
 202.5    247.245  
 0.0    247.378  
 199.25    247.511  
 0.0    247.645  
 196.0    247.778  
 0.0    247.912  
 192.75    248.045  
 0.0    248.179  
 189.5    248.312  
 0.0    248.445  
 186.25    248.579  
 0.0    248.712  
 183.0    248.846  
 0.0    248.979  
 179.75    249.113  
 0.0    249.246  
 176.5    249.379  
 0.0    249.513  
 173.25    249.646  
 0.0    249.78  
 170.0    249.913  
 0.0    250.046  
 166.75    250.18  
 0.0    250.313  
 163.5    250.447  
 0.0    250.58  
 160.25    250.714  
 0.0    250.847  
 157.0    250.98  
 0.0    251.114  
 153.75    251.247  
 0.0    251.381  
 150.5    251.514  
 0.0    251.648  
 147.25    251.781  
 0.0    251.914  
 144.0    252.048  
 0.0    252.181  
 140.75    252.315  
 0.0    252.448  
 137.5    252.582  
 0.0    252.715  
 134.25    252.848  
 0.0    252.982  
 131.0    253.115  
 0.0    253.249  
 127.75    253.382  
 0.0    253.516  
 124.5    253.649  
 0.0    253.782  
 121.25    253.916  
 0.0    254.049  
 118.0    254.183  
 0.0    254.316  
 114.75    254.45  
 0.0    254.583  
 111.5    254.717  
 0.0    254.85  
 108.25    254.983  
 0.0    255.117  
 105.0    255.25  
 0.0    255.384  
 101.75    255.517  
 0.0    255.651  
 98.5    255.784  
 0.0    255.917  
 95.25    256.051  
 0.0    256.184  
 92.0    256.318  
 0.0    256.451  
 88.75    256.585  
 0.0    256.718  
 85.5    256.851  
 0.0    256.985  
 82.25    257.118  
 0.0    257.252  
 79.0    257.385  
 0.0    257.519  
 75.75    257.652  
 0.0    257.785  
 72.5    257.919  
 0.0    258.053  
 69.25    258.186  
 0.0    258.319  
 66.0    258.453  
 0.0    258.586  
 62.75    258.719  
 0.0    258.853  
 59.5    258.986  
 0.0    259.12  
 56.25    259.254  
 0.0    259.387  
 53.0    259.52  
 0.0    259.653  
 49.75    259.787  
 0.0    259.92  
 46.5    260.054  
 0.0    260.187  
 43.25    260.321  
 0.0    260.454  
 40.0    260.587  
 0.0    260.721  
 36.75    260.854  
 0.0    260.988  
 33.5    261.121  
 0.0    261.255  
 30.25    261.388  
 0.0    261.521  
 27.0    261.655  
 0.0    261.788  
 23.75    261.922  
 0.0    262.055  
 20.5    262.189  
 0.0    262.322  
 17.25    262.455  
 0.0    262.589  
 14.0    262.722  
 0.0    262.856  
 10.75    262.989  
 0.0    263.123  
 7.5    263.256  
 0.0    263.39  
 4.25    263.523  
 0.0    263.664  
 352.0    263.806  
 0.0    263.94  
 348.75    264.073  
 0.0    264.207  
 345.5    264.34  
 0.0    264.474  
 342.25    264.607  
 0.0    264.741  
 339.0    264.874  
 0.0    265.007  
 335.75    265.141  
 0.0    265.274  
 332.5    265.408  
 0.0    265.541  
 329.25    265.675  
 0.0    265.808  
 326.0    265.942  
 0.0    266.075  
 322.75    266.208  
 0.0    266.342  
 319.5    266.475  
 0.0    266.609  
 316.25    266.742  
 0.0    266.875  
 313.0    267.009  
 0.0    267.142  
 309.75    267.276  
 0.0    267.409  
 306.5    267.543  
 0.0    267.676  
 303.25    267.809  
 0.0    267.943  
 300.0    268.076  
 0.0    268.21  
 296.75    268.343  
 0.0    268.477  
 293.5    268.61  
 0.0    268.743  
 290.25    268.877  
 0.0    269.01  
 287.0    269.144  
 0.0    269.277  
 283.75    269.411  
 0.0    269.544  
 280.5    269.677  
 0.0    269.811  
 277.25    269.944  
 0.0    270.078  
 274.0    270.211  
 0.0    270.345  
 270.75    270.478  
 0.0    270.611  
 267.5    270.745  
 0.0    270.878  
 264.25    271.012  
 0.0    271.145  
 261.0    271.279  
 0.0    271.412  
 257.75    271.546  
 0.0    271.679  
 254.5    271.812  
 0.0    271.946  
 251.25    272.079  
 0.0    272.213  
 248.0    272.346  
 0.0    272.479  
 244.75    272.613  
 0.0    272.746  
 241.5    272.88  
 0.0    273.013  
 238.25    273.147  
 0.0    273.28  
 235.0    273.414  
 0.0    273.547  
 231.75    273.68  
 0.0    273.814  
 228.5    273.947  
 0.0    274.081  
 225.25    274.214  
 0.0    274.348  
 222.0    274.481  
 0.0    274.614  
 218.75    274.748  
 0.0    274.881  
 215.5    275.015  
 0.0    275.148  
 212.25    275.282  
 0.0    275.415  
 209.0    275.548  
 0.0    275.682  
 205.75    275.815  
 0.0    275.949  
 202.5    276.082  
 0.0    276.216  
 199.25    276.349  
 0.0    276.482  
 196.0    276.616  
 0.0    276.749  
 192.75    276.883  
 0.0    277.016  
 189.5    277.15  
 0.0    277.283  
 186.25    277.416  
 0.0    277.55  
 183.0    277.683  
 0.0    277.817  
 179.75    277.953  
 0.0    278.084  
 176.5    278.217  
 0.0    278.351  
 173.25    278.484  
 0.0    278.617  
 170.0    278.751  
 0.0    278.884  
 166.75    279.019  
 0.0    279.153  
 163.5    279.284  
 0.0    279.418  
 160.25    279.551  
 0.0    279.684  
 157.0    279.818  
 0.0    279.951  
 153.75    280.085  
 0.0    280.218  
 150.5    280.352  
 0.0    280.487  
 147.25    280.619  
 0.0    280.752  
 144.0    280.885  
 0.0    281.019  
 140.75    281.152  
 0.0    281.286  
 137.5    281.419  
 0.0    281.553  
 134.25    281.686  
 0.0    281.82  
 131.0    281.953  
 0.0    282.087  
 127.75    282.22  
 0.0    282.354  
 124.5    282.487  
 0.0    282.62  
 121.25    282.753  
 0.0    282.887  
 118.0    283.02  
 0.0    283.154  
 114.75    283.287  
 0.0    283.421  
 111.5    283.554  
 0.0    283.688  
 108.25    283.821  
 0.0    283.954  
 105.0    284.088  
 0.0    284.221  
 101.75    284.355  
 0.0    284.488  
 98.5    284.621  
 0.0    284.755  
 95.25    284.888  
 0.0    285.022  
 92.0    285.155  
 0.0    285.289  
 88.75    285.422  
 0.0    285.556  
 85.5    285.689  
 0.0    285.823  
 82.25    285.956  
 0.0    286.089  
 79.0    286.223  
 0.0    286.356  
 75.75    286.49  
 0.0    286.623  
 72.5    286.757  
 0.0    286.89  
 69.25    287.024  
 0.0    287.157  
 66.0    287.29  
 0.0    287.424  
 62.75    287.557  
 0.0    287.691  
 59.5    287.824  
 0.0    287.957  
 56.25    288.091  
 0.0    288.224  
 53.0    288.358  
 0.0    288.491  
 49.75    288.625  
 0.0    288.758  
 46.5    288.891  
 0.0    289.025  
 43.25    289.158  
 0.0    289.292  
 40.0    289.425  
 0.0    289.559  
 36.75    289.692  
 0.0    289.826  
 33.5    289.959  
 0.0    290.092  
 30.25    290.226  
 0.0    290.359  
 27.0    290.493  
 0.0    290.626  
 23.75    290.759  
 0.0    290.893  
 20.5    291.027  
 0.0    291.16  
 17.25    291.293  
 0.0    291.426  
 14.0    291.56  
 0.0    291.693  
 10.75    291.827  
 0.0    291.96  
 7.5    292.094  
 0.0    292.227  
 4.25    292.36  
 0.0    292.504  
 352.0    292.644  
 0.0    292.777  
 348.75    292.911  
 0.0    293.044  
 345.5    293.178  
 0.0    293.311  
 342.25    293.445  
 0.0    293.578  
 339.0    293.712  
 0.0    293.845  
 335.75    293.979  
 0.0    294.112  
 332.5    294.245  
 0.0    294.379  
 329.25    294.512  
 0.0    294.646  
 326.0    294.779  
 0.0    294.912  
 322.75    295.046  
 0.0    295.179  
 319.5    295.313  
 0.0    295.446  
 316.25    295.58  
 0.0    295.713  
 313.0    295.847  
 0.0    295.98  
 309.75    296.113  
 0.0    296.247  
 306.5    296.38  
 0.0    296.514  
 303.25    296.647  
 0.0    296.78  
 300.0    296.914  
 0.0    297.047  
 296.75    297.181  
 0.0    297.314  
 293.5    297.448  
 0.0    297.581  
 290.25    297.714  
 0.0    297.848  
 287.0    297.981  
 0.0    298.115  
 283.75    298.248  
 0.0    298.382  
 280.5    298.515  
 0.0    298.648  
 277.25    298.782  
 0.0    298.915  
 274.0    299.049  
 0.0    299.182  
 270.75    299.316  
 0.0    299.449  
 267.5    299.582  
 0.0    299.716  
 264.25    299.849  
 0.0    299.983  
 261.0    300.116  
 0.0    300.249  
 257.75    300.383  
 0.0    300.516  
 254.5    300.65  
 0.0    300.783  
 251.25    300.917  
 0.0    301.05  
 248.0    301.184  
 0.0    301.317  
 244.75    301.45  
 0.0    301.584  
 241.5    301.718  
 0.0    301.851  
 238.25    301.984  
 0.0    302.118  
 235.0    302.251  
 0.0    302.384  
 231.75    302.518  
 0.0    302.651  
 228.5    302.785  
 0.0    302.918  
 225.25    303.052  
 0.0    303.185  
 222.0    303.318  
 0.0    303.452  
 218.75    303.586  
 0.0    303.719  
 215.5    303.852  
 0.0    303.986  
 212.25    304.119  
 0.0    304.252  
 209.0    304.386  
 0.0    304.519  
 205.75    304.653  
 0.0    304.786  
 202.5    304.92  
 0.0    305.053  
 199.25    305.187  
 0.0    305.32  
 196.0    305.453  
 0.0    305.587  
 192.75    305.72  
 0.0    305.854  
 189.5    305.987  
 0.0    306.12  
 186.25    306.254  
 0.0    306.387  
 183.0    306.521  
 0.0    306.654  
 179.75    306.788  
 0.0    306.921  
 176.5    307.055  
 0.0    307.188  
 173.25    307.321  
 0.0    307.455  
 170.0    307.588  
 0.0    307.722  
 166.75    307.855  
 0.0    307.989  
 163.5    308.122  
 0.0    308.255  
 160.25    308.389  
 0.0    308.522  
 157.0    308.656  
 0.0    308.789  
 153.75    308.922  
 0.0    309.056  
 150.5    309.189  
 0.0    309.323  
 147.25    309.456  
 0.0    309.59  
 144.0    309.723  
 0.0    309.857  
 140.75    309.99  
 0.0    310.124  
 137.5    310.257  
 0.0    310.39  
 134.25    310.524  
 0.0    310.657  
 131.0    310.791  
 0.0    310.924  
 127.75    311.058  
 0.0    311.191  
 124.5    311.324  
 0.0    311.458  
 121.25    311.591  
 0.0    311.725  
 118.0    311.858  
 0.0    311.991  
 114.75    312.125  
 0.0    312.258  
 111.5    312.392  
 0.0    312.525  
 108.25    312.659  
 0.0    312.792  
 105.0    312.926  
 0.0    313.059  
 101.75    313.192  
 0.0    313.326  
 98.5    313.459  
 0.0    313.593  
 95.25    313.726  
 0.0    313.859  
 92.0    313.993  
 0.0    314.126  
 88.75    314.26  
 0.0    314.393  
 85.5    314.527  
 0.0    314.66  
 82.25    314.794  
 0.0    314.927  
 79.0    315.06  
 0.0    315.194  
 75.75    315.327  
 0.0    315.461  
 72.5    315.594  
 0.0    315.728  
 69.25    315.861  
 0.0    315.994  
 66.0    316.128  
 0.0    316.261  
 62.75    316.395  
 0.0    316.528  
 59.5    316.662  
 0.0    316.795  
 56.25    316.928  
 0.0    317.062  
 53.0    317.195  
 0.0    317.329  
 49.75    317.462  
 0.0    317.596  
 46.5    317.729  
 0.0    317.862  
 43.25    317.996  
 0.0    318.129  
 40.0    318.262  
 0.0    318.396  
 36.75    318.53  
 0.0    318.665  
 33.5    318.796  
 0.0    318.93  
 30.25    319.063  
 0.0    319.197  
 27.0    319.33  
 0.0    319.463  
 23.75    319.597  
 0.0    319.73  
 20.5    319.864  
 0.0    319.997  
 17.25    320.131  
 0.0    320.264  
 14.0    320.398  
 0.0    320.531  
 10.75    320.664  
 0.0    320.798  
 7.5    320.931  
 0.0    321.065  
 4.25    321.198  
