 [157.5, 125.0, 73.0, 43.75]  
 [36.335, 38.737, 43.007, 45.675]  
 [36.869, 39.138, 43.407, 46.209]  
 [342.75, 196.5, 173.75, 144.5]  
 [73.429, 75.831, 77.698, 89.707]  
 [90.508]  
 [313.5, 271.25, 115.25, 60.0]  
 [95.311, 99.848, 112.657, 116.126]  
 [95.845, 100.382, 113.191, 116.793]  
 [313.5, 297.25, 186.75, 121.75]  
 [129.202, 134.54, 143.613, 144.947]  
 []  
 [336.25, 216.0, 144.5, 76.25]  
 [154.287, 159.892, 165.762, 175.636]  
 [155.221, 160.559, 176.17]  
 [261.5, 128.25, 121.75, 63.25]  
 [182.041, 186.844, 187.378, 198.32]  
 []  
 [320.0, 297.25, 82.75, 73.0]  
 [211.679, 212.48, 230.092, 231.96]  
 [213.147]  
 [346.0, 238.75, 225.75, 199.75]  
 [250.907, 253.042, 254.11, 262.916]  
 [251.441, 253.576, 254.643]  
 [287.5, 199.75, 199.75, 118.5]  
 [273.073, 279.745, 286.952]  
 [280.279, 287.617]  
 [281.0, 196.5, 89.25, 79.5]  
 [298.709, 299.509, 308.316, 315.254]  
 [299.376, 300.31, 308.849, 315.788]  
