 33.259    33.259  
 0.0    33.276  
 352.0    33.407  
 0.0    33.54  
 348.75    33.673  
 0.0    33.807  
 345.5    33.94  
 0.0    34.074  
 342.25    34.207  
 0.0    34.341  
 339.0    34.474  
 0.0    34.607  
 335.75    34.741  
 0.0    34.874  
 332.5    35.008  
 0.0    35.141  
 329.25    35.274  
 0.0    35.408  
 326.0    35.541  
 0.0    35.675  
 322.75    35.808  
 0.0    35.942  
 319.5    36.075  
 0.0    36.208  
 316.25    36.342  
 0.0    36.475  
 313.0    36.609  
 0.0    36.743  
 309.75    36.876  
 0.0    37.009  
 306.5    37.143  
 0.0    37.276  
 303.25    37.409  
 0.0    37.543  
 300.0    37.676  
 0.0    37.81  
 296.75    37.943  
 0.0    38.077  
 293.5    38.21  
 0.0    38.343  
 290.25    38.477  
 0.0    38.61  
 287.0    38.744  
 0.0    38.877  
 283.75    39.011  
 0.0    39.144  
 280.5    39.277  
 0.0    39.411  
 277.25    39.544  
 0.0    39.678  
 274.0    39.811  
 0.0    39.945  
 270.75    40.078  
 0.0    40.211  
 267.5    40.345  
 0.0    40.478  
 264.25    40.612  
 0.0    40.745  
 261.0    40.879  
 0.0    41.012  
 257.75    41.145  
 0.0    41.279  
 254.5    41.413  
 0.0    41.546  
 251.25    41.679  
 0.0    41.813  
 248.0    41.946  
 0.0    42.079  
 244.75    42.213  
 0.0    42.346  
 241.5    42.48  
 0.0    42.613  
 238.25    42.747  
 0.0    42.88  
 235.0    43.014  
 0.0    43.147  
 231.75    43.28  
 0.0    43.414  
 228.5    43.547  
 0.0    43.681  
 225.25    43.814  
 0.0    43.947  
 222.0    44.081  
 0.0    44.214  
 218.75    44.348  
 0.0    44.481  
 215.5    44.615  
 0.0    44.748  
 212.25    44.882  
 0.0    45.015  
 209.0    45.149  
 0.0    45.282  
 205.75    45.415  
 0.0    45.549  
 202.5    45.682  
 0.0    45.815  
 199.25    45.949  
 0.0    46.082  
 196.0    46.216  
 0.0    46.349  
 192.75    46.483  
 0.0    46.616  
 189.5    46.749  
 0.0    46.883  
 186.25    47.016  
 0.0    47.15  
 183.0    47.283  
 0.0    47.417  
 179.75    47.55  
 0.0    47.684  
 176.5    47.817  
 0.0    47.95  
 173.25    48.084  
 0.0    48.217  
 170.0    48.351  
 0.0    48.484  
 166.75    48.617  
 0.0    48.751  
 163.5    48.884  
 0.0    49.018  
 160.25    49.151  
 0.0    49.285  
 157.0    49.418  
 0.0    49.551  
 153.75    49.685  
 0.0    49.818  
 150.5    49.952  
 0.0    50.085  
 147.25    50.219  
 0.0    50.352  
 144.0    50.486  
 0.0    50.619  
 140.75    50.752  
 0.0    50.886  
 137.5    51.019  
 0.0    51.153  
 134.25    51.286  
 0.0    51.42  
 131.0    51.553  
 0.0    51.687  
 127.75    51.82  
 0.0    51.953  
 124.5    52.087  
 0.0    52.22  
 121.25    52.354  
 0.0    52.487  
 118.0    52.62  
 0.0    52.754  
 114.75    52.887  
 0.0    53.021  
 111.5    53.154  
 0.0    53.288  
 108.25    53.421  
 0.0    53.554  
 105.0    53.688  
 0.0    53.821  
 101.75    53.955  
 0.0    54.089  
 98.5    54.222  
 0.0    54.355  
 95.25    54.488  
 0.0    54.622  
 92.0    54.755  
 0.0    54.889  
 88.75    55.022  
 0.0    55.155  
 85.5    55.289  
 0.0    55.422  
 82.25    55.556  
 0.0    55.689  
 79.0    55.823  
 0.0    55.956  
 75.75    56.09  
 0.0    56.223  
 72.5    56.356  
 0.0    56.49  
 69.25    56.623  
 0.0    56.757  
 66.0    56.89  
 0.0    57.024  
 62.75    57.157  
 0.0    57.29  
 59.5    57.424  
 0.0    57.557  
 56.25    57.691  
 0.0    57.824  
 53.0    57.958  
 0.0    58.091  
 49.75    58.224  
 0.0    58.358  
 46.5    58.491  
 0.0    58.625  
 43.25    58.758  
 0.0    58.892  
 40.0    59.025  
 0.0    59.158  
 36.75    59.292  
 0.0    59.426  
 33.5    59.559  
 0.0    59.692  
 30.25    59.826  
 0.0    59.959  
 27.0    60.092  
 0.0    60.226  
 23.75    60.359  
 0.0    60.493  
 20.5    60.626  
 0.0    60.76  
 17.25    60.893  
 0.0    61.026  
 14.0    61.16  
 0.0    61.293  
 10.75    61.427  
 0.0    61.56  
 7.5    61.694  
 0.0    61.827  
 4.25    61.961  
 0.0    62.096  
 352.0    62.227  
 0.0    62.361  
 348.75    62.494  
 0.0    62.628  
 345.5    62.761  
 0.0    62.895  
 342.25    63.028  
 0.0    63.161  
 339.0    63.295  
 0.0    63.429  
 335.75    63.562  
 0.0    63.695  
 332.5    63.828  
 0.0    63.962  
 329.25    64.095  
 0.0    64.229  
 326.0    64.362  
 0.0    64.496  
 322.75    64.629  
 0.0    64.762  
 319.5    64.896  
 0.0    65.029  
 316.25    65.163  
 0.0    65.297  
 313.0    65.43  
 0.0    65.563  
 309.75    65.697  
 0.0    65.83  
 306.5    65.963  
 0.0    66.097  
 303.25    66.23  
 0.0    66.364  
 300.0    66.498  
 0.0    66.63  
 296.75    66.764  
 0.0    66.898  
 293.5    67.031  
 0.0    67.164  
 290.25    67.298  
 0.0    67.431  
 287.0    67.565  
 0.0    67.698  
 283.75    67.831  
 0.0    67.965  
 280.5    68.098  
 0.0    68.232  
 277.25    68.365  
 0.0    68.499  
 274.0    68.632  
 0.0    68.765  
 270.75    68.899  
 0.0    69.032  
 267.5    69.166  
 0.0    69.299  
 264.25    69.433  
 0.0    69.566  
 261.0    69.699  
 0.0    69.833  
 257.75    69.966  
 0.0    70.1  
 254.5    70.233  
 0.0    70.367  
 251.25    70.5  
 0.0    70.633  
 248.0    70.767  
 0.0    70.901  
 244.75    71.034  
 0.0    71.167  
 241.5    71.301  
 0.0    71.434  
 238.25    71.567  
 0.0    71.701  
 235.0    71.834  
 0.0    71.968  
 231.75    72.101  
 0.0    72.235  
 228.5    72.368  
 0.0    72.501  
 225.25    72.635  
 0.0    72.769  
 222.0    72.902  
 0.0    73.035  
 218.75    73.169  
 0.0    73.302  
 215.5    73.436  
 0.0    73.569  
 212.25    73.703  
 0.0    73.836  
 209.0    73.969  
 0.0    74.103  
 205.75    74.236  
 0.0    74.37  
 202.5    74.503  
 0.0    74.636  
 199.25    74.77  
 0.0    74.904  
 196.0    75.037  
 0.0    75.17  
 192.75    75.304  
 0.0    75.437  
 189.5    75.57  
 0.0    75.704  
 186.25    75.837  
 0.0    75.971  
 183.0    76.104  
 0.0    76.238  
 179.75    76.371  
 0.0    76.505  
 176.5    76.638  
 0.0    76.771  
 173.25    76.905  
 0.0    77.038  
 170.0    77.172  
 0.0    77.305  
 166.75    77.438  
 0.0    77.572  
 163.5    77.705  
 0.0    77.839  
 160.25    77.972  
 0.0    78.106  
 157.0    78.239  
 0.0    78.372  
 153.75    78.506  
 0.0    78.639  
 150.5    78.773  
 0.0    78.906  
 147.25    79.039  
 0.0    79.173  
 144.0    79.307  
 0.0    79.44  
 140.75    79.573  
 0.0    79.707  
 137.5    79.84  
 0.0    79.974  
 134.25    80.107  
 0.0    80.24  
 131.0    80.374  
 0.0    80.507  
 127.75    80.641  
 0.0    80.774  
 124.5    80.908  
 0.0    81.041  
 121.25    81.174  
 0.0    81.308  
 118.0    81.441  
 0.0    81.575  
 114.75    81.708  
 0.0    81.842  
 111.5    81.975  
 0.0    82.108  
 108.25    82.242  
 0.0    82.375  
 105.0    82.509  
 0.0    82.642  
 101.75    82.776  
 0.0    82.909  
 98.5    83.043  
 0.0    83.176  
 95.25    83.309  
 0.0    83.443  
 92.0    83.576  
 0.0    83.709  
 88.75    83.843  
 0.0    83.976  
 85.5    84.11  
 0.0    84.243  
 82.25    84.377  
 0.0    84.511  
 79.0    84.644  
 0.0    84.777  
 75.75    84.91  
 0.0    85.044  
 72.5    85.177  
 0.0    85.311  
 69.25    85.444  
 0.0    85.578  
 66.0    85.711  
 0.0    85.844  
 62.75    85.978  
 0.0    86.111  
 59.5    86.245  
 0.0    86.378  
 56.25    86.512  
 0.0    86.645  
 53.0    86.778  
 0.0    86.912  
 49.75    87.045  
 0.0    87.179  
 46.5    87.312  
 0.0    87.446  
 43.25    87.579  
 0.0    87.713  
 40.0    87.846  
 0.0    87.979  
 36.75    88.113  
 0.0    88.246  
 33.5    88.38  
 0.0    88.513  
 30.25    88.647  
 0.0    88.78  
 27.0    88.913  
 0.0    89.047  
 23.75    89.18  
 0.0    89.314  
 20.5    89.447  
 0.0    89.58  
 17.25    89.714  
 0.0    89.847  
 14.0    89.981  
 0.0    90.114  
 10.75    90.248  
 0.0    90.381  
 7.5    90.515  
 0.0    90.648  
 4.25    90.781  
 0.0    90.918  
 352.0    91.049  
 0.0    91.182  
 348.75    91.315  
 0.0    91.449  
 345.5    91.582  
 0.0    91.715  
 342.25    91.849  
 0.0    91.982  
 339.0    92.116  
 0.0    92.249  
 335.75    92.383  
 0.0    92.516  
 332.5    92.649  
 0.0    92.783  
 329.25    92.916  
 0.0    93.05  
 326.0    93.183  
 0.0    93.317  
 322.75    93.45  
 0.0    93.583  
 319.5    93.717  
 0.0    93.851  
 316.25    93.984  
 0.0    94.118  
 313.0    94.251  
 0.0    94.384  
 309.75    94.517  
 0.0    94.651  
 306.5    94.785  
 0.0    94.918  
 303.25    95.051  
 0.0    95.185  
 300.0    95.318  
 0.0    95.451  
 296.75    95.585  
 0.0    95.719  
 293.5    95.852  
 0.0    95.985  
 290.25    96.119  
 0.0    96.252  
 287.0    96.385  
 0.0    96.519  
 283.75    96.652  
 0.0    96.786  
 280.5    96.919  
 0.0    97.053  
 277.25    97.186  
 0.0    97.32  
 274.0    97.453  
 0.0    97.586  
 270.75    97.72  
 0.0    97.853  
 267.5    97.987  
 0.0    98.12  
 264.25    98.253  
 0.0    98.387  
 261.0    98.52  
 0.0    98.654  
 257.75    98.787  
 0.0    98.921  
 254.5    99.054  
 0.0    99.187  
 251.25    99.321  
 0.0    99.454  
 248.0    99.588  
 0.0    99.721  
 244.75    99.855  
 0.0    99.988  
 241.5    100.121  
 0.0    100.255  
 238.25    100.388  
 0.0    100.522  
 235.0    100.655  
 0.0    100.789  
 231.75    100.922  
 0.0    101.056  
 228.5    101.189  
 0.0    101.322  
 225.25    101.456  
 0.0    101.589  
 222.0    101.723  
 0.0    101.856  
 218.75    101.989  
 0.0    102.123  
 215.5    102.256  
 0.0    102.39  
 212.25    102.523  
 0.0    102.657  
 209.0    102.79  
 0.0    102.924  
 205.75    103.057  
 0.0    103.19  
 202.5    103.324  
 0.0    103.457  
 199.25    103.591  
 0.0    103.724  
 196.0    103.858  
 0.0    103.991  
 192.75    104.124  
 0.0    104.258  
 189.5    104.391  
 0.0    104.525  
 186.25    104.658  
 0.0    104.792  
 183.0    104.925  
 0.0    105.058  
 179.75    105.192  
 0.0    105.325  
 176.5    105.459  
 0.0    105.592  
 173.25    105.726  
 0.0    105.859  
 170.0    105.992  
 0.0    106.126  
 166.75    106.259  
 0.0    106.393  
 163.5    106.526  
 0.0    106.66  
 160.25    106.793  
 0.0    106.926  
 157.0    107.06  
 0.0    107.193  
 153.75    107.327  
 0.0    107.46  
 150.5    107.594  
 0.0    107.727  
 147.25    107.86  
 0.0    107.994  
 144.0    108.127  
 0.0    108.261  
 140.75    108.394  
 0.0    108.528  
 137.5    108.661  
 0.0    108.794  
 134.25    108.928  
 0.0    109.062  
 131.0    109.195  
 0.0    109.328  
 127.75    109.462  
 0.0    109.595  
 124.5    109.728  
 0.0    109.862  
 121.25    109.995  
 0.0    110.129  
 118.0    110.262  
 0.0    110.396  
 114.75    110.529  
 0.0    110.662  
 111.5    110.796  
 0.0    110.929  
 108.25    111.063  
 0.0    111.196  
 105.0    111.33  
 0.0    111.463  
 101.75    111.596  
 0.0    111.73  
 98.5    111.864  
 0.0    111.997  
 95.25    112.13  
 0.0    112.264  
 92.0    112.397  
 0.0    112.53  
 88.75    112.664  
 0.0    112.797  
 85.5    112.931  
 0.0    113.064  
 82.25    113.198  
 0.0    113.331  
 79.0    113.464  
 0.0    113.598  
 75.75    113.731  
 0.0    113.865  
 72.5    113.998  
 0.0    114.132  
 69.25    114.265  
 0.0    114.398  
 66.0    114.532  
 0.0    114.665  
 62.75    114.799  
 0.0    114.932  
 59.5    115.066  
 0.0    115.199  
 56.25    115.333  
 0.0    115.466  
 53.0    115.599  
 0.0    115.733  
 49.75    115.866  
 0.0    116.0  
 46.5    116.133  
 0.0    116.267  
 43.25    116.4  
 0.0    116.533  
 40.0    116.667  
 0.0    116.8  
 36.75    116.934  
 0.0    117.067  
 33.5    117.201  
 0.0    117.334  
 30.25    117.467  
 0.0    117.601  
 27.0    117.734  
 0.0    117.868  
 23.75    118.002  
 0.0    118.135  
 20.5    118.268  
 0.0    118.401  
 17.25    118.535  
 0.0    118.668  
 14.0    118.802  
 0.0    118.935  
 10.75    119.069  
 0.0    119.202  
 7.5    119.335  
 0.0    119.469  
 4.25    119.602  
 0.0    119.741  
 352.0    119.869  
 0.0    120.003  
 348.75    120.136  
 0.0    120.27  
 345.5    120.403  
 0.0    120.536  
 342.25    120.67  
 0.0    120.803  
 339.0    120.937  
 0.0    121.07  
 335.75    121.203  
 0.0    121.337  
 332.5    121.47  
 0.0    121.604  
 329.25    121.737  
 0.0    121.871  
 326.0    122.004  
 0.0    122.137  
 322.75    122.271  
 0.0    122.404  
 319.5    122.538  
 0.0    122.671  
 316.25    122.805  
 0.0    122.938  
 313.0    123.071  
 0.0    123.205  
 309.75    123.338  
 0.0    123.472  
 306.5    123.605  
 0.0    123.739  
 303.25    123.872  
 0.0    124.005  
 300.0    124.139  
 0.0    124.272  
 296.75    124.406  
 0.0    124.539  
 293.5    124.673  
 0.0    124.806  
 290.25    124.94  
 0.0    125.073  
 287.0    125.206  
 0.0    125.34  
 283.75    125.473  
 0.0    125.607  
 280.5    125.74  
 0.0    125.873  
 277.25    126.007  
 0.0    126.14  
 274.0    126.274  
 0.0    126.407  
 270.75    126.541  
 0.0    126.674  
 267.5    126.808  
 0.0    126.941  
 264.25    127.074  
 0.0    127.208  
 261.0    127.341  
 0.0    127.475  
 257.75    127.608  
 0.0    127.742  
 254.5    127.875  
 0.0    128.008  
 251.25    128.142  
 0.0    128.275  
 248.0    128.409  
 0.0    128.542  
 244.75    128.675  
 0.0    128.809  
 241.5    128.942  
 0.0    129.076  
 238.25    129.209  
 0.0    129.343  
 235.0    129.476  
 0.0    129.61  
 231.75    129.743  
 0.0    129.876  
 228.5    130.01  
 0.0    130.143  
 225.25    130.277  
 0.0    130.41  
 222.0    130.544  
 0.0    130.677  
 218.75    130.81  
 0.0    130.944  
 215.5    131.077  
 0.0    131.211  
 212.25    131.344  
 0.0    131.478  
 209.0    131.611  
 0.0    131.744  
 205.75    131.878  
 0.0    132.011  
 202.5    132.145  
 0.0    132.278  
 199.25    132.412  
 0.0    132.545  
 196.0    132.679  
 0.0    132.812  
 192.75    132.945  
 0.0    133.079  
 189.5    133.212  
 0.0    133.346  
 186.25    133.479  
 0.0    133.612  
 183.0    133.746  
 0.0    133.879  
 179.75    134.013  
 0.0    134.146  
 176.5    134.28  
 0.0    134.413  
 173.25    134.547  
 0.0    134.68  
 170.0    134.813  
 0.0    134.947  
 166.75    135.08  
 0.0    135.214  
 163.5    135.347  
 0.0    135.48  
 160.25    135.614  
 0.0    135.747  
 157.0    135.881  
 0.0    136.014  
 153.75    136.148  
 0.0    136.281  
 150.5    136.415  
 0.0    136.548  
 147.25    136.681  
 0.0    136.815  
 144.0    136.948  
 0.0    137.082  
 140.75    137.215  
 0.0    137.348  
 137.5    137.482  
 0.0    137.615  
 134.25    137.749  
 0.0    137.882  
 131.0    138.016  
 0.0    138.149  
 127.75    138.282  
 0.0    138.416  
 124.5    138.549  
 0.0    138.683  
 121.25    138.816  
 0.0    138.95  
 118.0    139.083  
 0.0    139.217  
 114.75    139.35  
 0.0    139.483  
 111.5    139.617  
 0.0    139.75  
 108.25    139.884  
 0.0    140.017  
 105.0    140.151  
 0.0    140.284  
 101.75    140.417  
 0.0    140.551  
 98.5    140.684  
 0.0    140.818  
 95.25    140.951  
 0.0    141.084  
 92.0    141.218  
 0.0    141.351  
 88.75    141.485  
 0.0    141.618  
 85.5    141.752  
 0.0    141.885  
 82.25    142.019  
 0.0    142.152  
 79.0    142.285  
 0.0    142.419  
 75.75    142.552  
 0.0    142.686  
 72.5    142.819  
 0.0    142.953  
 69.25    143.086  
 0.0    143.219  
 66.0    143.353  
 0.0    143.486  
 62.75    143.62  
 0.0    143.754  
 59.5    143.887  
 0.0    144.02  
 56.25    144.153  
 0.0    144.287  
 53.0    144.42  
 0.0    144.554  
 49.75    144.687  
 0.0    144.821  
 46.5    144.954  
 0.0    145.087  
 43.25    145.221  
 0.0    145.354  
 40.0    145.488  
 0.0    145.622  
 36.75    145.755  
 0.0    145.888  
 33.5    146.021  
 0.0    146.155  
 30.25    146.288  
 0.0    146.422  
 27.0    146.555  
 0.0    146.689  
 23.75    146.822  
 0.0    146.955  
 20.5    147.089  
 0.0    147.222  
 17.25    147.356  
 0.0    147.489  
 14.0    147.623  
 0.0    147.756  
 10.75    147.889  
 0.0    148.023  
 7.5    148.156  
 0.0    148.29  
 4.25    148.423  
 0.0    148.563  
 352.0    148.693  
 0.0    148.823  
 348.75    148.957  
 0.0    149.09  
 345.5    149.224  
 0.0    149.357  
 342.25    149.491  
 0.0    149.624  
 339.0    149.758  
 0.0    149.891  
 335.75    150.024  
 0.0    150.158  
 332.5    150.292  
 0.0    150.425  
 329.25    150.558  
 0.0    150.692  
 326.0    150.825  
 0.0    150.958  
 322.75    151.092  
 0.0    151.225  
 319.5    151.359  
 0.0    151.492  
 316.25    151.626  
 0.0    151.759  
 313.0    151.892  
 0.0    152.026  
 309.75    152.159  
 0.0    152.293  
 306.5    152.426  
 0.0    152.56  
 303.25    152.693  
 0.0    152.826  
 300.0    152.96  
 0.0    153.093  
 296.75    153.227  
 0.0    153.361  
 293.5    153.494  
 0.0    153.627  
 290.25    153.76  
 0.0    153.894  
 287.0    154.027  
 0.0    154.161  
 283.75    154.294  
 0.0    154.428  
 280.5    154.561  
 0.0    154.694  
 277.25    154.828  
 0.0    154.962  
 274.0    155.095  
 0.0    155.228  
 270.75    155.362  
 0.0    155.495  
 267.5    155.628  
 0.0    155.762  
 264.25    155.895  
 0.0    156.029  
 261.0    156.162  
 0.0    156.296  
 257.75    156.429  
 0.0    156.563  
 254.5    156.696  
 0.0    156.829  
 251.25    156.963  
 0.0    157.096  
 248.0    157.23  
 0.0    157.363  
 244.75    157.496  
 0.0    157.63  
 241.5    157.763  
 0.0    157.897  
 238.25    158.03  
 0.0    158.164  
 235.0    158.297  
 0.0    158.43  
 231.75    158.564  
 0.0    158.697  
 228.5    158.831  
 0.0    158.964  
 225.25    159.098  
 0.0    159.231  
 222.0    159.364  
 0.0    159.498  
 218.75    159.631  
 0.0    159.765  
 215.5    159.898  
 0.0    160.032  
 212.25    160.165  
 0.0    160.298  
 209.0    160.432  
 0.0    160.565  
 205.75    160.699  
 0.0    160.832  
 202.5    160.966  
 0.0    161.099  
 199.25    161.232  
 0.0    161.366  
 196.0    161.499  
 0.0    161.633  
 192.75    161.766  
 0.0    161.9  
 189.5    162.033  
 0.0    162.167  
 186.25    162.3  
 0.0    162.433  
 183.0    162.567  
 0.0    162.7  
 179.75    162.834  
 0.0    162.967  
 176.5    163.101  
 0.0    163.234  
 173.25    163.367  
 0.0    163.501  
 170.0    163.634  
 0.0    163.768  
 166.75    163.901  
 0.0    164.034  
 163.5    164.168  
 0.0    164.301  
 160.25    164.435  
 0.0    164.568  
 157.0    164.702  
 0.0    164.835  
 153.75    164.969  
 0.0    165.102  
 150.5    165.235  
 0.0    165.369  
 147.25    165.502  
 0.0    165.636  
 144.0    165.769  
 0.0    165.903  
 140.75    166.036  
 0.0    166.169  
 137.5    166.303  
 0.0    166.436  
 134.25    166.57  
 0.0    166.703  
 131.0    166.837  
 0.0    166.97  
 127.75    167.103  
 0.0    167.237  
 124.5    167.37  
 0.0    167.504  
 121.25    167.637  
 0.0    167.771  
 118.0    167.904  
 0.0    168.037  
 114.75    168.171  
 0.0    168.304  
 111.5    168.438  
 0.0    168.571  
 108.25    168.705  
 0.0    168.838  
 105.0    168.971  
 0.0    169.105  
 101.75    169.238  
 0.0    169.372  
 98.5    169.505  
 0.0    169.639  
 95.25    169.772  
 0.0    169.905  
 92.0    170.039  
 0.0    170.172  
 88.75    170.306  
 0.0    170.439  
 85.5    170.573  
 0.0    170.706  
 82.25    170.839  
 0.0    170.973  
 79.0    171.106  
 0.0    171.24  
 75.75    171.373  
 0.0    171.507  
 72.5    171.64  
 0.0    171.773  
 69.25    171.907  
 0.0    172.04  
 66.0    172.174  
 0.0    172.307  
 62.75    172.441  
 0.0    172.574  
 59.5    172.708  
 0.0    172.841  
 56.25    172.974  
 0.0    173.108  
 53.0    173.241  
 0.0    173.375  
 49.75    173.508  
 0.0    173.641  
 46.5    173.775  
 0.0    173.908  
 43.25    174.042  
 0.0    174.176  
 40.0    174.309  
 0.0    174.442  
 36.75    174.576  
 0.0    174.709  
 33.5    174.842  
 0.0    174.976  
 30.25    175.109  
 0.0    175.243  
 27.0    175.376  
 0.0    175.509  
 23.75    175.643  
 0.0    175.777  
 20.5    175.91  
 0.0    176.043  
 17.25    176.177  
 0.0    176.31  
 14.0    176.444  
 0.0    176.577  
 10.75    176.71  
 0.0    176.844  
 7.5    176.977  
 0.0    177.111  
 4.25    177.244  
 0.0    177.383  
 352.0    177.514  
 0.0    177.644  
 348.75    177.778  
 0.0    177.911  
 345.5    178.045  
 0.0    178.178  
 342.25    178.311  
 0.0    178.445  
 339.0    178.578  
 0.0    178.712  
 335.75    178.845  
 0.0    178.979  
 332.5    179.112  
 0.0    179.246  
 329.25    179.379  
 0.0    179.512  
 326.0    179.646  
 0.0    179.779  
 322.75    179.913  
 0.0    180.046  
 319.5    180.18  
 0.0    180.313  
 316.25    180.446  
 0.0    180.58  
 313.0    180.713  
 0.0    180.847  
 309.75    180.98  
 0.0    181.114  
 306.5    181.247  
 0.0    181.38  
 303.25    181.514  
 0.0    181.647  
 300.0    181.781  
 0.0    181.914  
 296.75    182.048  
 0.0    182.181  
 293.5    182.314  
 0.0    182.448  
 290.25    182.581  
 0.0    182.715  
 287.0    182.848  
 0.0    182.982  
 283.75    183.115  
 0.0    183.248  
 280.5    183.382  
 0.0    183.515  
 277.25    183.649  
 0.0    183.783  
 274.0    183.916  
 0.0    184.049  
 270.75    184.183  
 0.0    184.316  
 267.5    184.449  
 0.0    184.583  
 264.25    184.716  
 0.0    184.85  
 261.0    184.983  
 0.0    185.116  
 257.75    185.25  
 0.0    185.384  
 254.5    185.517  
 0.0    185.65  
 251.25    185.784  
 0.0    185.917  
 248.0    186.05  
 0.0    186.184  
 244.75    186.317  
 0.0    186.451  
 241.5    186.584  
 0.0    186.718  
 238.25    186.851  
 0.0    186.985  
 235.0    187.118  
 0.0    187.251  
 231.75    187.385  
 0.0    187.518  
 228.5    187.652  
 0.0    187.785  
 225.25    187.919  
 0.0    188.052  
 222.0    188.185  
 0.0    188.319  
 218.75    188.452  
 0.0    188.586  
 215.5    188.719  
 0.0    188.852  
 212.25    188.986  
 0.0    189.119  
 209.0    189.253  
 0.0    189.386  
 205.75    189.52  
 0.0    189.653  
 202.5    189.786  
 0.0    189.92  
 199.25    190.053  
 0.0    190.187  
 196.0    190.32  
 0.0    190.454  
 192.75    190.587  
 0.0    190.721  
 189.5    190.854  
 0.0    190.987  
 186.25    191.121  
 0.0    191.254  
 183.0    191.388  
 0.0    191.521  
 179.75    191.655  
 0.0    191.788  
 176.5    191.921  
 0.0    192.055  
 173.25    192.188  
 0.0    192.322  
 170.0    192.455  
 0.0    192.589  
 166.75    192.722  
 0.0    192.855  
 163.5    192.989  
 0.0    193.122  
 160.25    193.256  
 0.0    193.389  
 157.0    193.523  
 0.0    193.656  
 153.75    193.789  
 0.0    193.923  
 150.5    194.056  
 0.0    194.19  
 147.25    194.323  
 0.0    194.457  
 144.0    194.59  
 0.0    194.723  
 140.75    194.857  
 0.0    194.99  
 137.5    195.124  
 0.0    195.257  
 134.25    195.391  
 0.0    195.524  
 131.0    195.657  
 0.0    195.791  
 127.75    195.924  
 0.0    196.058  
 124.5    196.191  
 0.0    196.325  
 121.25    196.458  
 0.0    196.591  
 118.0    196.725  
 0.0    196.858  
 114.75    196.992  
 0.0    197.125  
 111.5    197.259  
 0.0    197.392  
 108.25    197.526  
 0.0    197.659  
 105.0    197.792  
 0.0    197.926  
 101.75    198.059  
 0.0    198.193  
 98.5    198.326  
 0.0    198.459  
 95.25    198.593  
 0.0    198.726  
 92.0    198.86  
 0.0    198.993  
 88.75    199.127  
 0.0    199.26  
 85.5    199.393  
 0.0    199.527  
 82.25    199.66  
 0.0    199.794  
 79.0    199.928  
 0.0    200.061  
 75.75    200.194  
 0.0    200.328  
 72.5    200.461  
 0.0    200.594  
 69.25    200.728  
 0.0    200.861  
 66.0    200.995  
 0.0    201.128  
 62.75    201.262  
 0.0    201.395  
 59.5    201.528  
 0.0    201.662  
 56.25    201.795  
 0.0    201.929  
 53.0    202.062  
 0.0    202.196  
 49.75    202.329  
 0.0    202.462  
 46.5    202.596  
 0.0    202.729  
 43.25    202.863  
 0.0    202.996  
 40.0    203.13  
 0.0    203.263  
 36.75    203.396  
 0.0    203.53  
 33.5    203.663  
 0.0    203.797  
 30.25    203.93  
 0.0    204.064  
 27.0    204.197  
 0.0    204.33  
 23.75    204.464  
 0.0    204.598  
 20.5    204.731  
 0.0    204.864  
 17.25    204.998  
 0.0    205.131  
 14.0    205.264  
 0.0    205.398  
 10.75    205.531  
 0.0    205.665  
 7.5    205.798  
 0.0    205.932  
 4.25    206.065  
 0.0    206.206  
 352.0    206.349  
 0.0    206.482  
 348.75    206.615  
 0.0    206.749  
 345.5    206.882  
 0.0    207.016  
 342.25    207.149  
 0.0    207.283  
 339.0    207.416  
 0.0    207.549  
 335.75    207.683  
 0.0    207.816  
 332.5    207.95  
 0.0    208.083  
 329.25    208.217  
 0.0    208.35  
 326.0    208.483  
 0.0    208.617  
 322.75    208.75  
 0.0    208.884  
 319.5    209.017  
 0.0    209.151  
 316.25    209.284  
 0.0    209.417  
 313.0    209.551  
 0.0    209.684  
 309.75    209.818  
 0.0    209.951  
 306.5    210.085  
 0.0    210.218  
 303.25    210.351  
 0.0    210.485  
 300.0    210.618  
 0.0    210.752  
 296.75    210.885  
 0.0    211.019  
 293.5    211.152  
 0.0    211.285  
 290.25    211.419  
 0.0    211.552  
 287.0    211.686  
 0.0    211.819  
 283.75    211.953  
 0.0    212.086  
 280.5    212.22  
 0.0    212.353  
 277.25    212.486  
 0.0    212.62  
 274.0    212.753  
 0.0    212.887  
 270.75    213.02  
 0.0    213.154  
 267.5    213.287  
 0.0    213.42  
 264.25    213.554  
 0.0    213.687  
 261.0    213.821  
 0.0    213.954  
 257.75    214.087  
 0.0    214.221  
 254.5    214.354  
 0.0    214.488  
 251.25    214.621  
 0.0    214.755  
 248.0    214.888  
 0.0    215.021  
 244.75    215.155  
 0.0    215.288  
 241.5    215.422  
 0.0    215.555  
 238.25    215.689  
 0.0    215.822  
 235.0    215.956  
 0.0    216.089  
 231.75    216.222  
 0.0    216.356  
 228.5    216.489  
 0.0    216.623  
 225.25    216.756  
 0.0    216.889  
 222.0    217.023  
 0.0    217.156  
 218.75    217.29  
 0.0    217.423  
 215.5    217.557  
 0.0    217.69  
 212.25    217.824  
 0.0    217.957  
 209.0    218.09  
 0.0    218.224  
 205.75    218.358  
 0.0    218.491  
 202.5    218.624  
 0.0    218.758  
 199.25    218.891  
 0.0    219.024  
 196.0    219.158  
 0.0    219.291  
 192.75    219.425  
 0.0    219.558  
 189.5    219.691  
 0.0    219.825  
 186.25    219.958  
 0.0    220.092  
 183.0    220.225  
 0.0    220.359  
 179.75    220.492  
 0.0    220.626  
 176.5    220.759  
 0.0    220.892  
 173.25    221.026  
 0.0    221.159  
 170.0    221.293  
 0.0    221.426  
 166.75    221.56  
 0.0    221.693  
 163.5    221.826  
 0.0    221.96  
 160.25    222.093  
 0.0    222.227  
 157.0    222.36  
 0.0    222.494  
 153.75    222.627  
 0.0    222.76  
 150.5    222.894  
 0.0    223.027  
 147.25    223.161  
 0.0    223.294  
 144.0    223.428  
 0.0    223.561  
 140.75    223.695  
 0.0    223.828  
 137.5    223.961  
 0.0    224.095  
 134.25    224.228  
 0.0    224.362  
 131.0    224.495  
 0.0    224.628  
 127.75    224.762  
 0.0    224.895  
 124.5    225.029  
 0.0    225.162  
 121.25    225.296  
 0.0    225.429  
 118.0    225.562  
 0.0    225.696  
 114.75    225.829  
 0.0    225.963  
 111.5    226.096  
 0.0    226.23  
 108.25    226.363  
 0.0    226.497  
 105.0    226.63  
 0.0    226.763  
 101.75    226.897  
 0.0    227.03  
 98.5    227.164  
 0.0    227.297  
 95.25    227.431  
 0.0    227.564  
 92.0    227.697  
 0.0    227.831  
 88.75    227.964  
 0.0    228.098  
 85.5    228.231  
 0.0    228.365  
 82.25    228.498  
 0.0    228.631  
 79.0    228.765  
 0.0    228.898  
 75.75    229.032  
 0.0    229.165  
 72.5    229.298  
 0.0    229.432  
 69.25    229.565  
 0.0    229.699  
 66.0    229.832  
 0.0    229.966  
 62.75    230.099  
 0.0    230.232  
 59.5    230.366  
 0.0    230.499  
 56.25    230.633  
 0.0    230.766  
 53.0    230.9  
 0.0    231.033  
 49.75    231.167  
 0.0    231.3  
 46.5    231.433  
 0.0    231.567  
 43.25    231.701  
 0.0    231.834  
 40.0    231.967  
 0.0    232.101  
 36.75    232.234  
 0.0    232.367  
 33.5    232.501  
 0.0    232.634  
 30.25    232.768  
 0.0    232.901  
 27.0    233.035  
 0.0    233.168  
 23.75    233.302  
 0.0    233.435  
 20.5    233.568  
 0.0    233.702  
 17.25    233.835  
 0.0    233.969  
 14.0    234.102  
 0.0    234.236  
 10.75    234.369  
 0.0    234.502  
 7.5    234.636  
 0.0    234.769  
 4.25    234.903  
 0.0    235.043  
 352.0    235.171  
 0.0    235.303  
 348.75    235.436  
 0.0    235.57  
 345.5    235.703  
 0.0    235.837  
 342.25    235.97  
 0.0    236.103  
 339.0    236.237  
 0.0    236.37  
 335.75    236.504  
 0.0    236.637  
 332.5    236.771  
 0.0    236.904  
 329.25    237.037  
 0.0    237.171  
 326.0    237.304  
 0.0    237.438  
 322.75    237.571  
 0.0    237.705  
 319.5    237.838  
 0.0    237.971  
 316.25    238.105  
 0.0    238.238  
 313.0    238.372  
 0.0    238.505  
 309.75    238.639  
 0.0    238.772  
 306.5    238.905  
 0.0    239.039  
 303.25    239.172  
 0.0    239.306  
 300.0    239.439  
 0.0    239.573  
 296.75    239.706  
 0.0    239.84  
 293.5    239.973  
 0.0    240.106  
 290.25    240.24  
 0.0    240.373  
 287.0    240.507  
 0.0    240.64  
 283.75    240.773  
 0.0    240.907  
 280.5    241.04  
 0.0    241.174  
 277.25    241.308  
 0.0    241.441  
 274.0    241.574  
 0.0    241.708  
 270.75    241.841  
 0.0    241.974  
 267.5    242.108  
 0.0    242.241  
 264.25    242.375  
 0.0    242.508  
 261.0    242.642  
 0.0    242.775  
 257.75    242.909  
 0.0    243.042  
 254.5    243.175  
 0.0    243.309  
 251.25    243.442  
 0.0    243.575  
 248.0    243.709  
 0.0    243.842  
 244.75    243.976  
 0.0    244.109  
 241.5    244.243  
 0.0    244.376  
 238.25    244.51  
 0.0    244.643  
 235.0    244.776  
 0.0    244.91  
 231.75    245.044  
 0.0    245.177  
 228.5    245.31  
 0.0    245.444  
 225.25    245.577  
 0.0    245.71  
 222.0    245.844  
 0.0    245.977  
 218.75    246.111  
 0.0    246.244  
 215.5    246.378  
 0.0    246.511  
 212.25    246.645  
 0.0    246.778  
 209.0    246.911  
 0.0    247.045  
 205.75    247.178  
 0.0    247.312  
 202.5    247.445  
 0.0    247.578  
 199.25    247.712  
 0.0    247.845  
 196.0    247.979  
 0.0    248.112  
 192.75    248.246  
 0.0    248.379  
 189.5    248.512  
 0.0    248.646  
 186.25    248.779  
 0.0    248.913  
 183.0    249.046  
 0.0    249.18  
 179.75    249.313  
 0.0    249.446  
 176.5    249.58  
 0.0    249.713  
 173.25    249.847  
 0.0    249.98  
 170.0    250.114  
 0.0    250.247  
 166.75    250.38  
 0.0    250.514  
 163.5    250.647  
 0.0    250.781  
 160.25    250.915  
 0.0    251.048  
 157.0    251.181  
 0.0    251.315  
 153.75    251.448  
 0.0    251.581  
 150.5    251.715  
 0.0    251.848  
 147.25    251.982  
 0.0    252.115  
 144.0    252.248  
 0.0    252.382  
 140.75    252.516  
 0.0    252.649  
 137.5    252.782  
 0.0    252.916  
 134.25    253.049  
 0.0    253.183  
 131.0    253.316  
 0.0    253.449  
 127.75    253.583  
 0.0    253.716  
 124.5    253.85  
 0.0    253.983  
 121.25    254.117  
 0.0    254.25  
 118.0    254.383  
 0.0    254.517  
 114.75    254.65  
 0.0    254.784  
 111.5    254.917  
 0.0    255.05  
 108.25    255.184  
 0.0    255.317  
 105.0    255.451  
 0.0    255.584  
 101.75    255.718  
 0.0    255.851  
 98.5    255.985  
 0.0    256.118  
 95.25    256.251  
 0.0    256.385  
 92.0    256.518  
 0.0    256.652  
 88.75    256.785  
 0.0    256.919  
 85.5    257.052  
 0.0    257.185  
 82.25    257.319  
 0.0    257.452  
 79.0    257.586  
 0.0    257.719  
 75.75    257.853  
 0.0    257.986  
 72.5    258.119  
 0.0    258.253  
 69.25    258.386  
 0.0    258.52  
 66.0    258.653  
 0.0    258.787  
 62.75    258.92  
 0.0    259.053  
 59.5    259.187  
 0.0    259.32  
 56.25    259.454  
 0.0    259.587  
 53.0    259.721  
 0.0    259.854  
 49.75    259.987  
 0.0    260.121  
 46.5    260.254  
 0.0    260.388  
 43.25    260.521  
 0.0    260.655  
 40.0    260.788  
 0.0    260.921  
 36.75    261.055  
 0.0    261.188  
 33.5    261.322  
 0.0    261.455  
 30.25    261.589  
 0.0    261.722  
 27.0    261.855  
 0.0    261.989  
 23.75    262.122  
 0.0    262.256  
 20.5    262.389  
 0.0    262.523  
 17.25    262.656  
 0.0    262.789  
 14.0    262.923  
 0.0    263.057  
 10.75    263.19  
 0.0    263.323  
 7.5    263.457  
 0.0    263.59  
 4.25    263.724  
 0.0    263.865  
 352.0    264.007  
 0.0    264.14  
 348.75    264.274  
 0.0    264.408  
 345.5    264.541  
 0.0    264.674  
 342.25    264.808  
 0.0    264.941  
 339.0    265.075  
 0.0    265.208  
 335.75    265.341  
 0.0    265.475  
 332.5    265.608  
 0.0    265.742  
 329.25    265.875  
 0.0    266.009  
 326.0    266.142  
 0.0    266.275  
 322.75    266.409  
 0.0    266.542  
 319.5    266.676  
 0.0    266.809  
 316.25    266.943  
 0.0    267.076  
 313.0    267.209  
 0.0    267.343  
 309.75    267.476  
 0.0    267.61  
 306.5    267.743  
 0.0    267.876  
 303.25    268.01  
 0.0    268.143  
 300.0    268.277  
 0.0    268.41  
 296.75    268.544  
 0.0    268.677  
 293.5    268.811  
 0.0    268.944  
 290.25    269.077  
 0.0    269.211  
 287.0    269.344  
 0.0    269.478  
 283.75    269.611  
 0.0    269.744  
 280.5    269.878  
 0.0    270.011  
 277.25    270.145  
 0.0    270.278  
 274.0    270.412  
 0.0    270.545  
 270.75    270.679  
 0.0    270.812  
 267.5    270.945  
 0.0    271.079  
 264.25    271.212  
 0.0    271.346  
 261.0    271.479  
 0.0    271.613  
 257.75    271.746  
 0.0    271.879  
 254.5    272.013  
 0.0    272.146  
 251.25    272.28  
 0.0    272.413  
 248.0    272.546  
 0.0    272.68  
 244.75    272.813  
 0.0    272.947  
 241.5    273.08  
 0.0    273.214  
 238.25    273.347  
 0.0    273.481  
 235.0    273.614  
 0.0    273.748  
 231.75    273.881  
 0.0    274.014  
 228.5    274.148  
 0.0    274.281  
 225.25    274.415  
 0.0    274.548  
 222.0    274.682  
 0.0    274.815  
 218.75    274.948  
 0.0    275.082  
 215.5    275.215  
 0.0    275.349  
 212.25    275.482  
 0.0    275.615  
 209.0    275.749  
 0.0    275.882  
 205.75    276.016  
 0.0    276.149  
 202.5    276.283  
 0.0    276.416  
 199.25    276.549  
 0.0    276.683  
 196.0    276.816  
 0.0    276.95  
 192.75    277.083  
 0.0    277.217  
 189.5    277.35  
 0.0    277.483  
 186.25    277.617  
 0.0    277.75  
 183.0    277.884  
 0.0    278.017  
 179.75    278.151  
 0.0    278.284  
 176.5    278.417  
 0.0    278.551  
 173.25    278.684  
 0.0    278.818  
 170.0    278.951  
 0.0    279.085  
 166.75    279.218  
 0.0    279.352  
 163.5    279.485  
 0.0    279.618  
 160.25    279.752  
 0.0    279.885  
 157.0    280.019  
 0.0    280.152  
 153.75    280.285  
 0.0    280.419  
 150.5    280.552  
 0.0    280.686  
 147.25    280.819  
 0.0    280.953  
 144.0    281.086  
 0.0    281.22  
 140.75    281.353  
 0.0    281.486  
 137.5    281.62  
 0.0    281.753  
 134.25    281.887  
 0.0    282.02  
 131.0    282.154  
 0.0    282.287  
 127.75    282.42  
 0.0    282.554  
 124.5    282.687  
 0.0    282.821  
 121.25    282.954  
 0.0    283.088  
 118.0    283.221  
 0.0    283.354  
 114.75    283.488  
 0.0    283.621  
 111.5    283.755  
 0.0    283.888  
 108.25    284.022  
 0.0    284.155  
 105.0    284.288  
 0.0    284.422  
 101.75    284.556  
 0.0    284.689  
 98.5    284.822  
 0.0    284.956  
 95.25    285.089  
 0.0    285.222  
 92.0    285.356  
 0.0    285.489  
 88.75    285.623  
 0.0    285.756  
 85.5    285.89  
 0.0    286.023  
 82.25    286.157  
 0.0    286.29  
 79.0    286.423  
 0.0    286.557  
 75.75    286.69  
 0.0    286.825  
 72.5    286.957  
 0.0    287.09  
 69.25    287.224  
 0.0    287.357  
 66.0    287.491  
 0.0    287.624  
 62.75    287.758  
 0.0    287.891  
 59.5    288.024  
 0.0    288.158  
 56.25    288.291  
 0.0    288.425  
 53.0    288.558  
 0.0    288.692  
 49.75    288.825  
 0.0    288.958  
 46.5    289.092  
 0.0    289.225  
 43.25    289.359  
 0.0    289.492  
 40.0    289.626  
 0.0    289.759  
 36.75    289.892  
 0.0    290.026  
 33.5    290.159  
 0.0    290.293  
 30.25    290.426  
 0.0    290.56  
 27.0    290.693  
 0.0    290.826  
 23.75    290.96  
 0.0    291.093  
 20.5    291.227  
 0.0    291.36  
 17.25    291.494  
 0.0    291.627  
 14.0    291.761  
 0.0    291.894  
 10.75    292.027  
 0.0    292.161  
 7.5    292.294  
 0.0    292.428  
 4.25    292.561  
 0.0    292.704  
 352.0    292.845  
 0.0    292.978  
 348.75    293.111  
 0.0    293.245  
 345.5    293.378  
 0.0    293.512  
 342.25    293.645  
 0.0    293.779  
 339.0    293.912  
 0.0    294.046  
 335.75    294.179  
 0.0    294.312  
 332.5    294.446  
 0.0    294.579  
 329.25    294.713  
 0.0    294.846  
 326.0    294.98  
 0.0    295.113  
 322.75    295.246  
 0.0    295.38  
 319.5    295.513  
 0.0    295.647  
 316.25    295.78  
 0.0    295.914  
 313.0    296.047  
 0.0    296.18  
 309.75    296.314  
 0.0    296.447  
 306.5    296.581  
 0.0    296.714  
 303.25    296.847  
 0.0    296.981  
 300.0    297.114  
 0.0    297.248  
 296.75    297.382  
 0.0    297.515  
 293.5    297.648  
 0.0    297.782  
 290.25    297.915  
 0.0    298.048  
 287.0    298.182  
 0.0    298.315  
 283.75    298.449  
 0.0    298.582  
 280.5    298.716  
 0.0    298.849  
 277.25    298.983  
 0.0    299.116  
 274.0    299.249  
 0.0    299.383  
 270.75    299.516  
 0.0    299.649  
 267.5    299.783  
 0.0    299.916  
 264.25    300.05  
 0.0    300.183  
 261.0    300.317  
 0.0    300.45  
 257.75    300.584  
 0.0    300.717  
 254.5    300.85  
 0.0    300.984  
 251.25    301.117  
 0.0    301.251  
 248.0    301.384  
 0.0    301.518  
 244.75    301.651  
 0.0    301.784  
 241.5    301.918  
 0.0    302.051  
 238.25    302.185  
 0.0    302.318  
 235.0    302.452  
 0.0    302.585  
 231.75    302.718  
 0.0    302.852  
 228.5    302.985  
 0.0    303.119  
 225.25    303.252  
 0.0    303.386  
 222.0    303.519  
 0.0    303.652  
 218.75    303.786  
 0.0    303.919  
 215.5    304.053  
 0.0    304.186  
 212.25    304.32  
 0.0    304.453  
 209.0    304.586  
 0.0    304.72  
 205.75    304.853  
 0.0    304.987  
 202.5    305.12  
 0.0    305.254  
 199.25    305.387  
 0.0    305.52  
 196.0    305.654  
 0.0    305.787  
 192.75    305.921  
 0.0    306.054  
 189.5    306.188  
 0.0    306.321  
 186.25    306.455  
 0.0    306.588  
 183.0    306.721  
 0.0    306.855  
 179.75    306.989  
 0.0    307.122  
 176.5    307.255  
 0.0    307.388  
 173.25    307.522  
 0.0    307.655  
 170.0    307.789  
 0.0    307.922  
 166.75    308.056  
 0.0    308.189  
 163.5    308.322  
 0.0    308.456  
 160.25    308.589  
 0.0    308.723  
 157.0    308.856  
 0.0    308.99  
 153.75    309.123  
 0.0    309.257  
 150.5    309.39  
 0.0    309.523  
 147.25    309.657  
 0.0    309.79  
 144.0    309.924  
 0.0    310.057  
 140.75    310.191  
 0.0    310.324  
 137.5    310.457  
 0.0    310.591  
 134.25    310.724  
 0.0    310.858  
 131.0    310.991  
 0.0    311.125  
 127.75    311.258  
 0.0    311.391  
 124.5    311.525  
 0.0    311.658  
 121.25    311.792  
 0.0    311.925  
 118.0    312.059  
 0.0    312.192  
 114.75    312.325  
 0.0    312.459  
 111.5    312.592  
 0.0    312.726  
 108.25    312.859  
 0.0    312.993  
 105.0    313.126  
 0.0    313.259  
 101.75    313.393  
 0.0    313.526  
 98.5    313.66  
 0.0    313.793  
 95.25    313.927  
 0.0    314.06  
 92.0    314.193  
 0.0    314.327  
 88.75    314.46  
 0.0    314.594  
 85.5    314.727  
 0.0    314.861  
 82.25    314.994  
 0.0    315.127  
 79.0    315.261  
 0.0    315.394  
 75.75    315.528  
 0.0    315.661  
 72.5    315.795  
 0.0    315.928  
 69.25    316.061  
 0.0    316.195  
 66.0    316.328  
 0.0    316.462  
 62.75    316.596  
 0.0    316.729  
 59.5    316.862  
 0.0    316.996  
 56.25    317.129  
 0.0    317.262  
 53.0    317.396  
 0.0    317.529  
 49.75    317.663  
 0.0    317.796  
 46.5    317.929  
 0.0    318.063  
 43.25    318.197  
 0.0    318.33  
 40.0    318.463  
 0.0    318.597  
 36.75    318.73  
 0.0    318.863  
 33.5    318.997  
 0.0    319.13  
 30.25    319.264  
 0.0    319.397  
 27.0    319.531  
 0.0    319.664  
 23.75    319.798  
 0.0    319.931  
 20.5    320.064  
 0.0    320.198  
 17.25    320.331  
 0.0    320.465  
 14.0    320.598  
 0.0    320.731  
 10.75    320.865  
 0.0    320.998  
 7.5    321.132  
 0.0    321.265  
 4.25    321.399  
