 37.29    37.29  
 0.0    37.307  
 4.0    37.443  
 0.0    37.578  
 4.15384615385    37.713  
 0.0    37.857  
 4.30769230769    37.992  
 0.0    38.13  
 4.46153846154    38.274  
 0.0    38.409  
 4.61538461538    38.543  
 0.0    38.677  
 4.76923076923    38.812  
 0.0    38.946  
 4.92307692308    39.08  
 0.0    39.225  
 5.07692307692    39.36  
 0.0    39.495  
 5.23076923077    39.629  
 0.0    39.764  
 5.38461538462    39.907  
 0.0    40.043  
 5.53846153846    40.178  
 0.0    40.313  
 5.69230769231    40.447  
 0.0    40.582  
 5.84615384615    40.726  
 0.0    40.861  
 6.0    40.995  
 0.0    41.129  
 6.15384615385    41.263  
 0.0    41.398  
 6.30769230769    41.532  
 0.0    41.675  
 6.46153846154    41.811  
 0.0    41.946  
 6.61538461538    42.08  
 0.0    42.215  
 6.76923076923    42.35  
 0.0    42.494  
 6.92307692308    42.629  
 0.0    42.763  
 7.07692307692    42.898  
 0.0    43.033  
 7.23076923077    43.167  
 0.0    43.311  
 7.38461538462    43.446  
 0.0    43.581  
 7.53846153846    43.716  
 0.0    43.85  
 7.69230769231    43.984  
 0.0    44.129  
 7.84615384615    44.263  
 0.0    44.397  
 8.0    44.532  
 0.0    44.666  
 8.15384615385    44.8  
 0.0    44.935  
 8.30769230769    45.079  
 0.0    45.214  
 8.46153846154    45.349  
 0.0    45.483  
 8.61538461538    45.617  
 0.0    45.751  
 8.76923076923    45.886  
 0.0    46.03  
 8.92307692308    46.165  
 0.0    46.3  
 9.07692307692    46.435  
 0.0    46.57  
 9.23076923077    46.714  
 0.0    46.849  
 9.38461538462    46.984  
 0.0    47.118  
 9.53846153846    47.253  
 0.0    47.398  
 9.69230769231    47.532  
 0.0    47.667  
 9.84615384615    47.801  
 0.0    47.936  
 10.0    48.07  
 0.0    48.215  
 10.1538461538    48.35  
 0.0    48.484  
 10.3076923077    48.619  
 0.0    48.753  
 10.4615384615    48.888  
 0.0    49.032  
 10.6153846154    49.168  
 0.0    49.302  
 10.7692307692    49.437  
 0.0    49.571  
 10.9230769231    49.716  
 0.0    49.851  
 11.0769230769    49.986  
 0.0    50.121  
 11.2307692308    50.255  
 0.0    50.4  
 11.3846153846    50.535  
 0.0    50.669  
 11.5384615385    50.804  
 0.0    50.938  
 11.6923076923    51.073  
 0.0    51.217  
 11.8461538462    51.352  
 0.0    51.487  
 12.0    51.621  
 0.0    51.756  
 12.1538461538    51.89  
 0.0    52.035  
 12.3076923077    52.169  
 0.0    52.304  
 12.4615384615    52.439  
 0.0    52.574  
 12.6153846154    52.718  
 0.0    52.853  
 12.7692307692    52.987  
 0.0    53.121  
 12.9230769231    53.256  
 0.0    53.39  
 13.0769230769    53.525  
 0.0    53.669  
 13.2307692308    53.804  
 0.0    53.939  
 13.3846153846    54.074  
 0.0    54.208  
 13.5384615385    54.353  
 0.0    54.488  
 13.6923076923    54.622  
 0.0    54.756  
 13.8461538462    54.891  
 0.0    55.025  
 14.0    55.17  
 0.0    55.305  
 14.1538461538    55.44  
 0.0    55.574  
 14.3076923077    55.708  
 0.0    55.843  
 14.4615384615    55.986  
 0.0    56.121  
 14.6153846154    56.256  
 0.0    56.39  
 14.7692307692    56.524  
 0.0    56.659  
 14.9230769231    56.793  
 0.0    56.938  
 15.0769230769    57.073  
 0.0    57.207  
 15.2307692308    57.342  
 0.0    57.476  
 15.3846153846    57.611  
 0.0    57.755  
 15.5384615385    57.89  
 0.0    58.024  
 15.6923076923    58.159  
 0.0    58.293  
 15.8461538462    58.428  
 0.0    58.572  
 16.0    58.708  
 0.0    58.843  
 16.1538461538    58.977  
 0.0    59.112  
 16.3076923077    59.256  
 0.0    59.391  
 16.4615384615    59.525  
 0.0    59.66  
 16.6153846154    59.795  
 0.0    59.929  
 16.7692307692    60.074  
 0.0    60.208  
 16.9230769231    60.343  
 0.0    60.477  
 17.0769230769    60.612  
 0.0    60.746  
 17.2307692308    60.891  
 0.0    61.026  
 17.3846153846    61.161  
 0.0    61.295  
 17.5384615385    61.43  
 0.0    61.575  
 17.6923076923    61.71  
 0.0    61.844  
 17.8461538462    61.979  
 0.0    62.113  
 18.0    62.248  
 0.0    62.392  
 18.1538461538    62.527  
 0.0    62.661  
 18.3076923077    62.796  
 0.0    62.932  
 18.4615384615    63.076  
 0.0    63.211  
 18.6153846154    63.346  
 0.0    63.48  
 18.7692307692    63.615  
 0.0    63.76  
 18.9230769231    63.895  
 0.0    64.029  
 19.0769230769    64.164  
 0.0    64.299  
 19.2307692308    64.443  
 0.0    64.578  
 19.3846153846    64.713  
 0.0    64.847  
 19.5384615385    64.982  
 0.0    65.116  
 19.6923076923    65.261  
 0.0    65.395  
 19.8461538462    65.531  
 0.0    65.673  
 4.0    65.811  
 0.0    65.946  
 4.15384615385    66.08  
 0.0    66.215  
 4.30769230769    66.349  
 0.0    66.484  
 4.46153846154    66.628  
 0.0    66.763  
 4.61538461538    66.898  
 0.0    67.032  
 4.76923076923    67.168  
 0.0    67.312  
 4.92307692308    67.447  
 0.0    67.582  
 5.07692307692    67.717  
 0.0    67.851  
 5.23076923077    67.996  
 0.0    68.13  
 5.38461538462    68.265  
 0.0    68.4  
 5.53846153846    68.534  
 0.0    68.669  
 5.69230769231    68.813  
 0.0    68.948  
 5.84615384615    69.083  
 0.0    69.218  
 6.0    69.353  
 0.0    69.497  
 6.15384615385    69.632  
 0.0    69.766  
 6.30769230769    69.901  
 0.0    70.036  
 6.46153846154    70.17  
 0.0    70.314  
 6.61538461538    70.449  
 0.0    70.583  
 6.76923076923    70.718  
 0.0    70.852  
 6.92307692308    70.987  
 0.0    71.132  
 7.07692307692    71.266  
 0.0    71.401  
 7.23076923077    71.536  
 0.0    71.671  
 7.38461538462    71.816  
 0.0    71.95  
 7.53846153846    72.085  
 0.0    72.22  
 7.69230769231    72.354  
 0.0    72.499  
 7.84615384615    72.634  
 0.0    72.769  
 8.0    72.903  
 0.0    73.038  
 8.15384615385    73.172  
 0.0    73.317  
 8.30769230769    73.451  
 0.0    73.586  
 8.46153846154    73.72  
 0.0    73.854  
 8.61538461538    73.989  
 0.0    74.134  
 8.76923076923    74.269  
 0.0    74.403  
 8.92307692308    74.537  
 0.0    74.672  
 9.07692307692    74.806  
 0.0    74.951  
 9.23076923077    75.085  
 0.0    75.221  
 9.38461538462    75.355  
 0.0    75.49  
 9.53846153846    75.624  
 0.0    75.768  
 9.69230769231    75.903  
 0.0    76.038  
 9.84615384615    76.172  
 0.0    76.306  
 10.0    76.441  
 0.0    76.586  
 10.1538461538    76.72  
 0.0    76.855  
 10.3076923077    76.99  
 0.0    77.124  
 10.4615384615    77.259  
 0.0    77.403  
 10.6153846154    77.538  
 0.0    77.673  
 10.7692307692    77.807  
 0.0    77.942  
 10.9230769231    78.087  
 0.0    78.221  
 11.0769230769    78.356  
 0.0    78.491  
 11.2307692308    78.626  
 0.0    78.77  
 11.3846153846    78.905  
 0.0    79.04  
 11.5384615385    79.174  
 0.0    79.309  
 11.6923076923    79.443  
 0.0    79.588  
 11.8461538462    79.723  
 0.0    79.857  
 12.0    79.992  
 0.0    80.126  
 12.1538461538    80.26  
 0.0    80.405  
 12.3076923077    80.54  
 0.0    80.674  
 12.4615384615    80.808  
 0.0    80.943  
 12.6153846154    81.078  
 0.0    81.221  
 12.7692307692    81.357  
 0.0    81.491  
 12.9230769231    81.627  
 0.0    81.762  
 13.0769230769    81.906  
 0.0    82.041  
 13.2307692308    82.175  
 0.0    82.31  
 13.3846153846    82.446  
 0.0    82.59  
 13.5384615385    82.725  
 0.0    82.86  
 13.6923076923    82.994  
 0.0    83.129  
 13.8461538462    83.274  
 0.0    83.409  
 14.0    83.543  
 0.0    83.678  
 14.1538461538    83.813  
 0.0    83.958  
 14.3076923077    84.092  
 0.0    84.227  
 14.4615384615    84.361  
 0.0    84.496  
 14.6153846154    84.63  
 0.0    84.775  
 14.7692307692    84.91  
 0.0    85.044  
 14.9230769231    85.179  
 0.0    85.313  
 15.0769230769    85.448  
 0.0    85.592  
 15.2307692308    85.727  
 0.0    85.862  
 15.3846153846    85.997  
 0.0    86.132  
 15.5384615385    86.276  
 0.0    86.411  
 15.6923076923    86.546  
 0.0    86.68  
 15.8461538462    86.815  
 0.0    86.96  
 16.0    87.095  
 0.0    87.229  
 16.1538461538    87.364  
 0.0    87.498  
 16.3076923077    87.633  
 0.0    87.777  
 16.4615384615    87.912  
 0.0    88.047  
 16.6153846154    88.181  
 0.0    88.316  
 16.7692307692    88.45  
 0.0    88.594  
 16.9230769231    88.729  
 0.0    88.863  
 17.0769230769    88.998  
 0.0    89.132  
 17.2307692308    89.267  
 0.0    89.41  
 17.3846153846    89.546  
 0.0    89.681  
 17.5384615385    89.816  
 0.0    89.952  
 17.6923076923    90.095  
 0.0    90.23  
 17.8461538462    90.365  
 0.0    90.499  
 18.0    90.634  
 0.0    90.768  
 18.1538461538    90.913  
 0.0    91.047  
 18.3076923077    91.182  
 0.0    91.317  
 18.4615384615    91.451  
 0.0    91.586  
 18.6153846154    91.73  
 0.0    91.864  
 18.7692307692    91.999  
 0.0    92.133  
 18.9230769231    92.268  
 0.0    92.403  
 19.0769230769    92.547  
 0.0    92.682  
 19.2307692308    92.817  
 0.0    92.952  
 19.3846153846    93.087  
 0.0    93.231  
 19.5384615385    93.366  
 0.0    93.5  
 19.6923076923    93.636  
 0.0    93.77  
 19.8461538462    93.915  
 0.0    94.061  
 4.0    94.198  
 0.0    94.333  
 4.15384615385    94.468  
 0.0    94.602  
 4.30769230769    94.738  
 0.0    94.882  
 4.46153846154    95.017  
 0.0    95.151  
 4.61538461538    95.286  
 0.0    95.421  
 4.76923076923    95.566  
 0.0    95.701  
 4.92307692308    95.836  
 0.0    95.97  
 5.07692307692    96.105  
 0.0    96.25  
 5.23076923077    96.385  
 0.0    96.519  
 5.38461538462    96.654  
 0.0    96.788  
 5.53846153846    96.923  
 0.0    97.067  
 5.69230769231    97.202  
 0.0    97.336  
 5.84615384615    97.471  
 0.0    97.605  
 6.0    97.739  
 0.0    97.884  
 6.15384615385    98.019  
 0.0    98.153  
 6.30769230769    98.289  
 0.0    98.423  
 6.46153846154    98.557  
 0.0    98.702  
 6.61538461538    98.836  
 0.0    98.971  
 6.76923076923    99.105  
 0.0    99.24  
 6.92307692308    99.374  
 0.0    99.519  
 7.07692307692    99.654  
 0.0    99.788  
 7.23076923077    99.923  
 0.0    100.058  
 7.38461538462    100.192  
 0.0    100.336  
 7.53846153846    100.471  
 0.0    100.605  
 7.69230769231    100.74  
 0.0    100.875  
 7.84615384615    101.009  
 0.0    101.153  
 8.0    101.288  
 0.0    101.423  
 8.15384615385    101.558  
 0.0    101.692  
 8.30769230769    101.837  
 0.0    101.972  
 8.46153846154    102.107  
 0.0    102.241  
 8.61538461538    102.376  
 0.0    102.521  
 8.76923076923    102.656  
 0.0    102.791  
 8.92307692308    102.925  
 0.0    103.06  
 9.07692307692    103.205  
 0.0    103.339  
 9.23076923077    103.474  
 0.0    103.609  
 9.38461538462    103.744  
 0.0    103.889  
 9.53846153846    104.024  
 0.0    104.158  
 9.69230769231    104.293  
 0.0    104.428  
 9.84615384615    104.573  
 0.0    104.707  
 10.0    104.842  
 0.0    104.976  
 10.1538461538    105.111  
 0.0    105.245  
 10.3076923077    105.39  
 0.0    105.525  
 10.4615384615    105.659  
 0.0    105.793  
 10.6153846154    105.928  
 0.0    106.062  
 10.7692307692    106.207  
 0.0    106.342  
 10.9230769231    106.476  
 0.0    106.61  
 11.0769230769    106.746  
 0.0    106.88  
 11.2307692308    107.024  
 0.0    107.159  
 11.3846153846    107.294  
 0.0    107.429  
 11.5384615385    107.563  
 0.0    107.708  
 11.6923076923    107.843  
 0.0    107.977  
 11.8461538462    108.112  
 0.0    108.247  
 12.0    108.392  
 0.0    108.526  
 12.1538461538    108.661  
 0.0    108.796  
 12.3076923077    108.932  
 0.0    109.076  
 12.4615384615    109.21  
 0.0    109.345  
 12.6153846154    109.479  
 0.0    109.614  
 12.7692307692    109.748  
 0.0    109.882  
 12.9230769231    110.025  
 0.0    110.161  
 13.0769230769    110.295  
 0.0    110.429  
 13.2307692308    110.564  
 0.0    110.699  
 13.3846153846    110.844  
 0.0    110.978  
 13.5384615385    111.113  
 0.0    111.248  
 13.6923076923    111.383  
 0.0    111.528  
 13.8461538462    111.663  
 0.0    111.797  
 14.0    111.932  
 0.0    112.067  
 14.1538461538    112.211  
 0.0    112.346  
 14.3076923077    112.481  
 0.0    112.615  
 14.4615384615    112.75  
 0.0    112.884  
 14.6153846154    113.027  
 0.0    113.163  
 14.7692307692    113.298  
 0.0    113.432  
 14.9230769231    113.567  
 0.0    113.701  
 15.0769230769    113.846  
 0.0    113.98  
 15.2307692308    114.115  
 0.0    114.251  
 15.3846153846    114.385  
 0.0    114.528  
 15.5384615385    114.664  
 0.0    114.799  
 15.6923076923    114.934  
 0.0    115.069  
 15.8461538462    115.214  
 0.0    115.348  
 16.0    115.483  
 0.0    115.618  
 16.1538461538    115.753  
 0.0    115.897  
 16.3076923077    116.032  
 0.0    116.167  
 16.4615384615    116.301  
 0.0    116.436  
 16.6153846154    116.581  
 0.0    116.717  
 16.7692307692    116.851  
 0.0    116.986  
 16.9230769231    117.121  
 0.0    117.265  
 17.0769230769    117.4  
 0.0    117.534  
 17.2307692308    117.669  
 0.0    117.803  
 17.3846153846    117.938  
 0.0    118.082  
 17.5384615385    118.217  
 0.0    118.366  
 17.6923076923    118.501  
 0.0    118.635  
 17.8461538462    118.77  
 0.0    118.904  
 18.0    119.039  
 0.0    119.183  
 18.1538461538    119.318  
 0.0    119.452  
 18.3076923077    119.587  
 0.0    119.721  
 18.4615384615    119.856  
 0.0    120.0  
 18.6153846154    120.136  
 0.0    120.271  
 18.7692307692    120.406  
 0.0    120.54  
 18.9230769231    120.684  
 0.0    120.819  
 19.0769230769    120.954  
 0.0    121.088  
 19.2307692308    121.223  
 0.0    121.357  
 19.3846153846    121.5  
 0.0    121.636  
 19.5384615385    121.771  
 0.0    121.906  
 19.6923076923    122.041  
 0.0    122.185  
 19.8461538462    122.32  
 0.0    122.465  
 4.0    122.602  
 0.0    122.737  
 4.15384615385    122.872  
 0.0    123.006  
 4.30769230769    123.141  
 0.0    123.286  
 4.46153846154    123.421  
 0.0    123.555  
 4.61538461538    123.69  
 0.0    123.825  
 4.76923076923    123.959  
 0.0    124.103  
 4.92307692308    124.238  
 0.0    124.373  
 5.07692307692    124.508  
 0.0    124.643  
 5.23076923077    124.787  
 0.0    124.922  
 5.38461538462    125.057  
 0.0    125.191  
 5.53846153846    125.326  
 0.0    125.46  
 5.69230769231    125.604  
 0.0    125.739  
 5.84615384615    125.874  
 0.0    126.008  
 6.0    126.143  
 0.0    126.277  
 6.15384615385    126.422  
 0.0    126.557  
 6.30769230769    126.692  
 0.0    126.826  
 6.46153846154    126.96  
 0.0    127.105  
 6.61538461538    127.24  
 0.0    127.375  
 6.76923076923    127.51  
 0.0    127.645  
 6.92307692308    127.789  
 0.0    127.924  
 7.07692307692    128.059  
 0.0    128.193  
 7.23076923077    128.328  
 0.0    128.462  
 7.38461538462    128.607  
 0.0    128.741  
 7.53846153846    128.876  
 0.0    129.011  
 7.69230769231    129.146  
 0.0    129.29  
 7.84615384615    129.425  
 0.0    129.56  
 8.0    129.695  
 0.0    129.829  
 8.15384615385    129.974  
 0.0    130.109  
 8.30769230769    130.244  
 0.0    130.379  
 8.46153846154    130.513  
 0.0    130.658  
 8.61538461538    130.793  
 0.0    130.928  
 8.76923076923    131.063  
 0.0    131.197  
 8.92307692308    131.342  
 0.0    131.477  
 9.07692307692    131.611  
 0.0    131.745  
 9.23076923077    131.88  
 0.0    132.015  
 9.38461538462    132.159  
 0.0    132.294  
 9.53846153846    132.429  
 0.0    132.563  
 9.69230769231    132.697  
 0.0    132.832  
 9.84615384615    132.976  
 0.0    133.111  
 10.0    133.246  
 0.0    133.38  
 10.1538461538    133.516  
 0.0    133.66  
 10.3076923077    133.795  
 0.0    133.93  
 10.4615384615    134.064  
 0.0    134.199  
 10.6153846154    134.333  
 0.0    134.478  
 10.7692307692    134.612  
 0.0    134.747  
 10.9230769231    134.881  
 0.0    135.016  
 11.0769230769    135.15  
 0.0    135.295  
 11.2307692308    135.43  
 0.0    135.565  
 11.3846153846    135.699  
 0.0    135.834  
 11.5384615385    135.979  
 0.0    136.113  
 11.6923076923    136.248  
 0.0    136.383  
 11.8461538462    136.517  
 0.0    136.652  
 12.0    136.796  
 0.0    136.931  
 12.1538461538    137.066  
 0.0    137.201  
 12.3076923077    137.336  
 0.0    137.48  
 12.4615384615    137.615  
 0.0    137.749  
 12.6153846154    137.884  
 0.0    138.018  
 12.7692307692    138.153  
 0.0    138.297  
 12.9230769231    138.432  
 0.0    138.566  
 13.0769230769    138.701  
 0.0    138.835  
 13.2307692308    138.97  
 0.0    139.114  
 13.3846153846    139.249  
 0.0    139.384  
 13.5384615385    139.518  
 0.0    139.652  
 13.6923076923    139.788  
 0.0    139.93  
 13.8461538462    140.067  
 0.0    140.201  
 14.0    140.335  
 0.0    140.47  
 14.1538461538    140.615  
 0.0    140.75  
 14.3076923077    140.885  
 0.0    141.019  
 14.4615384615    141.154  
 0.0    141.299  
 14.6153846154    141.434  
 0.0    141.568  
 14.7692307692    141.703  
 0.0    141.837  
 14.9230769231    141.972  
 0.0    142.116  
 15.0769230769    142.251  
 0.0    142.386  
 15.2307692308    142.52  
 0.0    142.655  
 15.3846153846    142.789  
 0.0    142.934  
 15.5384615385    143.069  
 0.0    143.203  
 15.6923076923    143.338  
 0.0    143.472  
 15.8461538462    143.618  
 0.0    143.752  
 16.0    143.887  
 0.0    144.022  
 16.1538461538    144.157  
 0.0    144.301  
 16.3076923077    144.436  
 0.0    144.57  
 16.4615384615    144.705  
 0.0    144.839  
 16.6153846154    144.974  
 0.0    145.119  
 16.7692307692    145.253  
 0.0    145.388  
 16.9230769231    145.522  
 0.0    145.656  
 17.0769230769    145.791  
 0.0    145.936  
 17.2307692308    146.071  
 0.0    146.205  
 17.3846153846    146.341  
 0.0    146.486  
 17.5384615385    146.621  
 0.0    146.756  
 17.6923076923    146.891  
 0.0    147.025  
 17.8461538462    147.17  
 0.0    147.305  
 18.0    147.44  
 0.0    147.574  
 18.1538461538    147.709  
 0.0    147.852  
 18.3076923077    147.989  
 0.0    148.123  
 18.4615384615    148.258  
 0.0    148.392  
 18.6153846154    148.528  
 0.0    148.671  
 18.7692307692    148.806  
 0.0    148.941  
 18.9230769231    149.075  
 0.0    149.21  
 19.0769230769    149.344  
 0.0    149.488  
 19.2307692308    149.623  
 0.0    149.758  
 19.3846153846    149.893  
 0.0    150.027  
 19.5384615385    150.162  
 0.0    150.306  
 19.6923076923    150.441  
 0.0    150.575  
 19.8461538462    150.71  
 0.0    150.856  
 4.0    150.991  
 0.0    151.125  
 4.15384615385    151.26  
 0.0    151.394  
 4.30769230769    151.529  
 0.0    151.673  
 4.46153846154    151.808  
 0.0    151.944  
 4.61538461538    152.079  
 0.0    152.224  
 4.76923076923    152.359  
 0.0    152.493  
 4.92307692308    152.627  
 0.0    152.762  
 5.07692307692    152.896  
 0.0    153.041  
 5.23076923077    153.176  
 0.0    153.311  
 5.38461538462    153.446  
 0.0    153.581  
 5.53846153846    153.725  
 0.0    153.86  
 5.69230769231    153.994  
 0.0    154.129  
 5.84615384615    154.264  
 0.0    154.409  
 6.0    154.543  
 0.0    154.678  
 6.15384615385    154.812  
 0.0    154.947  
 6.30769230769    155.081  
 0.0    155.226  
 6.46153846154    155.361  
 0.0    155.496  
 6.61538461538    155.63  
 0.0    155.765  
 6.76923076923    155.91  
 0.0    156.045  
 6.92307692308    156.179  
 0.0    156.314  
 7.07692307692    156.448  
 0.0    156.582  
 7.23076923077    156.727  
 0.0    156.862  
 7.38461538462    156.996  
 0.0    157.131  
 7.53846153846    157.265  
 0.0    157.4  
 7.69230769231    157.544  
 0.0    157.679  
 7.84615384615    157.815  
 0.0    157.951  
 8.0    158.095  
 0.0    158.23  
 8.15384615385    158.365  
 0.0    158.499  
 8.30769230769    158.634  
 0.0    158.778  
 8.46153846154    158.913  
 0.0    159.047  
 8.61538461538    159.182  
 0.0    159.316  
 8.76923076923    159.452  
 0.0    159.596  
 8.92307692308    159.731  
 0.0    159.865  
 9.07692307692    160.0  
 0.0    160.135  
 9.23076923077    160.28  
 0.0    160.414  
 9.38461538462    160.549  
 0.0    160.683  
 9.53846153846    160.818  
 0.0    160.952  
 9.69230769231    161.097  
 0.0    161.232  
 9.84615384615    161.366  
 0.0    161.501  
 10.0    161.635  
 0.0    161.77  
 10.1538461538    161.914  
 0.0    162.049  
 10.3076923077    162.184  
 0.0    162.319  
 10.4615384615    162.454  
 0.0    162.598  
 10.6153846154    162.733  
 0.0    162.867  
 10.7692307692    163.002  
 0.0    163.137  
 10.9230769231    163.282  
 0.0    163.417  
 11.0769230769    163.551  
 0.0    163.686  
 11.2307692308    163.821  
 0.0    163.966  
 11.3846153846    164.1  
 0.0    164.235  
 11.5384615385    164.369  
 0.0    164.504  
 11.6923076923    164.639  
 0.0    164.783  
 11.8461538462    164.917  
 0.0    165.052  
 12.0    165.186  
 0.0    165.322  
 12.1538461538    165.467  
 0.0    165.602  
 12.3076923077    165.737  
 0.0    165.871  
 12.4615384615    166.006  
 0.0    166.151  
 12.6153846154    166.285  
 0.0    166.42  
 12.7692307692    166.555  
 0.0    166.69  
 12.9230769231    166.834  
 0.0    166.969  
 13.0769230769    167.104  
 0.0    167.238  
 13.2307692308    167.373  
 0.0    167.507  
 13.3846153846    167.652  
 0.0    167.786  
 13.5384615385    167.921  
 0.0    168.056  
 13.6923076923    168.19  
 0.0    168.335  
 13.8461538462    168.47  
 0.0    168.605  
 14.0    168.739  
 0.0    168.874  
 14.1538461538    169.008  
 0.0    169.153  
 14.3076923077    169.288  
 0.0    169.422  
 14.4615384615    169.557  
 0.0    169.691  
 14.6153846154    169.826  
 0.0    169.97  
 14.7692307692    170.104  
 0.0    170.239  
 14.9230769231    170.375  
 0.0    170.52  
 15.0769230769    170.655  
 0.0    170.79  
 15.2307692308    170.924  
 0.0    171.059  
 15.3846153846    171.193  
 0.0    171.338  
 15.5384615385    171.473  
 0.0    171.607  
 15.6923076923    171.742  
 0.0    171.876  
 15.8461538462    172.011  
 0.0    172.155  
 16.0    172.289  
 0.0    172.424  
 16.1538461538    172.559  
 0.0    172.693  
 16.3076923077    172.828  
 0.0    172.972  
 16.4615384615    173.107  
 0.0    173.241  
 16.6153846154    173.376  
 0.0    173.511  
 16.7692307692    173.645  
 0.0    173.789  
 16.9230769231    173.924  
 0.0    174.059  
 17.0769230769    174.194  
 0.0    174.329  
 17.2307692308    174.473  
 0.0    174.608  
 17.3846153846    174.743  
 0.0    174.878  
 17.5384615385    175.013  
 0.0    175.157  
 17.6923076923    175.292  
 0.0    175.427  
 17.8461538462    175.561  
 0.0    175.696  
 18.0    175.841  
 0.0    175.976  
 18.1538461538    176.111  
 0.0    176.246  
 18.3076923077    176.381  
 0.0    176.525  
 18.4615384615    176.66  
 0.0    176.794  
 18.6153846154    176.929  
 0.0    177.063  
 18.7692307692    177.209  
 0.0    177.343  
 18.9230769231    177.478  
 0.0    177.613  
 19.0769230769    177.747  
 0.0    177.892  
 19.2307692308    178.027  
 0.0    178.162  
 19.3846153846    178.297  
 0.0    178.431  
 19.5384615385    178.576  
 0.0    178.711  
 19.6923076923    178.846  
 0.0    178.981  
 19.8461538462    179.116  
 0.0    179.262  
 4.0    179.396  
 0.0    179.531  
 4.15384615385    179.666  
 0.0    179.811  
 4.30769230769    179.945  
 0.0    180.08  
 4.46153846154    180.214  
 0.0    180.35  
 4.61538461538    180.494  
 0.0    180.629  
 4.76923076923    180.764  
 0.0    180.898  
 4.92307692308    181.033  
 0.0    181.167  
 5.07692307692    181.312  
 0.0    181.446  
 5.23076923077    181.581  
 0.0    181.716  
 5.38461538462    181.851  
 0.0    181.995  
 5.53846153846    182.13  
 0.0    182.265  
 5.69230769231    182.399  
 0.0    182.534  
 5.84615384615    182.668  
 0.0    182.813  
 6.0    182.947  
 0.0    183.082  
 6.15384615385    183.216  
 0.0    183.351  
 6.30769230769    183.487  
 0.0    183.63  
 6.46153846154    183.765  
 0.0    183.899  
 6.61538461538    184.034  
 0.0    184.168  
 6.76923076923    184.303  
 0.0    184.447  
 6.92307692308    184.582  
 0.0    184.717  
 7.07692307692    184.852  
 0.0    184.987  
 7.23076923077    185.131  
 0.0    185.266  
 7.38461538462    185.4  
 0.0    185.535  
 7.53846153846    185.67  
 0.0    185.804  
 7.69230769231    185.948  
 0.0    186.083  
 7.84615384615    186.217  
 0.0    186.352  
 8.0    186.487  
 0.0    186.622  
 8.15384615385    186.766  
 0.0    186.9  
 8.30769230769    187.036  
 0.0    187.17  
 8.46153846154    187.305  
 0.0    187.449  
 8.61538461538    187.584  
 0.0    187.719  
 8.76923076923    187.853  
 0.0    187.988  
 8.92307692308    188.133  
 0.0    188.268  
 9.07692307692    188.403  
 0.0    188.538  
 9.23076923077    188.673  
 0.0    188.817  
 9.38461538462    188.952  
 0.0    189.087  
 9.53846153846    189.221  
 0.0    189.356  
 9.69230769231    189.501  
 0.0    189.636  
 9.84615384615    189.77  
 0.0    189.905  
 10.0    190.039  
 0.0    190.174  
 10.1538461538    190.318  
 0.0    190.453  
 10.3076923077    190.588  
 0.0    190.723  
 10.4615384615    190.858  
 0.0    191.002  
 10.6153846154    191.137  
 0.0    191.271  
 10.7692307692    191.406  
 0.0    191.54  
 10.9230769231    191.675  
 0.0    191.819  
 11.0769230769    191.954  
 0.0    192.09  
 11.2307692308    192.225  
 0.0    192.37  
 11.3846153846    192.504  
 0.0    192.639  
 11.5384615385    192.775  
 0.0    192.909  
 11.6923076923    193.053  
 0.0    193.188  
 11.8461538462    193.323  
 0.0    193.46  
 12.0    193.604  
 0.0    193.739  
 12.1538461538    193.874  
 0.0    194.009  
 12.3076923077    194.144  
 0.0    194.288  
 12.4615384615    194.422  
 0.0    194.571  
 12.6153846154    194.706  
 0.0    194.841  
 12.7692307692    194.975  
 0.0    195.11  
 12.9230769231    195.255  
 0.0    195.39  
 13.0769230769    195.524  
 0.0    195.659  
 13.2307692308    195.794  
 0.0    195.928  
 13.3846153846    196.072  
 0.0    196.207  
 13.5384615385    196.342  
 0.0    196.476  
 13.6923076923    196.611  
 0.0    196.756  
 13.8461538462    196.891  
 0.0    197.026  
 14.0    197.161  
 0.0    197.296  
 14.1538461538    197.44  
 0.0    197.575  
 14.3076923077    197.71  
 0.0    197.844  
 14.4615384615    197.979  
 0.0    198.124  
 14.6153846154    198.258  
 0.0    198.393  
 14.7692307692    198.528  
 0.0    198.663  
 14.9230769231    198.808  
 0.0    198.942  
 15.0769230769    199.077  
 0.0    199.211  
 15.2307692308    199.346  
 0.0    199.481  
 15.3846153846    199.625  
 0.0    199.76  
 15.5384615385    199.894  
 0.0    200.029  
 15.6923076923    200.164  
 0.0    200.309  
 15.8461538462    200.444  
 0.0    200.578  
 16.0    200.713  
 0.0    200.848  
 16.1538461538    200.993  
 0.0    201.127  
 16.3076923077    201.263  
 0.0    201.398  
 16.4615384615    201.543  
 0.0    201.678  
 16.6153846154    201.813  
 0.0    201.947  
 16.7692307692    202.082  
 0.0    202.227  
 16.9230769231    202.361  
 0.0    202.496  
 17.0769230769    202.631  
 0.0    202.765  
 17.2307692308    202.9  
 0.0    203.044  
 17.3846153846    203.179  
 0.0    203.314  
 17.5384615385    203.448  
 0.0    203.583  
 17.6923076923    203.728  
 0.0    203.863  
 17.8461538462    203.997  
 0.0    204.132  
 18.0    204.267  
 0.0    204.412  
 18.1538461538    204.546  
 0.0    204.681  
 18.3076923077    204.816  
 0.0    204.95  
 18.4615384615    205.095  
 0.0    205.23  
 18.6153846154    205.365  
 0.0    205.5  
 18.7692307692    205.635  
 0.0    205.779  
 18.9230769231    205.914  
 0.0    206.049  
 19.0769230769    206.184  
 0.0    206.318  
 19.2307692308    206.463  
 0.0    206.598  
 19.3846153846    206.733  
 0.0    206.867  
 19.5384615385    207.002  
 0.0    207.147  
 19.6923076923    207.282  
 0.0    207.417  
 19.8461538462    207.551  
 0.0    207.699  
 4.0    207.833  
 0.0    207.968  
 4.15384615385    208.103  
 0.0    208.248  
 4.30769230769    208.383  
 0.0    208.518  
 4.46153846154    208.652  
 0.0    208.787  
 4.61538461538    208.932  
 0.0    209.066  
 4.76923076923    209.201  
 0.0    209.335  
 4.92307692308    209.47  
 0.0    209.604  
 5.07692307692    209.749  
 0.0    209.884  
 5.23076923077    210.018  
 0.0    210.153  
 5.38461538462    210.288  
 0.0    210.433  
 5.53846153846    210.567  
 0.0    210.702  
 5.69230769231    210.837  
 0.0    210.973  
 5.84615384615    211.117  
 0.0    211.251  
 6.0    211.386  
 0.0    211.521  
 6.15384615385    211.656  
 0.0    211.8  
 6.30769230769    211.935  
 0.0    212.07  
 6.46153846154    212.205  
 0.0    212.339  
 6.61538461538    212.484  
 0.0    212.619  
 6.76923076923    212.754  
 0.0    212.889  
 6.92307692308    213.024  
 0.0    213.168  
 7.07692307692    213.303  
 0.0    213.438  
 7.23076923077    213.572  
 0.0    213.707  
 7.38461538462    213.852  
 0.0    213.987  
 7.53846153846    214.121  
 0.0    214.256  
 7.69230769231    214.391  
 0.0    214.536  
 7.84615384615    214.67  
 0.0    214.805  
 8.0    214.94  
 0.0    215.074  
 8.15384615385    215.209  
 0.0    215.353  
 8.30769230769    215.488  
 0.0    215.623  
 8.46153846154    215.758  
 0.0    215.893  
 8.61538461538    216.037  
 0.0    216.172  
 8.76923076923    216.307  
 0.0    216.442  
 8.92307692308    216.577  
 0.0    216.721  
 9.07692307692    216.855  
 0.0    216.99  
 9.23076923077    217.125  
 0.0    217.26  
 9.38461538462    217.404  
 0.0    217.539  
 9.53846153846    217.674  
 0.0    217.809  
 9.69230769231    217.944  
 0.0    218.088  
 9.84615384615    218.223  
 0.0    218.357  
 10.0    218.492  
 0.0    218.627  
 10.1538461538    218.761  
 0.0    218.905  
 10.3076923077    219.04  
 0.0    219.175  
 10.4615384615    219.31  
 0.0    219.444  
 10.6153846154    219.589  
 0.0    219.724  
 10.7692307692    219.859  
 0.0    219.993  
 10.9230769231    220.128  
 0.0    220.273  
 11.0769230769    220.408  
 0.0    220.542  
 11.2307692308    220.677  
 0.0    220.812  
 11.3846153846    220.957  
 0.0    221.091  
 11.5384615385    221.226  
 0.0    221.361  
 11.6923076923    221.496  
 0.0    221.63  
 11.8461538462    221.774  
 0.0    221.909  
 12.0    222.045  
 0.0    222.18  
 12.1538461538    222.325  
 0.0    222.459  
 12.3076923077    222.594  
 0.0    222.729  
 12.4615384615    222.863  
 0.0    223.009  
 12.6153846154    223.143  
 0.0    223.278  
 12.7692307692    223.413  
 0.0    223.547  
 12.9230769231    223.692  
 0.0    223.827  
 13.0769230769    223.962  
 0.0    224.096  
 13.2307692308    224.231  
 0.0    224.376  
 13.3846153846    224.511  
 0.0    224.646  
 13.5384615385    224.78  
 0.0    224.915  
 13.6923076923    225.049  
 0.0    225.193  
 13.8461538462    225.328  
 0.0    225.464  
 14.0    225.6  
 0.0    225.744  
 14.1538461538    225.878  
 0.0    226.013  
 14.3076923077    226.148  
 0.0    226.283  
 14.4615384615    226.428  
 0.0    226.562  
 14.6153846154    226.697  
 0.0    226.832  
 14.7692307692    226.967  
 0.0    227.111  
 14.9230769231    227.246  
 0.0    227.381  
 15.0769230769    227.515  
 0.0    227.65  
 15.2307692308    227.785  
 0.0    227.929  
 15.3846153846    228.064  
 0.0    228.199  
 15.5384615385    228.334  
 0.0    228.469  
 15.6923076923    228.613  
 0.0    228.747  
 15.8461538462    228.883  
 0.0    229.018  
 16.0    229.153  
 0.0    229.296  
 16.1538461538    229.432  
 0.0    229.567  
 16.3076923077    229.702  
 0.0    229.847  
 16.4615384615    229.982  
 0.0    230.117  
 16.6153846154    230.252  
 0.0    230.386  
 16.7692307692    230.531  
 0.0    230.669  
 16.9230769231    230.814  
 0.0    230.949  
 17.0769230769    231.084  
 0.0    231.219  
 17.2307692308    231.354  
 0.0    231.498  
 17.3846153846    231.633  
 0.0    231.768  
 17.5384615385    231.903  
 0.0    232.038  
 17.6923076923    232.182  
 0.0    232.317  
 17.8461538462    232.452  
 0.0    232.587  
 18.0    232.722  
 0.0    232.866  
 18.1538461538    233.001  
 0.0    233.136  
 18.3076923077    233.271  
 0.0    233.416  
 18.4615384615    233.551  
 0.0    233.686  
 18.6153846154    233.821  
 0.0    233.966  
 18.7692307692    234.101  
 0.0    234.237  
 18.9230769231    234.372  
 0.0    234.517  
 19.0769230769    234.652  
 0.0    234.787  
 19.2307692308    234.921  
 0.0    235.056  
 19.3846153846    235.201  
 0.0    235.335  
 19.5384615385    235.47  
 0.0    235.605  
 19.6923076923    235.74  
 0.0    235.884  
 19.8461538462    236.019  
 0.0    236.168  
 4.0    236.303  
 0.0    236.438  
 4.15384615385    236.572  
 0.0    236.707  
 4.30769230769    236.852  
 0.0    236.987  
 4.46153846154    237.121  
 0.0    237.256  
 4.61538461538    237.391  
 0.0    237.536  
 4.76923076923    237.67  
 0.0    237.805  
 4.92307692308    237.94  
 0.0    238.074  
 5.07692307692    238.209  
 0.0    238.353  
 5.23076923077    238.487  
 0.0    238.622  
 5.38461538462    238.757  
 0.0    238.892  
 5.53846153846    239.026  
 0.0    239.17  
 5.69230769231    239.305  
 0.0    239.44  
 5.84615384615    239.575  
 0.0    239.71  
 6.0    239.854  
 0.0    239.989  
 6.15384615385    240.124  
 0.0    240.258  
 6.30769230769    240.393  
 0.0    240.538  
 6.46153846154    240.673  
 0.0    240.807  
 6.61538461538    240.942  
 0.0    241.077  
 6.76923076923    241.222  
 0.0    241.357  
 6.92307692308    241.491  
 0.0    241.626  
 7.07692307692    241.761  
 0.0    241.906  
 7.23076923077    242.04  
 0.0    242.175  
 7.38461538462    242.31  
 0.0    242.445  
 7.53846153846    242.589  
 0.0    242.724  
 7.69230769231    242.859  
 0.0    242.993  
 7.84615384615    243.129  
 0.0    243.273  
 8.0    243.408  
 0.0    243.543  
 8.15384615385    243.678  
 0.0    243.813  
 8.30769230769    243.957  
 0.0    244.092  
 8.46153846154    244.227  
 0.0    244.362  
 8.61538461538    244.497  
 0.0    244.641  
 8.76923076923    244.777  
 0.0    244.912  
 8.92307692308    245.047  
 0.0    245.19  
 9.07692307692    245.326  
 0.0    245.461  
 9.23076923077    245.596  
 0.0    245.731  
 9.38461538462    245.875  
 0.0    246.01  
 9.53846153846    246.145  
 0.0    246.279  
 9.69230769231    246.414  
 0.0    246.559  
 9.84615384615    246.694  
 0.0    246.828  
 10.0    246.963  
 0.0    247.098  
 10.1538461538    247.243  
 0.0    247.377  
 10.3076923077    247.512  
 0.0    247.647  
 10.4615384615    247.782  
 0.0    247.927  
 10.6153846154    248.061  
 0.0    248.196  
 10.7692307692    248.331  
 0.0    248.466  
 10.9230769231    248.61  
 0.0    248.745  
 11.0769230769    248.88  
 0.0    249.015  
 11.2307692308    249.149  
 0.0    249.294  
 11.3846153846    249.429  
 0.0    249.564  
 11.5384615385    249.7  
 0.0    249.845  
 11.6923076923    249.98  
 0.0    250.115  
 11.8461538462    250.25  
 0.0    250.395  
 12.0    250.53  
 0.0    250.665  
 12.1538461538    250.8  
 0.0    250.946  
 12.3076923077    251.081  
 0.0    251.216  
 12.4615384615    251.351  
 0.0    251.496  
 12.6153846154    251.631  
 0.0    251.765  
 12.7692307692    251.9  
 0.0    252.035  
 12.9230769231    252.178  
 0.0    252.314  
 13.0769230769    252.449  
 0.0    252.584  
 13.2307692308    252.719  
 0.0    252.863  
 13.3846153846    252.998  
 0.0    253.133  
 13.5384615385    253.268  
 0.0    253.403  
 13.6923076923    253.547  
 0.0    253.682  
 13.8461538462    253.817  
 0.0    253.952  
 14.0    254.087  
 0.0    254.231  
 14.1538461538    254.366  
 0.0    254.5  
 14.3076923077    254.636  
 0.0    254.77  
 14.4615384615    254.915  
 0.0    255.049  
 14.6153846154    255.184  
 0.0    255.319  
 14.7692307692    255.455  
 0.0    255.599  
 14.9230769231    255.733  
 0.0    255.868  
 15.0769230769    256.003  
 0.0    256.138  
 15.2307692308    256.283  
 0.0    256.417  
 15.3846153846    256.552  
 0.0    256.688  
 15.5384615385    256.833  
 0.0    256.968  
 15.6923076923    257.103  
 0.0    257.238  
 15.8461538462    257.373  
 0.0    257.517  
 16.0    257.652  
 0.0    257.787  
 16.1538461538    257.921  
 0.0    258.056  
 16.3076923077    258.201  
 0.0    258.335  
 16.4615384615    258.47  
 0.0    258.605  
 16.6153846154    258.74  
 0.0    258.885  
 16.7692307692    259.02  
 0.0    259.155  
 16.9230769231    259.29  
 0.0    259.435  
 17.0769230769    259.57  
 0.0    259.705  
 17.2307692308    259.841  
 0.0    259.985  
 17.3846153846    260.12  
 0.0    260.256  
 17.5384615385    260.391  
 0.0    260.536  
 17.6923076923    260.671  
 0.0    260.806  
 17.8461538462    260.941  
 0.0    261.076  
 18.0    261.22  
 0.0    261.354  
 18.1538461538    261.489  
 0.0    261.624  
 18.3076923077    261.759  
 0.0    261.903  
 18.4615384615    262.038  
 0.0    262.173  
 18.6153846154    262.308  
 0.0    262.443  
 18.7692307692    262.587  
 0.0    262.722  
 18.9230769231    262.857  
 0.0    262.992  
 19.0769230769    263.127  
 0.0    263.271  
 19.2307692308    263.406  
 0.0    263.541  
 19.3846153846    263.676  
 0.0    263.811  
 19.5384615385    263.955  
 0.0    264.091  
 19.6923076923    264.227  
 0.0    264.372  
 19.8461538462    264.507  
 0.0    264.655  
 4.0    264.79  
 0.0    264.925  
 4.15384615385    265.06  
 0.0    265.194  
 4.30769230769    265.339  
 0.0    265.474  
 4.46153846154    265.609  
 0.0    265.743  
 4.61538461538    265.878  
 0.0    266.023  
 4.76923076923    266.158  
 0.0    266.293  
 4.92307692308    266.427  
 0.0    266.562  
 5.07692307692    266.707  
 0.0    266.842  
 5.23076923077    266.976  
 0.0    267.111  
 5.38461538462    267.246  
 0.0    267.389  
 5.53846153846    267.526  
 0.0    267.66  
 5.69230769231    267.795  
 0.0    267.93  
 5.84615384615    268.075  
 0.0    268.209  
 6.0    268.345  
 0.0    268.479  
 6.15384615385    268.615  
 0.0    268.758  
 6.30769230769    268.894  
 0.0    269.028  
 6.46153846154    269.163  
 0.0    269.298  
 6.61538461538    269.442  
 0.0    269.577  
 6.76923076923    269.711  
 0.0    269.846  
 6.92307692308    269.982  
 0.0    270.126  
 7.07692307692    270.261  
 0.0    270.396  
 7.23076923077    270.531  
 0.0    270.666  
 7.38461538462    270.808  
 0.0    270.945  
 7.53846153846    271.08  
 0.0    271.215  
 7.69230769231    271.36  
 0.0    271.495  
 7.84615384615    271.63  
 0.0    271.766  
 8.0    271.911  
 0.0    272.045  
 8.15384615385    272.18  
 0.0    272.315  
 8.30769230769    272.45  
 0.0    272.594  
 8.46153846154    272.729  
 0.0    272.864  
 8.61538461538    272.999  
 0.0    273.134  
 8.76923076923    273.278  
 0.0    273.413  
 8.92307692308    273.548  
 0.0    273.683  
 9.07692307692    273.818  
 0.0    273.962  
 9.23076923077    274.097  
 0.0    274.232  
 9.38461538462    274.367  
 0.0    274.502  
 9.53846153846    274.646  
 0.0    274.781  
 9.69230769231    274.916  
 0.0    275.051  
 9.84615384615    275.185  
 0.0    275.33  
 10.0    275.465  
 0.0    275.599  
 10.1538461538    275.734  
 0.0    275.869  
 10.3076923077    276.014  
 0.0    276.148  
 10.4615384615    276.283  
 0.0    276.418  
 10.6153846154    276.553  
 0.0    276.697  
 10.7692307692    276.832  
 0.0    276.967  
 10.9230769231    277.102  
 0.0    277.237  
 11.0769230769    277.381  
 0.0    277.516  
 11.2307692308    277.651  
 0.0    277.786  
 11.3846153846    277.921  
 0.0    278.065  
 11.5384615385    278.2  
 0.0    278.335  
 11.6923076923    278.47  
 0.0    278.616  
 11.8461538462    278.753  
 0.0    278.888  
 12.0    279.033  
 0.0    279.167  
 12.1538461538    279.302  
 0.0    279.437  
 12.3076923077    279.572  
 0.0    279.715  
 12.4615384615    279.851  
 0.0    279.986  
 12.6153846154    280.121  
 0.0    280.256  
 12.7692307692    280.4  
 0.0    280.535  
 12.9230769231    280.67  
 0.0    280.805  
 13.0769230769    280.94  
 0.0    281.084  
 13.2307692308    281.219  
 0.0    281.354  
 13.3846153846    281.489  
 0.0    281.624  
 13.5384615385    281.768  
 0.0    281.903  
 13.6923076923    282.038  
 0.0    282.173  
 13.8461538462    282.308  
 0.0    282.452  
 14.0    282.587  
 0.0    282.722  
 14.1538461538    282.857  
 0.0    283.002  
 14.3076923077    283.137  
 0.0    283.272  
 14.4615384615    283.407  
 0.0    283.542  
 14.6153846154    283.686  
 0.0    283.821  
 14.7692307692    283.956  
 0.0    284.091  
 14.9230769231    284.226  
 0.0    284.37  
 15.0769230769    284.505  
 0.0    284.639  
 15.2307692308    284.774  
 0.0    284.909  
 15.3846153846    285.054  
 0.0    285.188  
 15.5384615385    285.323  
 0.0    285.459  
 15.6923076923    285.604  
 0.0    285.739  
 15.8461538462    285.874  
 0.0    286.009  
 16.0    286.144  
 0.0    286.288  
 16.1538461538    286.423  
 0.0    286.558  
 16.3076923077    286.693  
 0.0    286.828  
 16.4615384615    286.972  
 0.0    287.107  
 16.6153846154    287.242  
 0.0    287.377  
 16.7692307692    287.522  
 0.0    287.658  
 16.9230769231    287.793  
 0.0    287.928  
 17.0769230769    288.072  
 0.0    288.207  
 17.2307692308    288.343  
 0.0    288.478  
 17.3846153846    288.623  
 0.0    288.758  
 17.5384615385    288.893  
 0.0    289.028  
 17.6923076923    289.163  
 0.0    289.307  
 17.8461538462    289.442  
 0.0    289.576  
 18.0    289.712  
 0.0    289.846  
 18.1538461538    289.99  
 0.0    290.125  
 18.3076923077    290.261  
 0.0    290.395  
 18.4615384615    290.531  
 0.0    290.673  
 18.6153846154    290.809  
 0.0    290.944  
 18.7692307692    291.08  
 0.0    291.225  
 18.9230769231    291.36  
 0.0    291.495  
 19.0769230769    291.631  
 0.0    291.775  
 19.2307692308    291.91  
 0.0    292.045  
 19.3846153846    292.181  
 0.0    292.326  
 19.5384615385    292.461  
 0.0    292.596  
 19.6923076923    292.731  
 0.0    292.876  
 19.8461538462    293.011  
 0.0    293.161  
 4.0    293.297  
 0.0    293.432  
 4.15384615385    293.576  
 0.0    293.711  
 4.30769230769    293.847  
 0.0    293.982  
 4.46153846154    294.127  
 0.0    294.262  
 4.61538461538    294.397  
 0.0    294.532  
 4.76923076923    294.677  
 0.0    294.812  
 4.92307692308    294.947  
 0.0    295.082  
 5.07692307692    295.217  
 0.0    295.361  
 5.23076923077    295.496  
 0.0    295.631  
 5.38461538462    295.766  
 0.0    295.9  
 5.53846153846    296.045  
 0.0    296.18  
 5.69230769231    296.315  
 0.0    296.45  
 5.84615384615    296.585  
 0.0    296.729  
 6.0    296.864  
 0.0    296.999  
 6.15384615385    297.134  
 0.0    297.269  
 6.30769230769    297.413  
 0.0    297.547  
 6.46153846154    297.682  
 0.0    297.817  
 6.61538461538    297.952  
 0.0    298.096  
 6.76923076923    298.231  
 0.0    298.366  
 6.92307692308    298.501  
 0.0    298.636  
 7.07692307692    298.779  
 0.0    298.915  
 7.23076923077    299.05  
 0.0    299.185  
 7.38461538462    299.32  
 0.0    299.464  
 7.53846153846    299.599  
 0.0    299.734  
 7.69230769231    299.869  
 0.0    300.014  
 7.84615384615    300.149  
 0.0    300.285  
 8.0    300.42  
 0.0    300.565  
 8.15384615385    300.7  
 0.0    300.835  
 8.30769230769    300.97  
 0.0    301.115  
 8.46153846154    301.25  
 0.0    301.386  
 8.61538461538    301.522  
 0.0    301.666  
 8.76923076923    301.8  
 0.0    301.935  
 8.92307692308    302.07  
 0.0    302.205  
 9.07692307692    302.349  
 0.0    302.484  
 9.23076923077    302.619  
 0.0    302.754  
 9.38461538462    302.889  
 0.0    303.033  
 9.53846153846    303.168  
 0.0    303.303  
 9.69230769231    303.438  
 0.0    303.573  
 9.84615384615    303.717  
 0.0    303.852  
 10.0    303.988  
 0.0    304.123  
 10.1538461538    304.268  
 0.0    304.403  
 10.3076923077    304.538  
 0.0    304.674  
 10.4615384615    304.818  
 0.0    304.953  
 10.6153846154    305.088  
 0.0    305.223  
 10.7692307692    305.368  
 0.0    305.503  
 10.9230769231    305.639  
 0.0    305.774  
 11.0769230769    305.919  
 0.0    306.053  
 11.2307692308    306.188  
 0.0    306.324  
 11.3846153846    306.458  
 0.0    306.603  
 11.5384615385    306.737  
 0.0    306.872  
 11.6923076923    307.007  
 0.0    307.142  
 11.8461538462    307.286  
 0.0    307.421  
 12.0    307.556  
 0.0    307.691  
 12.1538461538    307.826  
 0.0    307.97  
 12.3076923077    308.105  
 0.0    308.241  
 12.4615384615    308.376  
 0.0    308.521  
 12.6153846154    308.656  
 0.0    308.791  
 12.7692307692    308.926  
 0.0    309.071  
 12.9230769231    309.206  
 0.0    309.341  
 13.0769230769    309.476  
 0.0    309.621  
 13.2307692308    309.756  
 0.0    309.891  
 13.3846153846    310.027  
 0.0    310.161  
 13.5384615385    310.304  
 0.0    310.44  
 13.6923076923    310.575  
 0.0    310.71  
 13.8461538462    310.845  
 0.0    310.989  
 14.0    311.124  
 0.0    311.259  
 14.1538461538    311.395  
 0.0    311.539  
 14.3076923077    311.675  
 0.0    311.81  
 14.4615384615    311.945  
 0.0    312.09  
 14.6153846154    312.225  
 0.0    312.36  
 14.7692307692    312.495  
 0.0    312.63  
 14.9230769231    312.774  
 0.0    312.909  
 15.0769230769    313.044  
 0.0    313.178  
 15.2307692308    313.313  
 0.0    313.457  
 15.3846153846    313.593  
 0.0    313.728  
 15.5384615385    313.863  
 0.0    314.008  
 15.6923076923    314.143  
 0.0    314.278  
 15.8461538462    314.414  
 0.0    314.558  
 16.0    314.693  
 0.0    314.828  
 16.1538461538    314.964  
 0.0    315.098  
 16.3076923077    315.241  
 0.0    315.377  
 16.4615384615    315.512  
 0.0    315.648  
 16.6153846154    315.791  
 0.0    315.927  
 16.7692307692    316.062  
 0.0    316.197  
 16.9230769231    316.332  
 0.0    316.476  
 17.0769230769    316.611  
 0.0    316.746  
 17.2307692308    316.881  
 0.0    317.016  
 17.3846153846    317.16  
 0.0    317.295  
 17.5384615385    317.43  
 0.0    317.565  
 17.6923076923    317.7  
 0.0    317.843  
 17.8461538462    317.979  
 0.0    318.114  
 18.0    318.249  
 0.0    318.384  
 18.1538461538    318.528  
 0.0    318.664  
 18.3076923077    318.8  
 0.0    318.945  
 18.4615384615    319.08  
 0.0    319.215  
 18.6153846154    319.35  
 0.0    319.485  
 18.7692307692    319.627  
 0.0    319.764  
 18.9230769231    319.899  
 0.0    320.033  
 19.0769230769    320.168  
 0.0    320.313  
 19.2307692308    320.447  
 0.0    320.583  
 19.3846153846    320.718  
 0.0    320.853  
 19.5384615385    320.996  
 0.0    321.131  
 19.6923076923    321.266  
 0.0    321.402  
 19.8461538462    321.547  
