 [8.4615384615384581, 9.0769230769230731, 11.230769230769226, 14.769230769230763]  
 [45.347, 46.433, 50.253, 56.522]  
 [46.568, 50.802, 57.071]  
 [5.0769230769230766, 6.3076923076923066, 14.615384615384608, 17.846153846153836]  
 [67.715, 69.899, 84.628, 90.363]  
 [68.398, 70.582, 74.121, 91.045]  
 [5.3846153846153841, 6.9230769230769216, 9.9999999999999964, 16.153846153846146]  
 [96.652, 99.372, 104.84, 115.751]  
 [97.2, 99.921, 105.378, 116.299]  
 [5.3846153846153841, 6.7692307692307674, 13.076923076923071, 15.999999999999993]  
 [125.055, 127.508, 138.699, 143.885]  
 [128.191, 139.382, 144.569]  
 [14.923076923076916, 14.923076923076916, 18.153846153846146, 19.692307692307679]  
 [170.373, 176.109, 178.844]  
 [170.922, 176.658]  
 [9.3846153846153815, 10.615384615384611, 10.769230769230765, 12.153846153846148]  
 [188.95, 191.135, 191.404, 193.872]  
 [179.529, 189.489]  
 [4.1538461538461542, 4.3076923076923075, 9.8461538461538431, 16.923076923076913]  
 [208.101, 208.381, 218.221, 230.802]  
 [209.064, 231.352]  
 [5.6923076923076916, 9.2307692307692282, 12.461538461538456, 15.07692307692307]  
 [239.303, 245.594, 251.349, 256.001]  
 [237.668, 240.122, 246.277, 251.898, 256.686]  
 [4.0, 10.15384615384615, 15.999999999999993, 18.307692307692299]  
 [264.788, 275.732, 286.141, 290.258]  
 [276.416, 286.691, 290.806]  
 [4.7692307692307692, 5.2307692307692299, 7.846153846153844, 18.769230769230759]  
 [294.665, 295.494, 300.148, 319.618]  
 [296.178, 321.129]  
