 35.777    35.777  
 0.0    35.794  
 19.3846153846    35.928  
 0.0    36.061  
 19.5384615385    36.195  
 0.0    36.328  
 19.6923076923    36.462  
 0.0    36.596  
 19.8461538462    36.729  
 0.0    36.862  
 18.7692307692    36.996  
 0.0    37.129  
 18.9230769231    37.262  
 0.0    37.395  
 19.0769230769    37.529  
 0.0    37.663  
 19.2307692308    37.796  
 0.0    37.93  
 18.1538461538    38.063  
 0.0    38.196  
 18.3076923077    38.33  
 0.0    38.464  
 18.4615384615    38.597  
 0.0    38.73  
 18.6153846154    38.864  
 0.0    38.996  
 17.5384615385    39.131  
 0.0    39.263  
 17.6923076923    39.397  
 0.0    39.53  
 17.8461538462    39.664  
 0.0    39.797  
 18.0    39.931  
 0.0    40.064  
 16.9230769231    40.198  
 0.0    40.331  
 17.0769230769    40.465  
 0.0    40.598  
 17.2307692308    40.732  
 0.0    40.865  
 17.3846153846    40.998  
 0.0    41.132  
 16.3076923077    41.265  
 0.0    41.398  
 16.4615384615    41.532  
 0.0    41.665  
 16.6153846154    41.799  
 0.0    41.932  
 16.7692307692    42.067  
 0.0    42.199  
 15.6923076923    42.333  
 0.0    42.466  
 15.8461538462    42.6  
 0.0    42.732  
 16.0    42.867  
 0.0    42.999  
 16.1538461538    43.133  
 0.0    43.266  
 15.0769230769    43.4  
 0.0    43.533  
 15.2307692308    43.667  
 0.0    43.8  
 15.3846153846    43.934  
 0.0    44.067  
 15.5384615385    44.201  
 0.0    44.334  
 14.4615384615    44.468  
 0.0    44.601  
 14.6153846154    44.734  
 0.0    44.867  
 14.7692307692    45.001  
 0.0    45.134  
 14.9230769231    45.268  
 0.0    45.402  
 13.8461538462    45.535  
 0.0    45.668  
 14.0    45.802  
 0.0    45.935  
 14.1538461538    46.069  
 0.0    46.202  
 14.3076923077    46.336  
 0.0    46.468  
 13.2307692308    46.603  
 0.0    46.735  
 13.3846153846    46.869  
 0.0    47.002  
 13.5384615385    47.136  
 0.0    47.269  
 13.6923076923    47.403  
 0.0    47.536  
 12.6153846154    47.67  
 0.0    47.803  
 12.7692307692    47.937  
 0.0    48.07  
 12.9230769231    48.204  
 0.0    48.337  
 13.0769230769    48.47  
 0.0    48.604  
 12.0    48.738  
 0.0    48.871  
 12.1538461538    49.004  
 0.0    49.137  
 12.3076923077    49.271  
 0.0    49.404  
 12.4615384615    49.538  
 0.0    49.671  
 11.3846153846    49.805  
 0.0    49.938  
 11.5384615385    50.072  
 0.0    50.205  
 11.6923076923    50.339  
 0.0    50.471  
 11.8461538462    50.606  
 0.0    50.738  
 10.7692307692    50.872  
 0.0    51.005  
 10.9230769231    51.139  
 0.0    51.272  
 11.0769230769    51.406  
 0.0    51.539  
 11.2307692308    51.673  
 0.0    51.806  
 10.1538461538    51.94  
 0.0    52.074  
 10.3076923077    52.206  
 0.0    52.339  
 10.4615384615    52.473  
 0.0    52.606  
 10.6153846154    52.74  
 0.0    52.873  
 9.53846153846    53.007  
 0.0    53.14  
 9.69230769231    53.274  
 0.0    53.407  
 9.84615384615    53.541  
 0.0    53.674  
 10.0    53.808  
 0.0    53.941  
 8.92307692308    54.074  
 0.0    54.207  
 9.07692307692    54.341  
 0.0    54.474  
 9.23076923077    54.608  
 0.0    54.741  
 9.38461538462    54.875  
 0.0    55.008  
 8.30769230769    55.142  
 0.0    55.275  
 8.46153846154    55.41  
 0.0    55.542  
 8.61538461538    55.676  
 0.0    55.809  
 8.76923076923    55.943  
 0.0    56.075  
 7.69230769231    56.209  
 0.0    56.342  
 7.84615384615    56.476  
 0.0    56.609  
 8.0    56.743  
 0.0    56.876  
 8.15384615385    57.01  
 0.0    57.143  
 7.07692307692    57.277  
 0.0    57.41  
 7.23076923077    57.544  
 0.0    57.677  
 7.38461538462    57.811  
 0.0    57.943  
 7.53846153846    58.077  
 0.0    58.21  
 6.46153846154    58.344  
 0.0    58.477  
 6.61538461538    58.611  
 0.0    58.745  
 6.76923076923    58.878  
 0.0    59.011  
 6.92307692308    59.145  
 0.0    59.278  
 5.84615384615    59.412  
 0.0    59.545  
 6.0    59.679  
 0.0    59.812  
 6.15384615385    59.945  
 0.0    60.078  
 6.30769230769    60.212  
 0.0    60.345  
 5.23076923077    60.479  
 0.0    60.612  
 5.38461538462    60.746  
 0.0    60.879  
 5.53846153846    61.013  
 0.0    61.146  
 5.69230769231    61.28  
 0.0    61.413  
 4.61538461538    61.547  
 0.0    61.68  
 4.76923076923    61.813  
 0.0    61.946  
 4.92307692308    62.081  
 0.0    62.214  
 5.07692307692    62.347  
 0.0    62.48  
 4.0    62.614  
 0.0    62.747  
 4.15384615385    62.881  
 0.0    63.014  
 4.30769230769    63.148  
 0.0    63.281  
 4.46153846154    63.415  
 0.0    63.557  
 19.3846153846    63.697  
 0.0    63.832  
 19.5384615385    63.965  
 0.0    64.098  
 19.6923076923    64.232  
 0.0    64.365  
 19.8461538462    64.499  
 0.0    64.632  
 18.7692307692    64.766  
 0.0    64.899  
 18.9230769231    65.033  
 0.0    65.166  
 19.0769230769    65.299  
 0.0    65.433  
 19.2307692308    65.566  
 0.0    65.699  
 18.1538461538    65.833  
 0.0    65.966  
 18.3076923077    66.1  
 0.0    66.233  
 18.4615384615    66.367  
 0.0    66.5  
 18.6153846154    66.634  
 0.0    66.767  
 17.5384615385    66.901  
 0.0    67.034  
 17.6923076923    67.168  
 0.0    67.301  
 17.8461538462    67.434  
 0.0    67.568  
 18.0    67.701  
 0.0    67.834  
 16.9230769231    67.968  
 0.0    68.101  
 17.0769230769    68.235  
 0.0    68.368  
 17.2307692308    68.502  
 0.0    68.635  
 17.3846153846    68.769  
 0.0    68.902  
 16.3076923077    69.035  
 0.0    69.168  
 16.4615384615    69.302  
 0.0    69.436  
 16.6153846154    69.569  
 0.0    69.702  
 16.7692307692    69.836  
 0.0    69.969  
 15.6923076923    70.103  
 0.0    70.236  
 15.8461538462    70.37  
 0.0    70.503  
 16.0    70.637  
 0.0    70.769  
 16.1538461538    70.904  
 0.0    71.039  
 15.0769230769    71.172  
 0.0    71.305  
 15.2307692308    71.438  
 0.0    71.571  
 15.3846153846    71.704  
 0.0    71.837  
 15.5384615385    71.971  
 0.0    72.105  
 14.4615384615    72.238  
 0.0    72.371  
 14.6153846154    72.505  
 0.0    72.638  
 14.7692307692    72.771  
 0.0    72.904  
 14.9230769231    73.038  
 0.0    73.171  
 13.8461538462    73.305  
 0.0    73.438  
 14.0    73.572  
 0.0    73.705  
 14.1538461538    73.839  
 0.0    73.972  
 14.3076923077    74.106  
 0.0    74.239  
 13.2307692308    74.373  
 0.0    74.505  
 13.3846153846    74.64  
 0.0    74.772  
 13.5384615385    74.906  
 0.0    75.039  
 13.6923076923    75.173  
 0.0    75.306  
 12.6153846154    75.441  
 0.0    75.573  
 12.7692307692    75.707  
 0.0    75.84  
 12.9230769231    75.974  
 0.0    76.107  
 13.0769230769    76.241  
 0.0    76.374  
 12.0    76.508  
 0.0    76.64  
 12.1538461538    76.774  
 0.0    76.907  
 12.3076923077    77.041  
 0.0    77.174  
 12.4615384615    77.308  
 0.0    77.441  
 11.3846153846    77.575  
 0.0    77.708  
 11.5384615385    77.842  
 0.0    77.975  
 11.6923076923    78.109  
 0.0    78.242  
 11.8461538462    78.375  
 0.0    78.508  
 10.7692307692    78.642  
 0.0    78.776  
 10.9230769231    78.909  
 0.0    79.042  
 11.0769230769    79.176  
 0.0    79.309  
 11.2307692308    79.443  
 0.0    79.576  
 10.1538461538    79.71  
 0.0    79.843  
 10.3076923077    79.977  
 0.0    80.11  
 10.4615384615    80.244  
 0.0    80.376  
 10.6153846154    80.51  
 0.0    80.643  
 9.53846153846    80.777  
 0.0    80.91  
 9.69230769231    81.044  
 0.0    81.177  
 9.84615384615    81.311  
 0.0    81.444  
 10.0    81.578  
 0.0    81.711  
 8.92307692308    81.845  
 0.0    81.978  
 9.07692307692    82.112  
 0.0    82.245  
 9.23076923077    82.378  
 0.0    82.511  
 9.38461538462    82.645  
 0.0    82.778  
 8.30769230769    82.912  
 0.0    83.045  
 8.46153846154    83.179  
 0.0    83.312  
 8.61538461538    83.446  
 0.0    83.579  
 8.76923076923    83.713  
 0.0    83.846  
 7.69230769231    83.979  
 0.0    84.112  
 7.84615384615    84.246  
 0.0    84.379  
 8.0    84.513  
 0.0    84.646  
 8.15384615385    84.78  
 0.0    84.913  
 7.07692307692    85.047  
 0.0    85.18  
 7.23076923077    85.314  
 0.0    85.448  
 7.38461538462    85.581  
 0.0    85.714  
 7.53846153846    85.847  
 0.0    85.98  
 6.46153846154    86.114  
 0.0    86.248  
 6.61538461538    86.381  
 0.0    86.514  
 6.76923076923    86.648  
 0.0    86.781  
 6.92307692308    86.915  
 0.0    87.048  
 5.84615384615    87.182  
 0.0    87.315  
 6.0    87.449  
 0.0    87.582  
 6.15384615385    87.716  
 0.0    87.849  
 6.30769230769    87.982  
 0.0    88.115  
 5.23076923077    88.249  
 0.0    88.382  
 5.38461538462    88.516  
 0.0    88.649  
 5.53846153846    88.784  
 0.0    88.916  
 5.69230769231    89.05  
 0.0    89.183  
 4.61538461538    89.317  
 0.0    89.45  
 4.76923076923    89.584  
 0.0    89.717  
 4.92307692308    89.85  
 0.0    89.983  
 5.07692307692    90.117  
 0.0    90.251  
 4.0    90.384  
 0.0    90.517  
 4.15384615385    90.651  
 0.0    90.784  
 4.30769230769    90.918  
 0.0    91.051  
 4.46153846154    91.185  
 0.0    91.327  
 19.3846153846    91.467  
 0.0    91.602  
 19.5384615385    91.735  
 0.0    91.869  
 19.6923076923    92.002  
 0.0    92.136  
 19.8461538462    92.269  
 0.0    92.402  
 18.7692307692    92.536  
 0.0    92.669  
 18.9230769231    92.803  
 0.0    92.936  
 19.0769230769    93.069  
 0.0    93.203  
 19.2307692308    93.336  
 0.0    93.47  
 18.1538461538    93.603  
 0.0    93.737  
 18.3076923077    93.87  
 0.0    94.003  
 18.4615384615    94.137  
 0.0    94.27  
 18.6153846154    94.404  
 0.0    94.537  
 17.5384615385    94.671  
 0.0    94.804  
 17.6923076923    94.938  
 0.0    95.071  
 17.8461538462    95.205  
 0.0    95.338  
 18.0    95.472  
 0.0    95.605  
 16.9230769231    95.738  
 0.0    95.871  
 17.0769230769    96.005  
 0.0    96.138  
 17.2307692308    96.272  
 0.0    96.405  
 17.3846153846    96.539  
 0.0    96.672  
 16.3076923077    96.806  
 0.0    96.939  
 16.4615384615    97.073  
 0.0    97.206  
 16.6153846154    97.339  
 0.0    97.473  
 16.7692307692    97.606  
 0.0    97.74  
 15.6923076923    97.873  
 0.0    98.006  
 15.8461538462    98.14  
 0.0    98.273  
 16.0    98.407  
 0.0    98.54  
 16.1538461538    98.674  
 0.0    98.808  
 15.0769230769    98.941  
 0.0    99.074  
 15.2307692308    99.207  
 0.0    99.341  
 15.3846153846    99.474  
 0.0    99.608  
 15.5384615385    99.741  
 0.0    99.874  
 14.4615384615    100.008  
 0.0    100.141  
 14.6153846154    100.275  
 0.0    100.408  
 14.7692307692    100.541  
 0.0    100.675  
 14.9230769231    100.808  
 0.0    100.942  
 13.8461538462    101.075  
 0.0    101.209  
 14.0    101.342  
 0.0    101.475  
 14.1538461538    101.609  
 0.0    101.742  
 14.3076923077    101.876  
 0.0    102.009  
 13.2307692308    102.143  
 0.0    102.276  
 13.3846153846    102.41  
 0.0    102.543  
 13.5384615385    102.677  
 0.0    102.81  
 13.6923076923    102.943  
 0.0    103.077  
 12.6153846154    103.21  
 0.0    103.344  
 12.7692307692    103.477  
 0.0    103.61  
 12.9230769231    103.744  
 0.0    103.877  
 13.0769230769    104.011  
 0.0    104.144  
 12.0    104.278  
 0.0    104.411  
 12.1538461538    104.544  
 0.0    104.678  
 12.3076923077    104.811  
 0.0    104.945  
 12.4615384615    105.078  
 0.0    105.211  
 11.3846153846    105.345  
 0.0    105.479  
 11.5384615385    105.612  
 0.0    105.745  
 11.6923076923    105.879  
 0.0    106.012  
 11.8461538462    106.146  
 0.0    106.279  
 10.7692307692    106.412  
 0.0    106.546  
 10.9230769231    106.679  
 0.0    106.813  
 11.0769230769    106.946  
 0.0    107.08  
 11.2307692308    107.213  
 0.0    107.346  
 10.1538461538    107.48  
 0.0    107.613  
 10.3076923077    107.747  
 0.0    107.88  
 10.4615384615    108.014  
 0.0    108.147  
 10.6153846154    108.28  
 0.0    108.414  
 9.53846153846    108.547  
 0.0    108.681  
 9.69230769231    108.815  
 0.0    108.948  
 9.84615384615    109.081  
 0.0    109.214  
 10.0    109.348  
 0.0    109.481  
 8.92307692308    109.615  
 0.0    109.748  
 9.07692307692    109.882  
 0.0    110.015  
 9.23076923077    110.149  
 0.0    110.282  
 9.38461538462    110.415  
 0.0    110.549  
 8.30769230769    110.682  
 0.0    110.816  
 8.46153846154    110.949  
 0.0    111.083  
 8.61538461538    111.216  
 0.0    111.349  
 8.76923076923    111.483  
 0.0    111.616  
 7.69230769231    111.75  
 0.0    111.883  
 7.84615384615    112.017  
 0.0    112.151  
 8.0    112.284  
 0.0    112.417  
 8.15384615385    112.55  
 0.0    112.684  
 7.07692307692    112.817  
 0.0    112.95  
 7.23076923077    113.084  
 0.0    113.217  
 7.38461538462    113.351  
 0.0    113.484  
 7.53846153846    113.618  
 0.0    113.751  
 6.46153846154    113.885  
 0.0    114.018  
 6.61538461538    114.151  
 0.0    114.285  
 6.76923076923    114.418  
 0.0    114.552  
 6.92307692308    114.685  
 0.0    114.819  
 5.84615384615    114.952  
 0.0    115.085  
 6.0    115.219  
 0.0    115.352  
 6.15384615385    115.487  
 0.0    115.619  
 6.30769230769    115.753  
 0.0    115.886  
 5.23076923077    116.019  
 0.0    116.153  
 5.38461538462    116.286  
 0.0    116.42  
 5.53846153846    116.553  
 0.0    116.686  
 5.69230769231    116.82  
 0.0    116.953  
 4.61538461538    117.087  
 0.0    117.22  
 4.76923076923    117.354  
 0.0    117.487  
 4.92307692308    117.621  
 0.0    117.754  
 5.07692307692    117.887  
 0.0    118.021  
 4.0    118.154  
 0.0    118.288  
 4.15384615385    118.421  
 0.0    118.555  
 4.30769230769    118.688  
 0.0    118.822  
 4.46153846154    118.956  
 0.0    119.099  
 19.3846153846    119.238  
 0.0    119.372  
 19.5384615385    119.506  
 0.0    119.639  
 19.6923076923    119.772  
 0.0    119.906  
 19.8461538462    120.039  
 0.0    120.172  
 18.7692307692    120.306  
 0.0    120.439  
 18.9230769231    120.573  
 0.0    120.706  
 19.0769230769    120.84  
 0.0    120.973  
 19.2307692308    121.107  
 0.0    121.24  
 18.1538461538    121.373  
 0.0    121.507  
 18.3076923077    121.64  
 0.0    121.773  
 18.4615384615    121.907  
 0.0    122.04  
 18.6153846154    122.175  
 0.0    122.307  
 17.5384615385    122.441  
 0.0    122.574  
 17.6923076923    122.708  
 0.0    122.841  
 17.8461538462    122.975  
 0.0    123.108  
 18.0    123.242  
 0.0    123.375  
 16.9230769231    123.508  
 0.0    123.642  
 17.0769230769    123.775  
 0.0    123.908  
 17.2307692308    124.042  
 0.0    124.175  
 17.3846153846    124.309  
 0.0    124.442  
 16.3076923077    124.576  
 0.0    124.709  
 16.4615384615    124.843  
 0.0    124.976  
 16.6153846154    125.11  
 0.0    125.243  
 16.7692307692    125.376  
 0.0    125.51  
 15.6923076923    125.643  
 0.0    125.776  
 15.8461538462    125.91  
 0.0    126.043  
 16.0    126.177  
 0.0    126.31  
 16.1538461538    126.444  
 0.0    126.577  
 15.0769230769    126.711  
 0.0    126.844  
 15.2307692308    126.977  
 0.0    127.111  
 15.3846153846    127.244  
 0.0    127.378  
 15.5384615385    127.511  
 0.0    127.645  
 14.4615384615    127.778  
 0.0    127.911  
 14.6153846154    128.045  
 0.0    128.178  
 14.7692307692    128.312  
 0.0    128.445  
 14.9230769231    128.579  
 0.0    128.712  
 13.8461538462    128.846  
 0.0    128.979  
 14.0    129.112  
 0.0    129.246  
 14.1538461538    129.379  
 0.0    129.513  
 14.3076923077    129.646  
 0.0    129.779  
 13.2307692308    129.913  
 0.0    130.046  
 13.3846153846    130.18  
 0.0    130.313  
 13.5384615385    130.447  
 0.0    130.58  
 13.6923076923    130.713  
 0.0    130.847  
 12.6153846154    130.98  
 0.0    131.114  
 12.7692307692    131.247  
 0.0    131.381  
 12.9230769231    131.514  
 0.0    131.647  
 13.0769230769    131.781  
 0.0    131.914  
 12.0    132.048  
 0.0    132.182  
 12.1538461538    132.315  
 0.0    132.448  
 12.3076923077    132.582  
 0.0    132.715  
 12.4615384615    132.848  
 0.0    132.982  
 11.3846153846    133.115  
 0.0    133.249  
 11.5384615385    133.382  
 0.0    133.515  
 11.6923076923    133.649  
 0.0    133.782  
 11.8461538462    133.916  
 0.0    134.049  
 10.7692307692    134.183  
 0.0    134.316  
 10.9230769231    134.45  
 0.0    134.583  
 11.0769230769    134.716  
 0.0    134.85  
 11.2307692308    134.983  
 0.0    135.117  
 10.1538461538    135.25  
 0.0    135.384  
 10.3076923077    135.518  
 0.0    135.65  
 10.4615384615    135.784  
 0.0    135.917  
 10.6153846154    136.051  
 0.0    136.184  
 9.53846153846    136.318  
 0.0    136.451  
 9.69230769231    136.584  
 0.0    136.718  
 9.84615384615    136.851  
 0.0    136.985  
 10.0    137.118  
 0.0    137.251  
 8.92307692308    137.385  
 0.0    137.518  
 9.07692307692    137.652  
 0.0    137.785  
 9.23076923077    137.919  
 0.0    138.052  
 9.38461538462    138.186  
 0.0    138.319  
 8.30769230769    138.452  
 0.0    138.586  
 8.46153846154    138.719  
 0.0    138.853  
 8.61538461538    138.986  
 0.0    139.119  
 8.76923076923    139.253  
 0.0    139.386  
 7.69230769231    139.52  
 0.0    139.653  
 7.84615384615    139.787  
 0.0    139.92  
 8.0    140.053  
 0.0    140.187  
 8.15384615385    140.32  
 0.0    140.454  
 7.07692307692    140.587  
 0.0    140.721  
 7.23076923077    140.854  
 0.0    140.987  
 7.38461538462    141.121  
 0.0    141.254  
 7.53846153846    141.388  
 0.0    141.521  
 6.46153846154    141.655  
 0.0    141.788  
 6.61538461538    141.922  
 0.0    142.055  
 6.76923076923    142.189  
 0.0    142.322  
 6.92307692308    142.455  
 0.0    142.589  
 5.84615384615    142.722  
 0.0    142.856  
 6.0    142.989  
 0.0    143.122  
 6.15384615385    143.256  
 0.0    143.389  
 6.30769230769    143.523  
 0.0    143.656  
 5.23076923077    143.79  
 0.0    143.923  
 5.38461538462    144.056  
 0.0    144.19  
 5.53846153846    144.323  
 0.0    144.457  
 5.69230769231    144.59  
 0.0    144.724  
 4.61538461538    144.857  
 0.0    144.99  
 4.76923076923    145.124  
 0.0    145.257  
 4.92307692308    145.391  
 0.0    145.525  
 5.07692307692    145.658  
 0.0    145.791  
 4.0    145.924  
 0.0    146.058  
 4.15384615385    146.191  
 0.0    146.325  
 4.30769230769    146.458  
 0.0    146.592  
 4.46153846154    146.725  
 0.0    146.869  
 19.3846153846    147.008  
 0.0    147.142  
 19.5384615385    147.276  
 0.0    147.409  
 19.6923076923    147.542  
 0.0    147.676  
 19.8461538462    147.809  
 0.0    147.943  
 18.7692307692    148.076  
 0.0    148.209  
 18.9230769231    148.343  
 0.0    148.476  
 19.0769230769    148.61  
 0.0    148.743  
 19.2307692308    148.877  
 0.0    149.01  
 18.1538461538    149.144  
 0.0    149.277  
 18.3076923077    149.41  
 0.0    149.544  
 18.4615384615    149.677  
 0.0    149.811  
 18.6153846154    149.944  
 0.0    150.077  
 17.5384615385    150.211  
 0.0    150.344  
 17.6923076923    150.478  
 0.0    150.611  
 17.8461538462    150.745  
 0.0    150.878  
 18.0    151.012  
 0.0    151.145  
 16.9230769231    151.278  
 0.0    151.412  
 17.0769230769    151.545  
 0.0    151.679  
 17.2307692308    151.812  
 0.0    151.945  
 17.3846153846    152.079  
 0.0    152.213  
 16.3076923077    152.346  
 0.0    152.479  
 16.4615384615    152.613  
 0.0    152.746  
 16.6153846154    152.88  
 0.0    153.013  
 16.7692307692    153.146  
 0.0    153.28  
 15.6923076923    153.413  
 0.0    153.547  
 15.8461538462    153.68  
 0.0    153.814  
 16.0    153.947  
 0.0    154.08  
 16.1538461538    154.214  
 0.0    154.347  
 15.0769230769    154.481  
 0.0    154.614  
 15.2307692308    154.748  
 0.0    154.881  
 15.3846153846    155.014  
 0.0    155.148  
 15.5384615385    155.281  
 0.0    155.415  
 14.4615384615    155.549  
 0.0    155.681  
 14.6153846154    155.815  
 0.0    155.948  
 14.7692307692    156.082  
 0.0    156.215  
 14.9230769231    156.349  
 0.0    156.482  
 13.8461538462    156.616  
 0.0    156.749  
 14.0    156.883  
 0.0    157.016  
 14.1538461538    157.149  
 0.0    157.283  
 14.3076923077    157.416  
 0.0    157.55  
 13.2307692308    157.683  
 0.0    157.816  
 13.3846153846    157.95  
 0.0    158.083  
 13.5384615385    158.217  
 0.0    158.35  
 13.6923076923    158.484  
 0.0    158.617  
 12.6153846154    158.751  
 0.0    158.885  
 12.7692307692    159.018  
 0.0    159.151  
 12.9230769231    159.284  
 0.0    159.418  
 13.0769230769    159.551  
 0.0    159.684  
 12.0    159.818  
 0.0    159.951  
 12.1538461538    160.084  
 0.0    160.218  
 12.3076923077    160.351  
 0.0    160.485  
 12.4615384615    160.618  
 0.0    160.752  
 11.3846153846    160.885  
 0.0    161.019  
 11.5384615385    161.152  
 0.0    161.286  
 11.6923076923    161.419  
 0.0    161.552  
 11.8461538462    161.686  
 0.0    161.819  
 10.7692307692    161.952  
 0.0    162.086  
 10.9230769231    162.22  
 0.0    162.353  
 11.0769230769    162.486  
 0.0    162.62  
 11.2307692308    162.753  
 0.0    162.887  
 10.1538461538    163.02  
 0.0    163.154  
 10.3076923077    163.287  
 0.0    163.421  
 10.4615384615    163.554  
 0.0    163.687  
 10.6153846154    163.82  
 0.0    163.954  
 9.53846153846    164.087  
 0.0    164.221  
 9.69230769231    164.354  
 0.0    164.488  
 9.84615384615    164.621  
 0.0    164.755  
 10.0    164.888  
 0.0    165.022  
 8.92307692308    165.155  
 0.0    165.289  
 9.07692307692    165.422  
 0.0    165.556  
 9.23076923077    165.689  
 0.0    165.822  
 9.38461538462    165.955  
 0.0    166.089  
 8.30769230769    166.222  
 0.0    166.356  
 8.46153846154    166.489  
 0.0    166.623  
 8.61538461538    166.756  
 0.0    166.89  
 8.76923076923    167.023  
 0.0    167.157  
 7.69230769231    167.29  
 0.0    167.423  
 7.84615384615    167.557  
 0.0    167.69  
 8.0    167.824  
 0.0    167.957  
 8.15384615385    168.09  
 0.0    168.224  
 7.07692307692    168.357  
 0.0    168.491  
 7.23076923077    168.624  
 0.0    168.758  
 7.38461538462    168.892  
 0.0    169.025  
 7.53846153846    169.158  
 0.0    169.291  
 6.46153846154    169.424  
 0.0    169.558  
 6.61538461538    169.691  
 0.0    169.825  
 6.76923076923    169.958  
 0.0    170.092  
 6.92307692308    170.225  
 0.0    170.359  
 5.84615384615    170.492  
 0.0    170.626  
 6.0    170.759  
 0.0    170.893  
 6.15384615385    171.026  
 0.0    171.159  
 6.30769230769    171.292  
 0.0    171.426  
 5.23076923077    171.56  
 0.0    171.693  
 5.38461538462    171.827  
 0.0    171.96  
 5.53846153846    172.093  
 0.0    172.228  
 5.69230769231    172.36  
 0.0    172.494  
 4.61538461538    172.627  
 0.0    172.761  
 4.76923076923    172.894  
 0.0    173.027  
 4.92307692308    173.161  
 0.0    173.294  
 5.07692307692    173.43  
 0.0    173.563  
 4.0    173.696  
 0.0    173.829  
 4.15384615385    173.961  
 0.0    174.095  
 4.30769230769    174.228  
 0.0    174.362  
 4.46153846154    174.495  
 0.0    174.64  
 19.3846153846    174.778  
 0.0    174.912  
 19.5384615385    175.046  
 0.0    175.179  
 19.6923076923    175.312  
 0.0    175.449  
 19.8461538462    175.583  
 0.0    175.716  
 18.7692307692    175.849  
 0.0    175.983  
 18.9230769231    176.116  
 0.0    176.249  
 19.0769230769    176.383  
 0.0    176.516  
 19.2307692308    176.649  
 0.0    176.782  
 18.1538461538    176.915  
 0.0    177.048  
 18.3076923077    177.181  
 0.0    177.314  
 18.4615384615    177.447  
 0.0    177.581  
 18.6153846154    177.714  
 0.0    177.848  
 17.5384615385    177.981  
 0.0    178.114  
 17.6923076923    178.248  
 0.0    178.381  
 17.8461538462    178.515  
 0.0    178.648  
 18.0    178.782  
 0.0    178.916  
 16.9230769231    179.049  
 0.0    179.182  
 17.0769230769    179.315  
 0.0    179.449  
 17.2307692308    179.582  
 0.0    179.716  
 17.3846153846    179.849  
 0.0    179.982  
 16.3076923077    180.116  
 0.0    180.249  
 16.4615384615    180.383  
 0.0    180.516  
 16.6153846154    180.65  
 0.0    180.783  
 16.7692307692    180.917  
 0.0    181.05  
 15.6923076923    181.183  
 0.0    181.317  
 15.8461538462    181.45  
 0.0    181.584  
 16.0    181.717  
 0.0    181.851  
 16.1538461538    181.984  
 0.0    182.117  
 15.0769230769    182.252  
 0.0    182.384  
 15.2307692308    182.518  
 0.0    182.651  
 15.3846153846    182.785  
 0.0    182.918  
 15.5384615385    183.051  
 0.0    183.185  
 14.4615384615    183.318  
 0.0    183.46  
 14.6153846154    183.601  
 0.0    183.735  
 14.7692307692    183.869  
 0.0    184.002  
 14.9230769231    184.136  
 0.0    184.269  
 13.8461538462    184.403  
 0.0    184.536  
 14.0    184.669  
 0.0    184.802  
 14.1538461538    184.936  
 0.0    185.069  
 14.3076923077    185.203  
 0.0    185.336  
 13.2307692308    185.47  
 0.0    185.604  
 13.3846153846    185.737  
 0.0    185.87  
 13.5384615385    186.004  
 0.0    186.137  
 13.6923076923    186.27  
 0.0    186.403  
 12.6153846154    186.537  
 0.0    186.67  
 12.7692307692    186.804  
 0.0    186.938  
 12.9230769231    187.071  
 0.0    187.204  
 13.0769230769    187.338  
 0.0    187.471  
 12.0    187.605  
 0.0    187.738  
 12.1538461538    187.872  
 0.0    188.005  
 12.3076923077    188.138  
 0.0    188.272  
 12.4615384615    188.405  
 0.0    188.539  
 11.3846153846    188.672  
 0.0    188.806  
 11.5384615385    188.94  
 0.0    189.073  
 11.6923076923    189.206  
 0.0    189.339  
 11.8461538462    189.473  
 0.0    189.606  
 10.7692307692    189.74  
 0.0    189.873  
 10.9230769231    190.006  
 0.0    190.14  
 11.0769230769    190.273  
 0.0    190.407  
 11.2307692308    190.54  
 0.0    190.674  
 10.1538461538    190.807  
 0.0    190.94  
 10.3076923077    191.074  
 0.0    191.207  
 10.4615384615    191.341  
 0.0    191.474  
 10.6153846154    191.608  
 0.0    191.741  
 9.53846153846    191.875  
 0.0    192.008  
 9.69230769231    192.141  
 0.0    192.275  
 9.84615384615    192.408  
 0.0    192.542  
 10.0    192.675  
 0.0    192.808  
 8.92307692308    192.942  
 0.0    193.075  
 9.07692307692    193.209  
 0.0    193.342  
 9.23076923077    193.476  
 0.0    193.609  
 9.38461538462    193.743  
 0.0    193.876  
 8.30769230769    194.009  
 0.0    194.143  
 8.46153846154    194.276  
 0.0    194.41  
 8.61538461538    194.543  
 0.0    194.676  
 8.76923076923    194.81  
 0.0    194.943  
 7.69230769231    195.077  
 0.0    195.21  
 7.84615384615    195.344  
 0.0    195.477  
 8.0    195.611  
 0.0    195.744  
 8.15384615385    195.877  
 0.0    196.011  
 7.07692307692    196.144  
 0.0    196.278  
 7.23076923077    196.411  
 0.0    196.544  
 7.38461538462    196.678  
 0.0    196.812  
 7.53846153846    196.945  
 0.0    197.078  
 6.46153846154    197.212  
 0.0    197.345  
 6.61538461538    197.478  
 0.0    197.612  
 6.76923076923    197.745  
 0.0    197.879  
 6.92307692308    198.012  
 0.0    198.146  
 5.84615384615    198.279  
 0.0    198.413  
 6.0    198.546  
 0.0    198.679  
 6.15384615385    198.813  
 0.0    198.947  
 6.30769230769    199.08  
 0.0    199.213  
 5.23076923077    199.347  
 0.0    199.48  
 5.38461538462    199.613  
 0.0    199.747  
 5.53846153846    199.88  
 0.0    200.014  
 5.69230769231    200.147  
 0.0    200.28  
 4.61538461538    200.414  
 0.0    200.547  
 4.76923076923    200.681  
 0.0    200.814  
 4.92307692308    200.948  
 0.0    201.081  
 5.07692307692    201.214  
 0.0    201.348  
 4.0    201.481  
 0.0    201.615  
 4.15384615385    201.748  
 0.0    201.882  
 4.30769230769    202.015  
 0.0    202.149  
 4.46153846154    202.283  
 0.0    202.43  
 19.3846153846    202.565  
 0.0    202.699  
 19.5384615385    202.833  
 0.0    202.966  
 19.6923076923    203.099  
 0.0    203.233  
 19.8461538462    203.366  
 0.0    203.5  
 18.7692307692    203.633  
 0.0    203.766  
 18.9230769231    203.901  
 0.0    204.034  
 19.0769230769    204.167  
 0.0    204.3  
 19.2307692308    204.434  
 0.0    204.567  
 18.1538461538    204.701  
 0.0    204.834  
 18.3076923077    204.967  
 0.0    205.101  
 18.4615384615    205.234  
 0.0    205.368  
 18.6153846154    205.501  
 0.0    205.635  
 17.5384615385    205.768  
 0.0    205.901  
 17.6923076923    206.035  
 0.0    206.168  
 17.8461538462    206.302  
 0.0    206.435  
 18.0    206.569  
 0.0    206.702  
 16.9230769231    206.835  
 0.0    206.969  
 17.0769230769    207.102  
 0.0    207.236  
 17.2307692308    207.369  
 0.0    207.502  
 17.3846153846    207.636  
 0.0    207.769  
 16.3076923077    207.903  
 0.0    208.036  
 16.4615384615    208.17  
 0.0    208.303  
 16.6153846154    208.437  
 0.0    208.57  
 16.7692307692    208.703  
 0.0    208.837  
 15.6923076923    208.971  
 0.0    209.104  
 15.8461538462    209.237  
 0.0    209.37  
 16.0    209.504  
 0.0    209.637  
 16.1538461538    209.771  
 0.0    209.904  
 15.0769230769    210.038  
 0.0    210.171  
 15.2307692308    210.305  
 0.0    210.438  
 15.3846153846    210.571  
 0.0    210.705  
 15.5384615385    210.838  
 0.0    210.972  
 14.4615384615    211.105  
 0.0    211.238  
 14.6153846154    211.372  
 0.0    211.505  
 14.7692307692    211.639  
 0.0    211.772  
 14.9230769231    211.906  
 0.0    212.039  
 13.8461538462    212.173  
 0.0    212.307  
 14.0    212.44  
 0.0    212.573  
 14.1538461538    212.706  
 0.0    212.84  
 14.3076923077    212.973  
 0.0    213.106  
 13.2307692308    213.24  
 0.0    213.373  
 13.3846153846    213.507  
 0.0    213.64  
 13.5384615385    213.774  
 0.0    213.907  
 13.6923076923    214.041  
 0.0    214.174  
 12.6153846154    214.307  
 0.0    214.441  
 12.7692307692    214.574  
 0.0    214.708  
 12.9230769231    214.841  
 0.0    214.974  
 13.0769230769    215.108  
 0.0    215.241  
 12.0    215.375  
 0.0    215.508  
 12.1538461538    215.643  
 0.0    215.776  
 12.3076923077    215.909  
 0.0    216.042  
 12.4615384615    216.175  
 0.0    216.309  
 11.3846153846    216.442  
 0.0    216.576  
 11.5384615385    216.709  
 0.0    216.843  
 11.6923076923    216.976  
 0.0    217.109  
 11.8461538462    217.243  
 0.0    217.376  
 10.7692307692    217.51  
 0.0    217.643  
 10.9230769231    217.777  
 0.0    217.91  
 11.0769230769    218.043  
 0.0    218.177  
 11.2307692308    218.31  
 0.0    218.444  
 10.1538461538    218.577  
 0.0    218.711  
 10.3076923077    218.844  
 0.0    218.978  
 10.4615384615    219.111  
 0.0    219.244  
 10.6153846154    219.378  
 0.0    219.511  
 9.53846153846    219.645  
 0.0    219.78  
 9.69230769231    219.913  
 0.0    220.046  
 9.84615384615    220.179  
 0.0    220.312  
 10.0    220.445  
 0.0    220.579  
 8.92307692308    220.712  
 0.0    220.845  
 9.07692307692    220.979  
 0.0    221.112  
 9.23076923077    221.246  
 0.0    221.379  
 9.38461538462    221.513  
 0.0    221.646  
 8.30769230769    221.78  
 0.0    221.913  
 8.46153846154    222.046  
 0.0    222.18  
 8.61538461538    222.314  
 0.0    222.447  
 8.76923076923    222.58  
 0.0    222.713  
 7.69230769231    222.847  
 0.0    222.98  
 7.84615384615    223.114  
 0.0    223.247  
 8.0    223.381  
 0.0    223.514  
 8.15384615385    223.648  
 0.0    223.781  
 7.07692307692    223.914  
 0.0    224.048  
 7.23076923077    224.197  
 0.0    224.331  
 7.38461538462    224.465  
 0.0    224.598  
 7.53846153846    224.732  
 0.0    224.865  
 6.46153846154    224.998  
 0.0    225.132  
 6.61538461538    225.265  
 0.0    225.399  
 6.76923076923    225.532  
 0.0    225.666  
 6.92307692308    225.799  
 0.0    225.932  
 5.84615384615    226.066  
 0.0    226.199  
 6.0    226.333  
 0.0    226.466  
 6.15384615385    226.6  
 0.0    226.733  
 6.30769230769    226.866  
 0.0    226.999  
 5.23076923077    227.133  
 0.0    227.267  
 5.38461538462    227.4  
 0.0    227.534  
 5.53846153846    227.667  
 0.0    227.801  
 5.69230769231    227.934  
 0.0    228.067  
 4.61538461538    228.201  
 0.0    228.334  
 4.76923076923    228.468  
 0.0    228.601  
 4.92307692308    228.734  
 0.0    228.868  
 5.07692307692    229.002  
 0.0    229.135  
 4.0    229.268  
 0.0    229.402  
 4.15384615385    229.535  
 0.0    229.668  
 4.30769230769    229.802  
 0.0    229.935  
 4.46153846154    230.069  
 0.0    230.215  
 19.3846153846    230.352  
 0.0    230.486  
 19.5384615385    230.619  
 0.0    230.753  
 19.6923076923    230.886  
 0.0    231.019  
 19.8461538462    231.153  
 0.0    231.286  
 18.7692307692    231.42  
 0.0    231.553  
 18.9230769231    231.687  
 0.0    231.82  
 19.0769230769    231.954  
 0.0    232.087  
 19.2307692308    232.221  
 0.0    232.355  
 18.1538461538    232.488  
 0.0    232.621  
 18.3076923077    232.754  
 0.0    232.888  
 18.4615384615    233.021  
 0.0    233.154  
 18.6153846154    233.288  
 0.0    233.421  
 17.5384615385    233.555  
 0.0    233.688  
 17.6923076923    233.822  
 0.0    233.955  
 17.8461538462    234.089  
 0.0    234.222  
 18.0    234.355  
 0.0    234.489  
 16.9230769231    234.622  
 0.0    234.756  
 17.0769230769    234.889  
 0.0    235.022  
 17.2307692308    235.156  
 0.0    235.289  
 17.3846153846    235.423  
 0.0    235.556  
 16.3076923077    235.69  
 0.0    235.824  
 16.4615384615    235.957  
 0.0    236.091  
 16.6153846154    236.224  
 0.0    236.358  
 16.7692307692    236.491  
 0.0    236.625  
 15.6923076923    236.758  
 0.0    236.891  
 15.8461538462    237.025  
 0.0    237.158  
 16.0    237.291  
 0.0    237.424  
 16.1538461538    237.558  
 0.0    237.691  
 15.0769230769    237.824  
 0.0    237.958  
 15.2307692308    238.091  
 0.0    238.225  
 15.3846153846    238.358  
 0.0    238.492  
 15.5384615385    238.625  
 0.0    238.758  
 14.4615384615    238.892  
 0.0    239.026  
 14.6153846154    239.159  
 0.0    239.292  
 14.7692307692    239.426  
 0.0    239.559  
 14.9230769231    239.692  
 0.0    239.826  
 13.8461538462    239.959  
 0.0    240.093  
 14.0    240.226  
 0.0    240.36  
 14.1538461538    240.493  
 0.0    240.626  
 14.3076923077    240.76  
 0.0    240.893  
 13.2307692308    241.027  
 0.0    241.16  
 13.3846153846    241.294  
 0.0    241.427  
 13.5384615385    241.561  
 0.0    241.694  
 13.6923076923    241.827  
 0.0    241.961  
 12.6153846154    242.094  
 0.0    242.228  
 12.7692307692    242.362  
 0.0    242.495  
 12.9230769231    242.628  
 0.0    242.761  
 13.0769230769    242.895  
 0.0    243.028  
 12.0    243.162  
 0.0    243.295  
 12.1538461538    243.429  
 0.0    243.562  
 12.3076923077    243.695  
 0.0    243.829  
 12.4615384615    243.962  
 0.0    244.096  
 11.3846153846    244.229  
 0.0    244.363  
 11.5384615385    244.496  
 0.0    244.629  
 11.6923076923    244.763  
 0.0    244.896  
 11.8461538462    245.03  
 0.0    245.163  
 10.7692307692    245.296  
 0.0    245.43  
 10.9230769231    245.563  
 0.0    245.698  
 11.0769230769    245.831  
 0.0    245.964  
 11.2307692308    246.097  
 0.0    246.23  
 10.1538461538    246.364  
 0.0    246.497  
 10.3076923077    246.631  
 0.0    246.764  
 10.4615384615    246.898  
 0.0    247.031  
 10.6153846154    247.165  
 0.0    247.298  
 9.53846153846    247.432  
 0.0    247.565  
 9.69230769231    247.698  
 0.0    247.832  
 9.84615384615    247.965  
 0.0    248.099  
 10.0    248.232  
 0.0    248.365  
 8.92307692308    248.499  
 0.0    248.632  
 9.07692307692    248.766  
 0.0    248.899  
 9.23076923077    249.033  
 0.0    249.166  
 9.38461538462    249.3  
 0.0    249.433  
 8.30769230769    249.566  
 0.0    249.7  
 8.46153846154    249.833  
 0.0    249.967  
 8.61538461538    250.1  
 0.0    250.233  
 8.76923076923    250.367  
 0.0    250.5  
 7.69230769231    250.634  
 0.0    250.767  
 7.84615384615    250.901  
 0.0    251.034  
 8.0    251.168  
 0.0    251.301  
 8.15384615385    251.434  
 0.0    251.568  
 7.07692307692    251.701  
 0.0    251.835  
 7.23076923077    251.968  
 0.0    252.101  
 7.38461538462    252.235  
 0.0    252.369  
 7.53846153846    252.502  
 0.0    252.635  
 6.46153846154    252.769  
 0.0    252.902  
 6.61538461538    253.036  
 0.0    253.169  
 6.76923076923    253.302  
 0.0    253.436  
 6.92307692308    253.569  
 0.0    253.703  
 5.84615384615    253.836  
 0.0    253.97  
 6.0    254.103  
 0.0    254.236  
 6.15384615385    254.37  
 0.0    254.503  
 6.30769230769    254.637  
 0.0    254.77  
 5.23076923077    254.904  
 0.0    255.037  
 5.38461538462    255.17  
 0.0    255.304  
 5.53846153846    255.437  
 0.0    255.571  
 5.69230769231    255.705  
 0.0    255.838  
 4.61538461538    255.972  
 0.0    256.104  
 4.76923076923    256.238  
 0.0    256.371  
 4.92307692308    256.505  
 0.0    256.638  
 5.07692307692    256.771  
 0.0    256.905  
 4.0    257.038  
 0.0    257.172  
 4.15384615385    257.305  
 0.0    257.439  
 4.30769230769    257.572  
 0.0    257.706  
 4.46153846154    257.839  
 0.0    257.985  
 19.3846153846    258.122  
 0.0    258.256  
 19.5384615385    258.39  
 0.0    258.523  
 19.6923076923    258.656  
 0.0    258.79  
 19.8461538462    258.923  
 0.0    259.057  
 18.7692307692    259.191  
 0.0    259.324  
 18.9230769231    259.458  
 0.0    259.591  
 19.0769230769    259.725  
 0.0    259.858  
 19.2307692308    259.991  
 0.0    260.124  
 18.1538461538    260.258  
 0.0    260.391  
 18.3076923077    260.524  
 0.0    260.658  
 18.4615384615    260.791  
 0.0    260.924  
 18.6153846154    261.058  
 0.0    261.191  
 17.5384615385    261.325  
 0.0    261.458  
 17.6923076923    261.592  
 0.0    261.725  
 17.8461538462    261.859  
 0.0    261.992  
 18.0    262.126  
 0.0    262.259  
 16.9230769231    262.393  
 0.0    262.527  
 17.0769230769    262.66  
 0.0    262.794  
 17.2307692308    262.927  
 0.0    263.06  
 17.3846153846    263.193  
 0.0    263.326  
 16.3076923077    263.46  
 0.0    263.593  
 16.4615384615    263.727  
 0.0    263.86  
 16.6153846154    263.994  
 0.0    264.127  
 16.7692307692    264.26  
 0.0    264.394  
 15.6923076923    264.527  
 0.0    264.661  
 15.8461538462    264.794  
 0.0    264.927  
 16.0    265.061  
 0.0    265.211  
 16.1538461538    265.345  
 0.0    265.478  
 15.0769230769    265.611  
 0.0    265.745  
 15.2307692308    265.879  
 0.0    266.012  
 15.3846153846    266.145  
 0.0    266.278  
 15.5384615385    266.412  
 0.0    266.545  
 14.4615384615    266.679  
 0.0    266.812  
 14.6153846154    266.946  
 0.0    267.079  
 14.7692307692    267.212  
 0.0    267.346  
 14.9230769231    267.479  
 0.0    267.613  
 13.8461538462    267.746  
 0.0    267.879  
 14.0    268.013  
 0.0    268.146  
 14.1538461538    268.28  
 0.0    268.413  
 14.3076923077    268.547  
 0.0    268.68  
 13.2307692308    268.814  
 0.0    268.947  
 13.3846153846    269.081  
 0.0    269.214  
 13.5384615385    269.348  
 0.0    269.481  
 13.6923076923    269.614  
 0.0    269.748  
 12.6153846154    269.881  
 0.0    270.014  
 12.7692307692    270.148  
 0.0    270.282  
 12.9230769231    270.415  
 0.0    270.548  
 13.0769230769    270.682  
 0.0    270.815  
 12.0    270.949  
 0.0    271.082  
 12.1538461538    271.215  
 0.0    271.349  
 12.3076923077    271.482  
 0.0    271.616  
 12.4615384615    271.749  
 0.0    271.882  
 11.3846153846    272.016  
 0.0    272.149  
 11.5384615385    272.283  
 0.0    272.417  
 11.6923076923    272.55  
 0.0    272.684  
 11.8461538462    272.817  
 0.0    272.95  
 10.7692307692    273.083  
 0.0    273.217  
 10.9230769231    273.35  
 0.0    273.484  
 11.0769230769    273.617  
 0.0    273.751  
 11.2307692308    273.884  
 0.0    274.017  
 10.1538461538    274.151  
 0.0    274.284  
 10.3076923077    274.418  
 0.0    274.551  
 10.4615384615    274.685  
 0.0    274.818  
 10.6153846154    274.952  
 0.0    275.085  
 9.53846153846    275.218  
 0.0    275.352  
 9.69230769231    275.485  
 0.0    275.619  
 9.84615384615    275.753  
 0.0    275.886  
 10.0    276.019  
 0.0    276.153  
 8.92307692308    276.286  
 0.0    276.419  
 9.07692307692    276.553  
 0.0    276.686  
 9.23076923077    276.819  
 0.0    276.953  
 9.38461538462    277.086  
 0.0    277.22  
 8.30769230769    277.353  
 0.0    277.487  
 8.46153846154    277.62  
 0.0    277.753  
 8.61538461538    277.887  
 0.0    278.02  
 8.76923076923    278.154  
 0.0    278.287  
 7.69230769231    278.421  
 0.0    278.554  
 7.84615384615    278.687  
 0.0    278.821  
 8.0    278.954  
 0.0    279.089  
 8.15384615385    279.222  
 0.0    279.355  
 7.07692307692    279.489  
 0.0    279.622  
 7.23076923077    279.755  
 0.0    279.888  
 7.38461538462    280.022  
 0.0    280.155  
 7.53846153846    280.289  
 0.0    280.422  
 6.46153846154    280.555  
 0.0    280.689  
 6.61538461538    280.822  
 0.0    280.956  
 6.76923076923    281.089  
 0.0    281.223  
 6.92307692308    281.356  
 0.0    281.489  
 5.84615384615    281.623  
 0.0    281.756  
 6.0    281.89  
 0.0    282.023  
 6.15384615385    282.157  
 0.0    282.29  
 6.30769230769    282.424  
 0.0    282.558  
 5.23076923077    282.691  
 0.0    282.824  
 5.38461538462    282.957  
 0.0    283.091  
 5.53846153846    283.224  
 0.0    283.357  
 5.69230769231    283.491  
 0.0    283.624  
 4.61538461538    283.758  
 0.0    283.891  
 4.76923076923    284.025  
 0.0    284.158  
 4.92307692308    284.292  
 0.0    284.425  
 5.07692307692    284.558  
 0.0    284.692  
 4.0    284.825  
 0.0    284.959  
 4.15384615385    285.092  
 0.0    285.226  
 4.30769230769    285.359  
 0.0    285.492  
 4.46153846154    285.626  
 0.0    285.776  
 19.3846153846    285.91  
 0.0    286.043  
 19.5384615385    286.176  
 0.0    286.31  
 19.6923076923    286.443  
 0.0    286.576  
 19.8461538462    286.71  
 0.0    286.843  
 18.7692307692    286.977  
 0.0    287.11  
 18.9230769231    287.244  
 0.0    287.377  
 19.0769230769    287.511  
 0.0    287.644  
 19.2307692308    287.777  
 0.0    287.911  
 18.1538461538    288.044  
 0.0    288.178  
 18.3076923077    288.312  
 0.0    288.461  
 18.4615384615    288.595  
 0.0    288.728  
 18.6153846154    288.862  
 0.0    288.995  
 17.5384615385    289.129  
 0.0    289.262  
 17.6923076923    289.396  
 0.0    289.529  
 17.8461538462    289.662  
 0.0    289.795  
 18.0    289.929  
 0.0    290.062  
 16.9230769231    290.196  
 0.0    290.329  
 17.0769230769    290.463  
 0.0    290.596  
 17.2307692308    290.73  
 0.0    290.863  
 17.3846153846    290.996  
 0.0    291.13  
 16.3076923077    291.263  
 0.0    291.397  
 16.4615384615    291.53  
 0.0    291.664  
 16.6153846154    291.797  
 0.0    291.93  
 16.7692307692    292.064  
 0.0    292.197  
 15.6923076923    292.331  
 0.0    292.465  
 15.8461538462    292.598  
 0.0    292.731  
 16.0    292.865  
 0.0    292.998  
 16.1538461538    293.132  
 0.0    293.265  
 15.0769230769    293.399  
 0.0    293.532  
 15.2307692308    293.665  
 0.0    293.799  
 15.3846153846    293.932  
 0.0    294.066  
 15.5384615385    294.199  
 0.0    294.332  
 14.4615384615    294.466  
 0.0    294.599  
 14.6153846154    294.732  
 0.0    294.866  
 14.7692307692    295.0  
 0.0    295.134  
 14.9230769231    295.267  
 0.0    295.4  
 13.8461538462    295.534  
 0.0    295.667  
 14.0    295.801  
 0.0    295.934  
 14.1538461538    296.067  
 0.0    296.201  
 14.3076923077    296.334  
 0.0    296.467  
 13.2307692308    296.601  
 0.0    296.734  
 13.3846153846    296.867  
 0.0    297.001  
 13.5384615385    297.134  
 0.0    297.268  
 13.6923076923    297.401  
 0.0    297.534  
 12.6153846154    297.668  
 0.0    297.801  
 12.7692307692    297.935  
 0.0    298.068  
 12.9230769231    298.202  
 0.0    298.335  
 13.0769230769    298.468  
 0.0    298.602  
 12.0    298.735  
 0.0    298.869  
 12.1538461538    299.002  
 0.0    299.136  
 12.3076923077    299.27  
 0.0    299.403  
 12.4615384615    299.536  
 0.0    299.67  
 11.3846153846    299.803  
 0.0    299.937  
 11.5384615385    300.07  
 0.0    300.203  
 11.6923076923    300.337  
 0.0    300.471  
 11.8461538462    300.604  
 0.0    300.738  
 10.7692307692    300.871  
 0.0    301.005  
 10.9230769231    301.138  
 0.0    301.272  
 11.0769230769    301.406  
 0.0    301.539  
 11.2307692308    301.673  
 0.0    301.806  
 10.1538461538    301.939  
 0.0    302.073  
 10.3076923077    302.206  
 0.0    302.339  
 10.4615384615    302.473  
 0.0    302.606  
 10.6153846154    302.74  
 0.0    302.873  
 9.53846153846    303.007  
 0.0    303.14  
 9.69230769231    303.273  
 0.0    303.407  
 9.84615384615    303.541  
 0.0    303.674  
 10.0    303.808  
 0.0    303.941  
 8.92307692308    304.075  
 0.0    304.208  
 9.07692307692    304.341  
 0.0    304.474  
 9.23076923077    304.608  
 0.0    304.741  
 9.38461538462    304.875  
 0.0    305.008  
 8.30769230769    305.141  
 0.0    305.275  
 8.46153846154    305.408  
 0.0    305.541  
 8.61538461538    305.675  
 0.0    305.808  
 8.76923076923    305.942  
 0.0    306.075  
 7.69230769231    306.208  
 0.0    306.342  
 7.84615384615    306.475  
 0.0    306.608  
 8.0    306.742  
 0.0    306.875  
 8.15384615385    307.008  
 0.0    307.141  
 7.07692307692    307.275  
 0.0    307.408  
 7.23076923077    307.542  
 0.0    307.675  
 7.38461538462    307.809  
 0.0    307.942  
 7.53846153846    308.076  
 0.0    308.209  
 6.46153846154    308.342  
 0.0    308.476  
 6.61538461538    308.609  
 0.0    308.743  
 6.76923076923    308.876  
 0.0    309.009  
 6.92307692308    309.144  
 0.0    309.277  
 5.84615384615    309.411  
 0.0    309.544  
 6.0    309.677  
 0.0    309.81  
 6.15384615385    309.944  
 0.0    310.077  
 6.30769230769    310.211  
 0.0    310.344  
 5.23076923077    310.477  
 0.0    310.611  
 5.38461538462    310.744  
 0.0    310.878  
 5.53846153846    311.011  
 0.0    311.145  
 5.69230769231    311.278  
 0.0    311.412  
 4.61538461538    311.545  
 0.0    311.679  
 4.76923076923    311.812  
 0.0    311.945  
 4.92307692308    312.079  
 0.0    312.212  
 5.07692307692    312.346  
 0.0    312.48  
 4.0    312.613  
 0.0    312.746  
 4.15384615385    312.88  
 0.0    313.013  
 4.30769230769    313.146  
 0.0    313.28  
 4.46153846154    313.413  
