 [13.538461538461533, 15.384615384615378, 15.538461538461531, 15.846153846153838]  
 [42.597, 43.931, 44.198, 47.133]  
 [43.13, 44.465, 47.667]  
 [7.0769230769230749, 7.6923076923076898, 11.692307692307688, 17.999999999999989]  
 [67.699, 78.106, 83.977, 85.044]  
 [68.232, 84.511, 85.579]  
 [5.3846153846153841, 7.5384615384615365, 12.153846153846148, 17.076923076923066]  
 [96.002, 104.542, 113.615, 116.284]  
 [96.536, 104.942, 114.149]  
 [4.615384615384615, 9.9999999999999964, 10.615384615384611, 11.076923076923073]  
 [134.714, 136.048, 137.116, 144.855]  
 [136.582, 137.65, 145.388]  
 [6.6153846153846141, 7.2307692307692291, 9.0769230769230731, 18.769230769230759]  
 [148.074, 165.42, 168.622, 169.689]  
 [165.953, 169.023, 170.223]  
 [4.0, 12.461538461538456, 16.769230769230759, 18.307692307692299]  
 [177.179, 180.914, 188.403, 201.479]  
 [181.314, 189.071]  
 [6.9230769230769216, 7.9999999999999973, 9.0769230769230731, 14.461538461538455]  
 [211.103, 220.977, 223.378, 225.797]  
 [211.77, 221.51, 226.197]  
 [6.7692307692307674, 7.2307692307692291, 14.615384615384608, 18.923076923076913]  
 [231.684, 239.157, 251.966, 253.3]  
 [232.218]  
 [8.7692307692307665, 10.615384615384611, 18.769230769230759, 19.230769230769219]  
 [259.189, 259.989, 274.949, 278.152]  
 [278.685]  
 [4.7692307692307692, 5.2307692307692299, 10.769230769230765, 12.769230769230763]  
 [297.933, 300.869, 310.475, 311.81]  
 [301.404, 312.344]  
