 34.943    34.943  
 0.0    34.96  
 1.0    35.091  
 0.0    35.225  
 4.25    35.358  
 0.0    35.491  
 7.5    35.625  
 0.0    35.758  
 10.75    35.892  
 0.0    36.025  
 14.0    36.159  
 0.0    36.292  
 17.25    36.425  
 0.0    36.559  
 20.5    36.693  
 0.0    36.826  
 23.75    36.959  
 0.0    37.093  
 27.0    37.226  
 0.0    37.359  
 30.25    37.493  
 0.0    37.626  
 33.5    37.76  
 0.0    37.893  
 36.75    38.027  
 0.0    38.16  
 40.0    38.294  
 0.0    38.427  
 43.25    38.56  
 0.0    38.694  
 46.5    38.827  
 0.0    38.961  
 49.75    39.094  
 0.0    39.228  
 53.0    39.361  
 0.0    39.494  
 56.25    39.628  
 0.0    39.761  
 59.5    39.895  
 0.0    40.028  
 62.75    40.161  
 0.0    40.295  
 66.0    40.428  
 0.0    40.562  
 69.25    40.695  
 0.0    40.829  
 72.5    40.962  
 0.0    41.095  
 75.75    41.229  
 0.0    41.362  
 79.0    41.496  
 0.0    41.629  
 82.25    41.763  
 0.0    41.896  
 85.5    42.029  
 0.0    42.163  
 88.75    42.296  
 0.0    42.43  
 92.0    42.563  
 0.0    42.697  
 95.25    42.83  
 0.0    42.964  
 98.5    43.097  
 0.0    43.231  
 101.75    43.364  
 0.0    43.497  
 105.0    43.631  
 0.0    43.764  
 108.25    43.898  
 0.0    44.031  
 111.5    44.164  
 0.0    44.298  
 114.75    44.431  
 0.0    44.565  
 118.0    44.699  
 0.0    44.832  
 121.25    44.965  
 0.0    45.099  
 124.5    45.232  
 0.0    45.365  
 127.75    45.499  
 0.0    45.632  
 131.0    45.765  
 0.0    45.899  
 134.25    46.032  
 0.0    46.166  
 137.5    46.299  
 0.0    46.433  
 140.75    46.566  
 0.0    46.7  
 144.0    46.833  
 0.0    46.967  
 147.25    47.1  
 0.0    47.233  
 150.5    47.367  
 0.0    47.5  
 153.75    47.633  
 0.0    47.767  
 157.0    47.901  
 0.0    48.034  
 160.25    48.167  
 0.0    48.301  
 163.5    48.434  
 0.0    48.568  
 166.75    48.701  
 0.0    48.834  
 170.0    48.968  
 0.0    49.101  
 173.25    49.235  
 0.0    49.368  
 176.5    49.502  
 0.0    49.635  
 179.75    49.769  
 0.0    49.902  
 183.0    50.035  
 0.0    50.169  
 186.25    50.302  
 0.0    50.436  
 189.5    50.569  
 0.0    50.702  
 192.75    50.836  
 0.0    50.969  
 196.0    51.103  
 0.0    51.236  
 199.25    51.37  
 0.0    51.503  
 202.5    51.636  
 0.0    51.77  
 205.75    51.903  
 0.0    52.037  
 209.0    52.17  
 0.0    52.304  
 212.25    52.437  
 0.0    52.571  
 215.5    52.704  
 0.0    52.838  
 218.75    52.971  
 0.0    53.104  
 222.0    53.238  
 0.0    53.371  
 225.25    53.505  
 0.0    53.638  
 228.5    53.771  
 0.0    53.905  
 231.75    54.038  
 0.0    54.172  
 235.0    54.307  
 0.0    54.439  
 238.25    54.572  
 0.0    54.705  
 241.5    54.839  
 0.0    54.972  
 244.75    55.106  
 0.0    55.239  
 248.0    55.373  
 0.0    55.506  
 251.25    55.639  
 0.0    55.773  
 254.5    55.906  
 0.0    56.04  
 257.75    56.173  
 0.0    56.307  
 261.0    56.44  
 0.0    56.574  
 264.25    56.707  
 0.0    56.84  
 267.5    56.974  
 0.0    57.107  
 270.75    57.24  
 0.0    57.374  
 274.0    57.507  
 0.0    57.641  
 277.25    57.774  
 0.0    57.908  
 280.5    58.043  
 0.0    58.175  
 283.75    58.308  
 0.0    58.441  
 287.0    58.575  
 0.0    58.708  
 290.25    58.842  
 0.0    58.975  
 293.5    59.109  
 0.0    59.242  
 296.75    59.375  
 0.0    59.509  
 300.0    59.642  
 0.0    59.776  
 303.25    59.909  
 0.0    60.043  
 306.5    60.176  
 0.0    60.309  
 309.75    60.443  
 0.0    60.576  
 313.0    60.71  
 0.0    60.844  
 316.25    60.977  
 0.0    61.11  
 319.5    61.243  
 0.0    61.377  
 322.75    61.51  
 0.0    61.644  
 326.0    61.777  
 0.0    61.911  
 329.25    62.044  
 0.0    62.177  
 332.5    62.311  
 0.0    62.444  
 335.75    62.578  
 0.0    62.711  
 339.0    62.845  
 0.0    62.978  
 342.25    63.111  
 0.0    63.245  
 345.5    63.378  
 0.0    63.512  
 348.75    63.645  
 0.0    63.781  
 1.0    63.912  
 0.0    64.045  
 4.25    64.179  
 0.0    64.312  
 7.5    64.446  
 0.0    64.579  
 10.75    64.713  
 0.0    64.846  
 14.0    64.98  
 0.0    65.113  
 17.25    65.246  
 0.0    65.38  
 20.5    65.513  
 0.0    65.647  
 23.75    65.78  
 0.0    65.914  
 27.0    66.047  
 0.0    66.18  
 30.25    66.314  
 0.0    66.447  
 33.5    66.581  
 0.0    66.714  
 36.75    66.849  
 0.0    66.981  
 40.0    67.114  
 0.0    67.248  
 43.25    67.381  
 0.0    67.515  
 46.5    67.648  
 0.0    67.782  
 49.75    67.915  
 0.0    68.048  
 53.0    68.182  
 0.0    68.315  
 56.25    68.449  
 0.0    68.582  
 59.5    68.716  
 0.0    68.849  
 62.75    68.982  
 0.0    69.116  
 66.0    69.249  
 0.0    69.383  
 69.25    69.516  
 0.0    69.65  
 72.5    69.783  
 0.0    69.916  
 75.75    70.05  
 0.0    70.183  
 79.0    70.317  
 0.0    70.45  
 82.25    70.584  
 0.0    70.717  
 85.5    70.85  
 0.0    70.984  
 88.75    71.117  
 0.0    71.251  
 92.0    71.384  
 0.0    71.518  
 95.25    71.651  
 0.0    71.785  
 98.5    71.918  
 0.0    72.051  
 101.75    72.185  
 0.0    72.318  
 105.0    72.452  
 0.0    72.585  
 108.25    72.718  
 0.0    72.852  
 111.5    72.985  
 0.0    73.119  
 114.75    73.252  
 0.0    73.386  
 118.0    73.519  
 0.0    73.652  
 121.25    73.786  
 0.0    73.919  
 124.5    74.053  
 0.0    74.186  
 127.75    74.32  
 0.0    74.453  
 131.0    74.586  
 0.0    74.72  
 134.25    74.853  
 0.0    74.987  
 137.5    75.12  
 0.0    75.254  
 140.75    75.387  
 0.0    75.521  
 144.0    75.654  
 0.0    75.787  
 147.25    75.921  
 0.0    76.054  
 150.5    76.188  
 0.0    76.321  
 153.75    76.455  
 0.0    76.588  
 157.0    76.721  
 0.0    76.855  
 160.25    76.989  
 0.0    77.122  
 163.5    77.255  
 0.0    77.388  
 166.75    77.522  
 0.0    77.655  
 170.0    77.789  
 0.0    77.923  
 173.25    78.056  
 0.0    78.189  
 176.5    78.323  
 0.0    78.456  
 179.75    78.589  
 0.0    78.723  
 183.0    78.856  
 0.0    78.99  
 186.25    79.123  
 0.0    79.256  
 189.5    79.39  
 0.0    79.523  
 192.75    79.657  
 0.0    79.79  
 196.0    79.924  
 0.0    80.057  
 199.25    80.19  
 0.0    80.324  
 202.5    80.457  
 0.0    80.591  
 205.75    80.724  
 0.0    80.858  
 209.0    80.991  
 0.0    81.125  
 212.25    81.258  
 0.0    81.392  
 215.5    81.525  
 0.0    81.658  
 218.75    81.792  
 0.0    81.925  
 222.0    82.059  
 0.0    82.192  
 225.25    82.325  
 0.0    82.459  
 228.5    82.592  
 0.0    82.726  
 231.75    82.859  
 0.0    82.993  
 235.0    83.126  
 0.0    83.259  
 238.25    83.393  
 0.0    83.526  
 241.5    83.66  
 0.0    83.793  
 244.75    83.927  
 0.0    84.06  
 248.0    84.193  
 0.0    84.327  
 251.25    84.46  
 0.0    84.594  
 254.5    84.727  
 0.0    84.861  
 257.75    84.994  
 0.0    85.127  
 261.0    85.262  
 0.0    85.394  
 264.25    85.528  
 0.0    85.661  
 267.5    85.795  
 0.0    85.928  
 270.75    86.061  
 0.0    86.195  
 274.0    86.328  
 0.0    86.462  
 277.25    86.595  
 0.0    86.729  
 280.5    86.862  
 0.0    86.996  
 283.75    87.129  
 0.0    87.262  
 287.0    87.396  
 0.0    87.529  
 290.25    87.663  
 0.0    87.796  
 293.5    87.93  
 0.0    88.063  
 296.75    88.196  
 0.0    88.33  
 300.0    88.463  
 0.0    88.597  
 303.25    88.73  
 0.0    88.863  
 306.5    88.997  
 0.0    89.13  
 309.75    89.264  
 0.0    89.397  
 313.0    89.531  
 0.0    89.664  
 316.25    89.797  
 0.0    89.931  
 319.5    90.064  
 0.0    90.198  
 322.75    90.331  
 0.0    90.465  
 326.0    90.598  
 0.0    90.731  
 329.25    90.865  
 0.0    90.999  
 332.5    91.132  
 0.0    91.265  
 335.75    91.399  
 0.0    91.532  
 339.0    91.666  
 0.0    91.799  
 342.25    91.932  
 0.0    92.066  
 345.5    92.199  
 0.0    92.333  
 348.75    92.466  
 0.0    92.603  
 1.0    92.733  
 0.0    92.867  
 4.25    93.0  
 0.0    93.133  
 7.5    93.267  
 0.0    93.4  
 10.75    93.534  
 0.0    93.667  
 14.0    93.8  
 0.0    93.934  
 17.25    94.067  
 0.0    94.201  
 20.5    94.334  
 0.0    94.467  
 23.75    94.601  
 0.0    94.734  
 27.0    94.868  
 0.0    95.001  
 30.25    95.135  
 0.0    95.268  
 33.5    95.402  
 0.0    95.535  
 36.75    95.668  
 0.0    95.802  
 40.0    95.935  
 0.0    96.069  
 43.25    96.202  
 0.0    96.336  
 46.5    96.469  
 0.0    96.602  
 49.75    96.736  
 0.0    96.869  
 53.0    97.003  
 0.0    97.136  
 56.25    97.27  
 0.0    97.403  
 59.5    97.538  
 0.0    97.67  
 62.75    97.803  
 0.0    97.937  
 66.0    98.07  
 0.0    98.204  
 69.25    98.337  
 0.0    98.47  
 72.5    98.604  
 0.0    98.737  
 75.75    98.871  
 0.0    99.005  
 79.0    99.138  
 0.0    99.271  
 82.25    99.405  
 0.0    99.538  
 85.5    99.673  
 0.0    99.805  
 88.75    99.938  
 0.0    100.072  
 92.0    100.205  
 0.0    100.338  
 95.25    100.472  
 0.0    100.606  
 98.5    100.739  
 0.0    100.872  
 101.75    101.006  
 0.0    101.139  
 105.0    101.273  
 0.0    101.406  
 108.25    101.539  
 0.0    101.673  
 111.5    101.806  
 0.0    101.94  
 114.75    102.073  
 0.0    102.207  
 118.0    102.34  
 0.0    102.473  
 121.25    102.607  
 0.0    102.74  
 124.5    102.874  
 0.0    103.007  
 127.75    103.141  
 0.0    103.274  
 131.0    103.407  
 0.0    103.541  
 134.25    103.674  
 0.0    103.808  
 137.5    103.941  
 0.0    104.075  
 140.75    104.208  
 0.0    104.341  
 144.0    104.475  
 0.0    104.608  
 147.25    104.742  
 0.0    104.875  
 150.5    105.008  
 0.0    105.142  
 153.75    105.275  
 0.0    105.409  
 157.0    105.542  
 0.0    105.676  
 160.25    105.809  
 0.0    105.943  
 163.5    106.076  
 0.0    106.209  
 166.75    106.343  
 0.0    106.476  
 170.0    106.61  
 0.0    106.743  
 173.25    106.877  
 0.0    107.01  
 176.5    107.143  
 0.0    107.277  
 179.75    107.41  
 0.0    107.544  
 183.0    107.677  
 0.0    107.81  
 186.25    107.944  
 0.0    108.077  
 189.5    108.211  
 0.0    108.344  
 192.75    108.478  
 0.0    108.611  
 196.0    108.745  
 0.0    108.878  
 199.25    109.011  
 0.0    109.145  
 202.5    109.278  
 0.0    109.412  
 205.75    109.545  
 0.0    109.679  
 209.0    109.812  
 0.0    109.945  
 212.25    110.079  
 0.0    110.212  
 215.5    110.346  
 0.0    110.479  
 218.75    110.613  
 0.0    110.746  
 222.0    110.879  
 0.0    111.013  
 225.25    111.146  
 0.0    111.28  
 228.5    111.413  
 0.0    111.547  
 231.75    111.68  
 0.0    111.813  
 235.0    111.947  
 0.0    112.08  
 238.25    112.214  
 0.0    112.347  
 241.5    112.481  
 0.0    112.614  
 244.75    112.747  
 0.0    112.881  
 248.0    113.014  
 0.0    113.148  
 251.25    113.281  
 0.0    113.415  
 254.5    113.548  
 0.0    113.681  
 257.75    113.815  
 0.0    113.948  
 261.0    114.082  
 0.0    114.215  
 264.25    114.349  
 0.0    114.482  
 267.5    114.615  
 0.0    114.749  
 270.75    114.882  
 0.0    115.016  
 274.0    115.149  
 0.0    115.283  
 277.25    115.416  
 0.0    115.549  
 280.5    115.683  
 0.0    115.816  
 283.75    115.95  
 0.0    116.083  
 287.0    116.217  
 0.0    116.35  
 290.25    116.484  
 0.0    116.617  
 293.5    116.75  
 0.0    116.884  
 296.75    117.017  
 0.0    117.151  
 300.0    117.284  
 0.0    117.418  
 303.25    117.551  
 0.0    117.684  
 306.5    117.818  
 0.0    117.951  
 309.75    118.085  
 0.0    118.218  
 313.0    118.352  
 0.0    118.485  
 316.25    118.618  
 0.0    118.752  
 319.5    118.885  
 0.0    119.019  
 322.75    119.152  
 0.0    119.285  
 326.0    119.419  
 0.0    119.552  
 329.25    119.686  
 0.0    119.82  
 332.5    119.953  
 0.0    120.086  
 335.75    120.219  
 0.0    120.353  
 339.0    120.486  
 0.0    120.62  
 342.25    120.753  
 0.0    120.887  
 345.5    121.02  
 0.0    121.153  
 348.75    121.287  
 0.0    121.425  
 1.0    121.554  
 0.0    121.687  
 4.25    121.821  
 0.0    121.954  
 7.5    122.088  
 0.0    122.221  
 10.75    122.354  
 0.0    122.488  
 14.0    122.621  
 0.0    122.755  
 17.25    122.888  
 0.0    123.022  
 20.5    123.155  
 0.0    123.288  
 23.75    123.422  
 0.0    123.555  
 27.0    123.689  
 0.0    123.822  
 30.25    123.956  
 0.0    124.089  
 33.5    124.222  
 0.0    124.356  
 36.75    124.489  
 0.0    124.623  
 40.0    124.756  
 0.0    124.889  
 43.25    125.023  
 0.0    125.156  
 46.5    125.29  
 0.0    125.423  
 49.75    125.557  
 0.0    125.69  
 53.0    125.824  
 0.0    125.957  
 56.25    126.09  
 0.0    126.224  
 59.5    126.358  
 0.0    126.491  
 62.75    126.624  
 0.0    126.758  
 66.0    126.891  
 0.0    127.025  
 69.25    127.158  
 0.0    127.291  
 72.5    127.425  
 0.0    127.558  
 75.75    127.692  
 0.0    127.825  
 79.0    127.958  
 0.0    128.092  
 82.25    128.225  
 0.0    128.359  
 85.5    128.492  
 0.0    128.626  
 88.75    128.759  
 0.0    128.892  
 92.0    129.026  
 0.0    129.159  
 95.25    129.293  
 0.0    129.426  
 98.5    129.56  
 0.0    129.693  
 101.75    129.827  
 0.0    129.96  
 105.0    130.093  
 0.0    130.227  
 108.25    130.36  
 0.0    130.494  
 111.5    130.627  
 0.0    130.761  
 114.75    130.894  
 0.0    131.027  
 118.0    131.161  
 0.0    131.294  
 121.25    131.428  
 0.0    131.561  
 124.5    131.695  
 0.0    131.828  
 127.75    131.961  
 0.0    132.095  
 131.0    132.228  
 0.0    132.362  
 134.25    132.495  
 0.0    132.628  
 137.5    132.762  
 0.0    132.895  
 140.75    133.029  
 0.0    133.162  
 144.0    133.296  
 0.0    133.429  
 147.25    133.562  
 0.0    133.696  
 150.5    133.829  
 0.0    133.963  
 153.75    134.097  
 0.0    134.23  
 157.0    134.364  
 0.0    134.497  
 160.25    134.63  
 0.0    134.763  
 163.5    134.897  
 0.0    135.03  
 166.75    135.164  
 0.0    135.297  
 170.0    135.431  
 0.0    135.564  
 173.25    135.697  
 0.0    135.831  
 176.5    135.965  
 0.0    136.098  
 179.75    136.231  
 0.0    136.365  
 183.0    136.498  
 0.0    136.631  
 186.25    136.765  
 0.0    136.898  
 189.5    137.032  
 0.0    137.165  
 192.75    137.299  
 0.0    137.432  
 196.0    137.565  
 0.0    137.699  
 199.25    137.832  
 0.0    137.966  
 202.5    138.099  
 0.0    138.233  
 205.75    138.366  
 0.0    138.499  
 209.0    138.633  
 0.0    138.766  
 212.25    138.9  
 0.0    139.033  
 215.5    139.167  
 0.0    139.3  
 218.75    139.434  
 0.0    139.567  
 222.0    139.7  
 0.0    139.834  
 225.25    139.967  
 0.0    140.101  
 228.5    140.234  
 0.0    140.367  
 231.75    140.501  
 0.0    140.634  
 235.0    140.768  
 0.0    140.901  
 238.25    141.035  
 0.0    141.168  
 241.5    141.301  
 0.0    141.435  
 244.75    141.568  
 0.0    141.702  
 248.0    141.835  
 0.0    141.969  
 251.25    142.102  
 0.0    142.236  
 254.5    142.369  
 0.0    142.502  
 257.75    142.636  
 0.0    142.769  
 261.0    142.903  
 0.0    143.036  
 264.25    143.169  
 0.0    143.303  
 267.5    143.436  
 0.0    143.57  
 270.75    143.703  
 0.0    143.837  
 274.0    143.972  
 0.0    144.104  
 277.25    144.237  
 0.0    144.37  
 280.5    144.504  
 0.0    144.637  
 283.75    144.771  
 0.0    144.904  
 287.0    145.038  
 0.0    145.171  
 290.25    145.304  
 0.0    145.438  
 293.5    145.571  
 0.0    145.705  
 296.75    145.838  
 0.0    145.972  
 300.0    146.105  
 0.0    146.238  
 303.25    146.372  
 0.0    146.505  
 306.5    146.639  
 0.0    146.772  
 309.75    146.906  
 0.0    147.039  
 313.0    147.173  
 0.0    147.306  
 316.25    147.439  
 0.0    147.573  
 319.5    147.706  
 0.0    147.84  
 322.75    147.973  
 0.0    148.106  
 326.0    148.24  
 0.0    148.373  
 329.25    148.507  
 0.0    148.641  
 332.5    148.774  
 0.0    148.907  
 335.75    149.04  
 0.0    149.174  
 339.0    149.307  
 0.0    149.441  
 342.25    149.574  
 0.0    149.708  
 345.5    149.841  
 0.0    149.974  
 348.75    150.108  
 0.0    150.248  
 1.0    150.377  
 0.0    150.508  
 4.25    150.643  
 0.0    150.775  
 7.5    150.908  
 0.0    151.042  
 10.75    151.175  
 0.0    151.309  
 14.0    151.442  
 0.0    151.576  
 17.25    151.709  
 0.0    151.843  
 20.5    151.976  
 0.0    152.109  
 23.75    152.243  
 0.0    152.376  
 27.0    152.51  
 0.0    152.643  
 30.25    152.776  
 0.0    152.91  
 33.5    153.043  
 0.0    153.177  
 36.75    153.31  
 0.0    153.444  
 40.0    153.577  
 0.0    153.711  
 43.25    153.844  
 0.0    153.977  
 46.5    154.111  
 0.0    154.244  
 49.75    154.378  
 0.0    154.511  
 53.0    154.645  
 0.0    154.778  
 56.25    154.911  
 0.0    155.045  
 59.5    155.178  
 0.0    155.312  
 62.75    155.445  
 0.0    155.579  
 66.0    155.712  
 0.0    155.845  
 69.25    155.979  
 0.0    156.112  
 72.5    156.246  
 0.0    156.379  
 75.75    156.513  
 0.0    156.646  
 79.0    156.779  
 0.0    156.913  
 82.25    157.046  
 0.0    157.18  
 85.5    157.313  
 0.0    157.447  
 88.75    157.58  
 0.0    157.713  
 92.0    157.847  
 0.0    157.98  
 95.25    158.114  
 0.0    158.247  
 98.5    158.381  
 0.0    158.514  
 101.75    158.647  
 0.0    158.781  
 105.0    158.914  
 0.0    159.048  
 108.25    159.181  
 0.0    159.315  
 111.5    159.448  
 0.0    159.581  
 114.75    159.715  
 0.0    159.849  
 118.0    159.982  
 0.0    160.115  
 121.25    160.249  
 0.0    160.382  
 124.5    160.515  
 0.0    160.649  
 127.75    160.782  
 0.0    160.916  
 131.0    161.049  
 0.0    161.183  
 134.25    161.316  
 0.0    161.45  
 137.5    161.583  
 0.0    161.716  
 140.75    161.85  
 0.0    161.983  
 144.0    162.116  
 0.0    162.25  
 147.25    162.383  
 0.0    162.517  
 150.5    162.65  
 0.0    162.784  
 153.75    162.917  
 0.0    163.051  
 157.0    163.184  
 0.0    163.317  
 160.25    163.451  
 0.0    163.584  
 163.5    163.718  
 0.0    163.851  
 166.75    163.985  
 0.0    164.118  
 170.0    164.252  
 0.0    164.385  
 173.25    164.518  
 0.0    164.652  
 176.5    164.785  
 0.0    164.919  
 179.75    165.052  
 0.0    165.185  
 183.0    165.319  
 0.0    165.452  
 186.25    165.586  
 0.0    165.719  
 189.5    165.853  
 0.0    165.986  
 192.75    166.119  
 0.0    166.253  
 196.0    166.386  
 0.0    166.52  
 199.25    166.653  
 0.0    166.787  
 202.5    166.92  
 0.0    167.053  
 205.75    167.187  
 0.0    167.32  
 209.0    167.454  
 0.0    167.587  
 212.25    167.721  
 0.0    167.854  
 215.5    167.987  
 0.0    168.121  
 218.75    168.254  
 0.0    168.388  
 222.0    168.521  
 0.0    168.655  
 225.25    168.788  
 0.0    168.922  
 228.5    169.055  
 0.0    169.188  
 231.75    169.322  
 0.0    169.456  
 235.0    169.589  
 0.0    169.722  
 238.25    169.855  
 0.0    169.989  
 241.5    170.122  
 0.0    170.256  
 244.75    170.389  
 0.0    170.523  
 248.0    170.656  
 0.0    170.79  
 251.25    170.923  
 0.0    171.056  
 254.5    171.19  
 0.0    171.323  
 257.75    171.457  
 0.0    171.59  
 261.0    171.724  
 0.0    171.857  
 264.25    171.99  
 0.0    172.124  
 267.5    172.257  
 0.0    172.391  
 270.75    172.524  
 0.0    172.658  
 274.0    172.791  
 0.0    172.924  
 277.25    173.058  
 0.0    173.191  
 280.5    173.325  
 0.0    173.458  
 283.75    173.592  
 0.0    173.725  
 287.0    173.858  
 0.0    173.992  
 290.25    174.125  
 0.0    174.259  
 293.5    174.392  
 0.0    174.526  
 296.75    174.659  
 0.0    174.792  
 300.0    174.926  
 0.0    175.059  
 303.25    175.193  
 0.0    175.326  
 306.5    175.46  
 0.0    175.593  
 309.75    175.726  
 0.0    175.86  
 313.0    175.993  
 0.0    176.127  
 316.25    176.26  
 0.0    176.394  
 319.5    176.527  
 0.0    176.66  
 322.75    176.794  
 0.0    176.927  
 326.0    177.061  
 0.0    177.195  
 329.25    177.328  
 0.0    177.462  
 332.5    177.594  
 0.0    177.728  
 335.75    177.861  
 0.0    177.995  
 339.0    178.128  
 0.0    178.262  
 342.25    178.395  
 0.0    178.528  
 345.5    178.662  
 0.0    178.795  
 348.75    178.929  
 0.0    179.072  
 1.0    179.212  
 0.0    179.346  
 4.25    179.48  
 0.0    179.613  
 7.5    179.746  
 0.0    179.879  
 10.75    180.013  
 0.0    180.146  
 14.0    180.28  
 0.0    180.413  
 17.25    180.547  
 0.0    180.68  
 20.5    180.813  
 0.0    180.947  
 23.75    181.08  
 0.0    181.214  
 27.0    181.347  
 0.0    181.481  
 30.25    181.614  
 0.0    181.748  
 33.5    181.881  
 0.0    182.014  
 36.75    182.148  
 0.0    182.282  
 40.0    182.415  
 0.0    182.548  
 43.25    182.682  
 0.0    182.815  
 46.5    182.948  
 0.0    183.082  
 49.75    183.215  
 0.0    183.349  
 53.0    183.482  
 0.0    183.615  
 56.25    183.749  
 0.0    183.883  
 59.5    184.016  
 0.0    184.149  
 62.75    184.283  
 0.0    184.416  
 66.0    184.55  
 0.0    184.683  
 69.25    184.816  
 0.0    184.95  
 72.5    185.083  
 0.0    185.217  
 75.75    185.35  
 0.0    185.483  
 79.0    185.617  
 0.0    185.75  
 82.25    185.884  
 0.0    186.017  
 85.5    186.151  
 0.0    186.284  
 88.75    186.417  
 0.0    186.551  
 92.0    186.684  
 0.0    186.818  
 95.25    186.951  
 0.0    187.085  
 98.5    187.218  
 0.0    187.352  
 101.75    187.485  
 0.0    187.618  
 105.0    187.752  
 0.0    187.885  
 108.25    188.019  
 0.0    188.152  
 111.5    188.286  
 0.0    188.419  
 114.75    188.552  
 0.0    188.686  
 118.0    188.82  
 0.0    188.953  
 121.25    189.086  
 0.0    189.22  
 124.5    189.353  
 0.0    189.486  
 127.75    189.621  
 0.0    189.753  
 131.0    189.887  
 0.0    190.02  
 134.25    190.154  
 0.0    190.287  
 137.5    190.42  
 0.0    190.554  
 140.75    190.687  
 0.0    190.821  
 144.0    190.954  
 0.0    191.088  
 147.25    191.221  
 0.0    191.354  
 150.5    191.488  
 0.0    191.621  
 153.75    191.755  
 0.0    191.888  
 157.0    192.022  
 0.0    192.155  
 160.25    192.288  
 0.0    192.422  
 163.5    192.555  
 0.0    192.689  
 166.75    192.822  
 0.0    192.956  
 170.0    193.089  
 0.0    193.222  
 173.25    193.357  
 0.0    193.489  
 176.5    193.623  
 0.0    193.756  
 179.75    193.89  
 0.0    194.023  
 183.0    194.156  
 0.0    194.29  
 186.25    194.423  
 0.0    194.557  
 189.5    194.69  
 0.0    194.824  
 192.75    194.957  
 0.0    195.091  
 196.0    195.224  
 0.0    195.357  
 199.25    195.491  
 0.0    195.624  
 202.5    195.758  
 0.0    195.891  
 205.75    196.025  
 0.0    196.158  
 209.0    196.291  
 0.0    196.425  
 212.25    196.558  
 0.0    196.692  
 215.5    196.826  
 0.0    196.958  
 218.75    197.092  
 0.0    197.225  
 222.0    197.359  
 0.0    197.492  
 225.25    197.627  
 0.0    197.759  
 228.5    197.892  
 0.0    198.026  
 231.75    198.159  
 0.0    198.293  
 235.0    198.426  
 0.0    198.56  
 238.25    198.693  
 0.0    198.827  
 241.5    198.96  
 0.0    199.093  
 244.75    199.227  
 0.0    199.36  
 248.0    199.494  
 0.0    199.627  
 251.25    199.761  
 0.0    199.894  
 254.5    200.028  
 0.0    200.161  
 257.75    200.294  
 0.0    200.428  
 261.0    200.561  
 0.0    200.695  
 264.25    200.828  
 0.0    200.961  
 267.5    201.095  
 0.0    201.228  
 270.75    201.362  
 0.0    201.495  
 274.0    201.629  
 0.0    201.762  
 277.25    201.895  
 0.0    202.029  
 280.5    202.162  
 0.0    202.296  
 283.75    202.429  
 0.0    202.563  
 287.0    202.696  
 0.0    202.829  
 290.25    202.963  
 0.0    203.096  
 293.5    203.23  
 0.0    203.363  
 296.75    203.497  
 0.0    203.63  
 300.0    203.763  
 0.0    203.897  
 303.25    204.03  
 0.0    204.164  
 306.5    204.297  
 0.0    204.431  
 309.75    204.564  
 0.0    204.697  
 313.0    204.831  
 0.0    204.964  
 316.25    205.098  
 0.0    205.231  
 319.5    205.365  
 0.0    205.498  
 322.75    205.631  
 0.0    205.765  
 326.0    205.898  
 0.0    206.032  
 329.25    206.165  
 0.0    206.299  
 332.5    206.432  
 0.0    206.565  
 335.75    206.699  
 0.0    206.832  
 339.0    206.966  
 0.0    207.099  
 342.25    207.233  
 0.0    207.366  
 345.5    207.499  
 0.0    207.633  
 348.75    207.768  
 0.0    207.911  
 1.0    208.05  
 0.0    208.184  
 4.25    208.317  
 0.0    208.45  
 7.5    208.584  
 0.0    208.717  
 10.75    208.85  
 0.0    208.984  
 14.0    209.117  
 0.0    209.251  
 17.25    209.385  
 0.0    209.518  
 20.5    209.651  
 0.0    209.784  
 23.75    209.918  
 0.0    210.051  
 27.0    210.185  
 0.0    210.318  
 30.25    210.452  
 0.0    210.585  
 33.5    210.718  
 0.0    210.852  
 36.75    210.986  
 0.0    211.119  
 40.0    211.252  
 0.0    211.386  
 43.25    211.519  
 0.0    211.653  
 46.5    211.786  
 0.0    211.919  
 49.75    212.053  
 0.0    212.186  
 53.0    212.32  
 0.0    212.453  
 56.25    212.587  
 0.0    212.72  
 59.5    212.853  
 0.0    212.987  
 62.75    213.12  
 0.0    213.254  
 66.0    213.387  
 0.0    213.521  
 69.25    213.654  
 0.0    213.787  
 72.5    213.921  
 0.0    214.054  
 75.75    214.188  
 0.0    214.321  
 79.0    214.455  
 0.0    214.588  
 82.25    214.723  
 0.0    214.855  
 85.5    214.988  
 0.0    215.122  
 88.75    215.255  
 0.0    215.388  
 92.0    215.522  
 0.0    215.655  
 95.25    215.789  
 0.0    215.922  
 98.5    216.056  
 0.0    216.189  
 101.75    216.323  
 0.0    216.456  
 105.0    216.589  
 0.0    216.723  
 108.25    216.856  
 0.0    216.99  
 111.5    217.123  
 0.0    217.257  
 114.75    217.39  
 0.0    217.523  
 118.0    217.657  
 0.0    217.79  
 121.25    217.924  
 0.0    218.057  
 124.5    218.191  
 0.0    218.324  
 127.75    218.457  
 0.0    218.591  
 131.0    218.724  
 0.0    218.858  
 134.25    218.991  
 0.0    219.125  
 137.5    219.258  
 0.0    219.391  
 140.75    219.525  
 0.0    219.658  
 144.0    219.792  
 0.0    219.925  
 147.25    220.059  
 0.0    220.192  
 150.5    220.325  
 0.0    220.459  
 153.75    220.592  
 0.0    220.726  
 157.0    220.859  
 0.0    220.993  
 160.25    221.126  
 0.0    221.259  
 163.5    221.393  
 0.0    221.526  
 166.75    221.66  
 0.0    221.793  
 170.0    221.927  
 0.0    222.06  
 173.25    222.194  
 0.0    222.327  
 176.5    222.46  
 0.0    222.594  
 179.75    222.727  
 0.0    222.861  
 183.0    222.994  
 0.0    223.127  
 186.25    223.261  
 0.0    223.394  
 189.5    223.528  
 0.0    223.661  
 192.75    223.795  
 0.0    223.928  
 196.0    224.061  
 0.0    224.195  
 199.25    224.328  
 0.0    224.462  
 202.5    224.595  
 0.0    224.729  
 205.75    224.862  
 0.0    224.996  
 209.0    225.129  
 0.0    225.263  
 212.25    225.396  
 0.0    225.529  
 215.5    225.663  
 0.0    225.796  
 218.75    225.929  
 0.0    226.063  
 222.0    226.196  
 0.0    226.33  
 225.25    226.463  
 0.0    226.597  
 228.5    226.73  
 0.0    226.864  
 231.75    226.997  
 0.0    227.13  
 235.0    227.264  
 0.0    227.397  
 238.25    227.531  
 0.0    227.664  
 241.5    227.797  
 0.0    227.931  
 244.75    228.064  
 0.0    228.198  
 248.0    228.331  
 0.0    228.465  
 251.25    228.598  
 0.0    228.732  
 254.5    228.865  
 0.0    228.998  
 257.75    229.132  
 0.0    229.265  
 261.0    229.399  
 0.0    229.532  
 264.25    229.666  
 0.0    229.799  
 267.5    229.932  
 0.0    230.066  
 270.75    230.2  
 0.0    230.333  
 274.0    230.466  
 0.0    230.6  
 277.25    230.733  
 0.0    230.866  
 280.5    231.0  
 0.0    231.133  
 283.75    231.267  
 0.0    231.4  
 287.0    231.534  
 0.0    231.667  
 290.25    231.801  
 0.0    231.934  
 293.5    232.067  
 0.0    232.201  
 296.75    232.334  
 0.0    232.468  
 300.0    232.601  
 0.0    232.734  
 303.25    232.868  
 0.0    233.001  
 306.5    233.135  
 0.0    233.268  
 309.75    233.402  
 0.0    233.535  
 313.0    233.668  
 0.0    233.802  
 316.25    233.935  
 0.0    234.069  
 319.5    234.202  
 0.0    234.336  
 322.75    234.469  
 0.0    234.603  
 326.0    234.736  
 0.0    234.869  
 329.25    235.003  
 0.0    235.136  
 332.5    235.27  
 0.0    235.403  
 335.75    235.536  
 0.0    235.67  
 339.0    235.803  
 0.0    235.937  
 342.25    236.07  
 0.0    236.204  
 345.5    236.337  
 0.0    236.47  
 348.75    236.604  
 0.0    236.746  
 1.0    236.887  
 0.0    237.021  
 4.25    237.154  
 0.0    237.288  
 7.5    237.421  
 0.0    237.555  
 10.75    237.688  
 0.0    237.821  
 14.0    237.955  
 0.0    238.088  
 17.25    238.222  
 0.0    238.355  
 20.5    238.489  
 0.0    238.622  
 23.75    238.756  
 0.0    238.889  
 27.0    239.022  
 0.0    239.156  
 30.25    239.289  
 0.0    239.423  
 33.5    239.556  
 0.0    239.69  
 36.75    239.823  
 0.0    239.956  
 40.0    240.09  
 0.0    240.223  
 43.25    240.357  
 0.0    240.49  
 46.5    240.623  
 0.0    240.757  
 49.75    240.89  
 0.0    241.024  
 53.0    241.157  
 0.0    241.291  
 56.25    241.424  
 0.0    241.558  
 59.5    241.691  
 0.0    241.824  
 62.75    241.958  
 0.0    242.091  
 66.0    242.225  
 0.0    242.358  
 69.25    242.492  
 0.0    242.625  
 72.5    242.758  
 0.0    242.892  
 75.75    243.025  
 0.0    243.159  
 79.0    243.292  
 0.0    243.426  
 82.25    243.559  
 0.0    243.692  
 85.5    243.826  
 0.0    243.959  
 88.75    244.093  
 0.0    244.226  
 92.0    244.36  
 0.0    244.493  
 95.25    244.626  
 0.0    244.76  
 98.5    244.893  
 0.0    245.027  
 101.75    245.16  
 0.0    245.294  
 105.0    245.427  
 0.0    245.56  
 108.25    245.694  
 0.0    245.827  
 111.5    245.961  
 0.0    246.094  
 114.75    246.228  
 0.0    246.361  
 118.0    246.494  
 0.0    246.628  
 121.25    246.761  
 0.0    246.895  
 124.5    247.028  
 0.0    247.162  
 127.75    247.295  
 0.0    247.428  
 131.0    247.562  
 0.0    247.695  
 134.25    247.829  
 0.0    247.963  
 137.5    248.096  
 0.0    248.229  
 140.75    248.362  
 0.0    248.496  
 144.0    248.629  
 0.0    248.763  
 147.25    248.896  
 0.0    249.03  
 150.5    249.163  
 0.0    249.296  
 153.75    249.43  
 0.0    249.564  
 157.0    249.697  
 0.0    249.83  
 160.25    249.964  
 0.0    250.097  
 163.5    250.23  
 0.0    250.364  
 166.75    250.497  
 0.0    250.631  
 170.0    250.764  
 0.0    250.898  
 173.25    251.031  
 0.0    251.164  
 176.5    251.298  
 0.0    251.431  
 179.75    251.565  
 0.0    251.698  
 183.0    251.832  
 0.0    251.965  
 186.25    252.098  
 0.0    252.232  
 189.5    252.367  
 0.0    252.499  
 192.75    252.632  
 0.0    252.766  
 196.0    252.899  
 0.0    253.032  
 199.25    253.166  
 0.0    253.299  
 202.5    253.433  
 0.0    253.566  
 205.75    253.7  
 0.0    253.833  
 209.0    253.967  
 0.0    254.1  
 212.25    254.234  
 0.0    254.367  
 215.5    254.5  
 0.0    254.634  
 218.75    254.767  
 0.0    254.9  
 222.0    255.034  
 0.0    255.167  
 225.25    255.301  
 0.0    255.434  
 228.5    255.568  
 0.0    255.701  
 231.75    255.835  
 0.0    255.968  
 235.0    256.101  
 0.0    256.235  
 238.25    256.368  
 0.0    256.502  
 241.5    256.635  
 0.0    256.769  
 244.75    256.902  
 0.0    257.036  
 248.0    257.169  
 0.0    257.302  
 251.25    257.436  
 0.0    257.569  
 254.5    257.703  
 0.0    257.836  
 257.75    257.969  
 0.0    258.103  
 261.0    258.236  
 0.0    258.37  
 264.25    258.504  
 0.0    258.637  
 267.5    258.77  
 0.0    258.903  
 270.75    259.037  
 0.0    259.17  
 274.0    259.304  
 0.0    259.438  
 277.25    259.571  
 0.0    259.704  
 280.5    259.837  
 0.0    259.971  
 283.75    260.104  
 0.0    260.238  
 287.0    260.371  
 0.0    260.505  
 290.25    260.638  
 0.0    260.771  
 293.5    260.905  
 0.0    261.038  
 296.75    261.172  
 0.0    261.305  
 300.0    261.439  
 0.0    261.572  
 303.25    261.705  
 0.0    261.839  
 306.5    261.972  
 0.0    262.106  
 309.75    262.239  
 0.0    262.373  
 313.0    262.506  
 0.0    262.639  
 316.25    262.773  
 0.0    262.906  
 319.5    263.04  
 0.0    263.173  
 322.75    263.307  
 0.0    263.44  
 326.0    263.573  
 0.0    263.707  
 329.25    263.842  
 0.0    263.974  
 332.5    264.107  
 0.0    264.241  
 335.75    264.374  
 0.0    264.507  
 339.0    264.641  
 0.0    264.774  
 342.25    264.908  
 0.0    265.041  
 345.5    265.175  
 0.0    265.308  
 348.75    265.441  
 0.0    265.585  
 1.0    265.725  
 0.0    265.858  
 4.25    265.994  
 0.0    266.125  
 7.5    266.259  
 0.0    266.392  
 10.75    266.526  
 0.0    266.659  
 14.0    266.793  
 0.0    266.926  
 17.25    267.059  
 0.0    267.193  
 20.5    267.326  
 0.0    267.46  
 23.75    267.593  
 0.0    267.726  
 27.0    267.86  
 0.0    267.993  
 30.25    268.127  
 0.0    268.26  
 33.5    268.394  
 0.0    268.527  
 36.75    268.661  
 0.0    268.794  
 40.0    268.927  
 0.0    269.061  
 43.25    269.194  
 0.0    269.328  
 46.5    269.461  
 0.0    269.594  
 49.75    269.728  
 0.0    269.861  
 53.0    269.995  
 0.0    270.128  
 56.25    270.262  
 0.0    270.395  
 59.5    270.529  
 0.0    270.662  
 62.75    270.795  
 0.0    270.929  
 66.0    271.062  
 0.0    271.196  
 69.25    271.329  
 0.0    271.463  
 72.5    271.596  
 0.0    271.729  
 75.75    271.863  
 0.0    271.996  
 79.0    272.13  
 0.0    272.263  
 82.25    272.396  
 0.0    272.53  
 85.5    272.663  
 0.0    272.797  
 88.75    272.93  
 0.0    273.064  
 92.0    273.197  
 0.0    273.331  
 95.25    273.464  
 0.0    273.597  
 98.5    273.731  
 0.0    273.864  
 101.75    273.998  
 0.0    274.131  
 105.0    274.265  
 0.0    274.398  
 108.25    274.531  
 0.0    274.665  
 111.5    274.798  
 0.0    274.932  
 114.75    275.066  
 0.0    275.199  
 118.0    275.332  
 0.0    275.465  
 121.25    275.599  
 0.0    275.732  
 124.5    275.866  
 0.0    275.999  
 127.75    276.133  
 0.0    276.266  
 131.0    276.399  
 0.0    276.533  
 134.25    276.666  
 0.0    276.8  
 137.5    276.933  
 0.0    277.067  
 140.75    277.2  
 0.0    277.333  
 144.0    277.467  
 0.0    277.6  
 147.25    277.734  
 0.0    277.867  
 150.5    278.001  
 0.0    278.134  
 153.75    278.268  
 0.0    278.401  
 157.0    278.534  
 0.0    278.668  
 160.25    278.801  
 0.0    278.935  
 163.5    279.068  
 0.0    279.201  
 166.75    279.335  
 0.0    279.468  
 170.0    279.602  
 0.0    279.735  
 173.25    279.869  
 0.0    280.002  
 176.5    280.135  
 0.0    280.269  
 179.75    280.402  
 0.0    280.536  
 183.0    280.669  
 0.0    280.803  
 186.25    280.936  
 0.0    281.069  
 189.5    281.203  
 0.0    281.336  
 192.75    281.47  
 0.0    281.603  
 196.0    281.737  
 0.0    281.87  
 199.25    282.003  
 0.0    282.137  
 202.5    282.27  
 0.0    282.404  
 205.75    282.537  
 0.0    282.671  
 209.0    282.804  
 0.0    282.938  
 212.25    283.071  
 0.0    283.204  
 215.5    283.338  
 0.0    283.471  
 218.75    283.605  
 0.0    283.738  
 222.0    283.872  
 0.0    284.005  
 225.25    284.138  
 0.0    284.272  
 228.5    284.405  
 0.0    284.539  
 231.75    284.672  
 0.0    284.805  
 235.0    284.939  
 0.0    285.072  
 238.25    285.206  
 0.0    285.339  
 241.5    285.473  
 0.0    285.606  
 244.75    285.74  
 0.0    285.873  
 248.0    286.006  
 0.0    286.14  
 251.25    286.274  
 0.0    286.407  
 254.5    286.54  
 0.0    286.674  
 257.75    286.807  
 0.0    286.94  
 261.0    287.074  
 0.0    287.207  
 264.25    287.341  
 0.0    287.474  
 267.5    287.607  
 0.0    287.741  
 270.75    287.875  
 0.0    288.008  
 274.0    288.141  
 0.0    288.275  
 277.25    288.41  
 0.0    288.542  
 280.5    288.675  
 0.0    288.808  
 283.75    288.942  
 0.0    289.075  
 287.0    289.209  
 0.0    289.342  
 290.25    289.476  
 0.0    289.609  
 293.5    289.742  
 0.0    289.876  
 296.75    290.009  
 0.0    290.143  
 300.0    290.276  
 0.0    290.41  
 303.25    290.543  
 0.0    290.676  
 306.5    290.81  
 0.0    290.943  
 309.75    291.077  
 0.0    291.21  
 313.0    291.344  
 0.0    291.477  
 316.25    291.61  
 0.0    291.744  
 319.5    291.877  
 0.0    292.011  
 322.75    292.144  
 0.0    292.278  
 326.0    292.411  
 0.0    292.544  
 329.25    292.678  
 0.0    292.811  
 332.5    292.945  
 0.0    293.079  
 335.75    293.212  
 0.0    293.345  
 339.0    293.479  
 0.0    293.612  
 342.25    293.745  
 0.0    293.879  
 345.5    294.012  
 0.0    294.146  
 348.75    294.279  
 0.0    294.423  
 1.0    294.563  
 0.0    294.696  
 4.25    294.829  
 0.0    294.963  
 7.5    295.096  
 0.0    295.23  
 10.75    295.363  
 0.0    295.497  
 14.0    295.63  
 0.0    295.764  
 17.25    295.897  
 0.0    296.03  
 20.5    296.164  
 0.0    296.297  
 23.75    296.431  
 0.0    296.564  
 27.0    296.697  
 0.0    296.831  
 30.25    296.964  
 0.0    297.098  
 33.5    297.231  
 0.0    297.365  
 36.75    297.498  
 0.0    297.631  
 40.0    297.766  
 0.0    297.898  
 43.25    298.032  
 0.0    298.165  
 46.5    298.299  
 0.0    298.432  
 49.75    298.565  
 0.0    298.699  
 53.0    298.832  
 0.0    298.966  
 56.25    299.099  
 0.0    299.233  
 59.5    299.366  
 0.0    299.499  
 62.75    299.633  
 0.0    299.766  
 66.0    299.9  
 0.0    300.033  
 69.25    300.167  
 0.0    300.3  
 72.5    300.434  
 0.0    300.567  
 75.75    300.7  
 0.0    300.834  
 79.0    300.967  
 0.0    301.101  
 82.25    301.234  
 0.0    301.368  
 85.5    301.501  
 0.0    301.634  
 88.75    301.768  
 0.0    301.901  
 92.0    302.035  
 0.0    302.168  
 95.25    302.302  
 0.0    302.435  
 98.5    302.568  
 0.0    302.702  
 101.75    302.835  
 0.0    302.969  
 105.0    303.102  
 0.0    303.236  
 108.25    303.369  
 0.0    303.502  
 111.5    303.636  
 0.0    303.769  
 114.75    303.903  
 0.0    304.036  
 118.0    304.17  
 0.0    304.303  
 121.25    304.436  
 0.0    304.57  
 124.5    304.703  
 0.0    304.837  
 127.75    304.97  
 0.0    305.104  
 131.0    305.237  
 0.0    305.37  
 134.25    305.504  
 0.0    305.637  
 137.5    305.771  
 0.0    305.904  
 140.75    306.038  
 0.0    306.171  
 144.0    306.304  
 0.0    306.438  
 147.25    306.571  
 0.0    306.705  
 150.5    306.838  
 0.0    306.972  
 153.75    307.105  
 0.0    307.238  
 157.0    307.372  
 0.0    307.505  
 160.25    307.639  
 0.0    307.772  
 163.5    307.906  
 0.0    308.039  
 166.75    308.172  
 0.0    308.306  
 170.0    308.439  
 0.0    308.573  
 173.25    308.706  
 0.0    308.84  
 176.5    308.973  
 0.0    309.106  
 179.75    309.24  
 0.0    309.373  
 183.0    309.507  
 0.0    309.64  
 186.25    309.774  
 0.0    309.907  
 189.5    310.041  
 0.0    310.174  
 192.75    310.307  
 0.0    310.441  
 196.0    310.574  
 0.0    310.708  
 199.25    310.843  
 0.0    310.974  
 202.5    311.108  
 0.0    311.241  
 205.75    311.375  
 0.0    311.508  
 209.0    311.642  
 0.0    311.775  
 212.25    311.909  
 0.0    312.042  
 215.5    312.175  
 0.0    312.309  
 218.75    312.442  
 0.0    312.576  
 222.0    312.709  
 0.0    312.843  
 225.25    312.976  
 0.0    313.109  
 228.5    313.245  
 0.0    313.376  
 231.75    313.51  
 0.0    313.643  
 235.0    313.777  
 0.0    313.91  
 238.25    314.043  
 0.0    314.177  
 241.5    314.31  
 0.0    314.444  
 244.75    314.577  
 0.0    314.711  
 248.0    314.844  
 0.0    314.977  
 251.25    315.111  
 0.0    315.244  
 254.5    315.378  
 0.0    315.511  
 257.75    315.645  
 0.0    315.778  
 261.0    315.911  
 0.0    316.045  
 264.25    316.178  
 0.0    316.312  
 267.5    316.445  
 0.0    316.579  
 270.75    316.712  
 0.0    316.845  
 274.0    316.979  
 0.0    317.112  
 277.25    317.246  
 0.0    317.379  
 280.5    317.513  
 0.0    317.646  
 283.75    317.779  
 0.0    317.913  
 287.0    318.046  
 0.0    318.18  
 290.25    318.313  
 0.0    318.447  
 293.5    318.58  
 0.0    318.713  
 296.75    318.847  
 0.0    318.98  
 300.0    319.114  
 0.0    319.247  
 303.25    319.381  
 0.0    319.514  
 306.5    319.647  
 0.0    319.781  
 309.75    319.914  
 0.0    320.048  
 313.0    320.181  
 0.0    320.315  
 316.25    320.448  
 0.0    320.581  
 319.5    320.715  
 0.0    320.848  
 322.75    320.982  
 0.0    321.115  
 326.0    321.249  
 0.0    321.382  
 329.25    321.515  
 0.0    321.649  
 332.5    321.782  
 0.0    321.916  
 335.75    322.049  
 0.0    322.183  
 339.0    322.316  
 0.0    322.45  
 342.25    322.583  
 0.0    322.716  
 345.5    322.85  
 0.0    322.984  
 348.75    323.117  
