 [359.0, 141.25, 125.0, 79.5]  
 [35.087, 52.964, 54.298, 58.034]  
 [53.498, 54.832, 58.568]  
 [323.25, 190.0, 121.75, 99.0]  
 [66.841, 77.782, 83.386, 85.254]  
 [67.374, 70.043, 78.316, 83.92, 85.788]  
 [320.0, 300.5, 274.5, 66.5]  
 [95.928, 97.53, 99.664, 116.744]  
 [96.462, 98.197, 100.198]  
 [255.0, 131.5, 86.0, 79.5]  
 [130.087, 140.227, 143.964, 144.497]  
 [130.62, 140.761, 144.497, 145.298]  
 [355.75, 225.75, 193.25, 190.0]  
 [150.635, 161.309, 163.978, 164.245]  
 [151.035, 164.778]  
 [232.25, 186.75, 134.75, 11.25]  
 [189.613, 193.349, 197.619, 207.76]  
 [190.147, 193.883, 198.153]  
 [277.75, 186.75, 102.25, 27.5]  
 [214.714, 222.187, 229.125, 235.263]  
 [229.659, 235.93]  
 [235.5, 170.5, 30.75, 30.75]  
 [247.021, 252.359, 263.834]  
 [252.892]  
 [355.75, 203.0, 95.75, 82.75]  
 [265.985, 278.528, 287.334, 288.401]  
 [279.061, 288.935]  
 [320.0, 131.5, 128.25, 27.5]  
 [297.758, 313.236, 313.503, 321.776]  
 [298.425, 313.77, 322.309]  
