 35.2406293002    35.2406293002    35.2406293002  
 35.2570567355    55.3553597261    0.0  
 55.3605515191    75.3703835044    1.0  
 75.3749263553    95.6066774108    0.0  
 95.6108584892    115.862477396    1.0  
 115.867064702    136.092918814    0.0  
 136.09742743    156.099329035    1.0  
 156.103572452    176.33636437    0.0  
 176.341089385    196.593423916    1.0  
 196.598084036    216.824222253    0.0  
 216.828527499    236.830924242    1.0  
 236.835499795    257.066056951    0.0  
 257.070752073    277.071690995    1.0  
 277.075981934    297.307323696    0.0  
 297.31210594    317.312355808    1.0  
