 43.091    43.091  
 0.0    43.108  
 352.0    43.24  
 0.0    43.374  
 348.75    43.507  
 0.0    43.641  
 345.5    43.775  
 0.0    43.908  
 342.25    44.042  
 0.0    44.175  
 339.0    44.309  
 0.0    44.443  
 335.75    44.576  
 0.0    44.71  
 332.5    44.843  
 0.0    44.977  
 329.25    45.11  
 0.0    45.244  
 326.0    45.378  
 0.0    45.511  
 322.75    45.645  
 0.0    45.778  
 319.5    45.912  
 0.0    46.045  
 316.25    46.179  
 0.0    46.313  
 313.0    46.446  
 0.0    46.58  
 309.75    46.713  
 0.0    46.847  
 306.5    46.981  
 0.0    47.114  
 303.25    47.248  
 0.0    47.381  
 300.0    47.515  
 0.0    47.649  
 296.75    47.782  
 0.0    47.916  
 293.5    48.05  
 0.0    48.183  
 290.25    48.317  
 0.0    48.45  
 287.0    48.583  
 0.0    48.717  
 283.75    48.851  
 0.0    48.984  
 280.5    49.118  
 0.0    49.251  
 277.25    49.385  
 0.0    49.519  
 274.0    49.652  
 0.0    49.786  
 270.75    49.919  
 0.0    50.053  
 267.5    50.187  
 0.0    50.32  
 264.25    50.454  
 0.0    50.587  
 261.0    50.721  
 0.0    50.854  
 257.75    50.988  
 0.0    51.122  
 254.5    51.255  
 0.0    51.389  
 251.25    51.522  
 0.0    51.656  
 248.0    51.789  
 0.0    51.923  
 244.75    52.057  
 0.0    52.19  
 241.5    52.324  
 0.0    52.457  
 238.25    52.591  
 0.0    52.724  
 235.0    52.858  
 0.0    52.992  
 231.75    53.125  
 0.0    53.259  
 228.5    53.392  
 0.0    53.526  
 225.25    53.659  
 0.0    53.793  
 222.0    53.927  
 0.0    54.06  
 218.75    54.194  
 0.0    54.327  
 215.5    54.461  
 0.0    54.595  
 212.25    54.728  
 0.0    54.862  
 209.0    54.995  
 0.0    55.129  
 205.75    55.262  
 0.0    55.396  
 202.5    55.53  
 0.0    55.663  
 199.25    55.797  
 0.0    55.93  
 196.0    56.064  
 0.0    56.197  
 192.75    56.331  
 0.0    56.465  
 189.5    56.599  
 0.0    56.732  
 186.25    56.866  
 0.0    56.999  
 183.0    57.133  
 0.0    57.266  
 179.75    57.4  
 0.0    57.534  
 176.5    57.667  
 0.0    57.801  
 173.25    57.934  
 0.0    58.068  
 170.0    58.201  
 0.0    58.335  
 166.75    58.468  
 0.0    58.602  
 163.5    58.736  
 0.0    58.869  
 160.25    59.003  
 0.0    59.136  
 157.0    59.27  
 0.0    59.403  
 153.75    59.537  
 0.0    59.671  
 150.5    59.804  
 0.0    59.938  
 147.25    60.071  
 0.0    60.205  
 144.0    60.339  
 0.0    60.472  
 140.75    60.606  
 0.0    60.739  
 137.5    60.873  
 0.0    61.006  
 134.25    61.14  
 0.0    61.273  
 131.0    61.407  
 0.0    61.541  
 127.75    61.674  
 0.0    61.808  
 124.5    61.941  
 0.0    62.075  
 121.25    62.209  
 0.0    62.342  
 118.0    62.476  
 0.0    62.609  
 114.75    62.743  
 0.0    62.876  
 111.5    63.01  
 0.0    63.144  
 108.25    63.277  
 0.0    63.411  
 105.0    63.544  
 0.0    63.678  
 101.75    63.811  
 0.0    63.945  
 98.5    64.079  
 0.0    64.212  
 95.25    64.346  
 0.0    64.48  
 92.0    64.613  
 0.0    64.746  
 88.75    64.88  
 0.0    65.014  
 85.5    65.147  
 0.0    65.281  
 82.25    65.415  
 0.0    65.548  
 79.0    65.682  
 0.0    65.815  
 75.75    65.949  
 0.0    66.083  
 72.5    66.216  
 0.0    66.349  
 69.25    66.483  
 0.0    66.617  
 66.0    66.75  
 0.0    66.884  
 62.75    67.017  
 0.0    67.151  
 59.5    67.284  
 0.0    67.418  
 56.25    67.552  
 0.0    67.686  
 53.0    67.819  
 0.0    67.953  
 49.75    68.086  
 0.0    68.22  
 46.5    68.354  
 0.0    68.487  
 43.25    68.62  
 0.0    68.754  
 40.0    68.887  
 0.0    69.021  
 36.75    69.155  
 0.0    69.288  
 33.5    69.422  
 0.0    69.556  
 30.25    69.689  
 0.0    69.822  
 27.0    69.956  
 0.0    70.09  
 23.75    70.223  
 0.0    70.357  
 20.5    70.49  
 0.0    70.624  
 17.25    70.757  
 0.0    70.891  
 14.0    71.025  
 0.0    71.158  
 10.75    71.292  
 0.0    71.426  
 7.5    71.559  
 0.0    71.693  
 4.25    71.826  
 0.0    71.963  
 352.0    72.093  
 0.0    72.227  
 348.75    72.361  
 0.0    72.494  
 345.5    72.628  
 0.0    72.761  
 342.25    72.895  
 0.0    73.028  
 339.0    73.162  
 0.0    73.296  
 335.75    73.429  
 0.0    73.563  
 332.5    73.697  
 0.0    73.83  
 329.25    73.964  
 0.0    74.097  
 326.0    74.231  
 0.0    74.364  
 322.75    74.498  
 0.0    74.632  
 319.5    74.765  
 0.0    74.899  
 316.25    75.032  
 0.0    75.166  
 313.0    75.299  
 0.0    75.433  
 309.75    75.567  
 0.0    75.7  
 306.5    75.834  
 0.0    75.967  
 303.25    76.101  
 0.0    76.234  
 300.0    76.368  
 0.0    76.501  
 296.75    76.635  
 0.0    76.769  
 293.5    76.902  
 0.0    77.036  
 290.25    77.169  
 0.0    77.303  
 287.0    77.436  
 0.0    77.57  
 283.75    77.704  
 0.0    77.837  
 280.5    77.971  
 0.0    78.104  
 277.25    78.238  
 0.0    78.372  
 274.0    78.505  
 0.0    78.639  
 270.75    78.772  
 0.0    78.906  
 267.5    79.04  
 0.0    79.173  
 264.25    79.307  
 0.0    79.44  
 261.0    79.574  
 0.0    79.707  
 257.75    79.841  
 0.0    79.975  
 254.5    80.108  
 0.0    80.242  
 251.25    80.375  
 0.0    80.509  
 248.0    80.642  
 0.0    80.776  
 244.75    80.91  
 0.0    81.043  
 241.5    81.177  
 0.0    81.31  
 238.25    81.444  
 0.0    81.577  
 235.0    81.711  
 0.0    81.845  
 231.75    81.978  
 0.0    82.112  
 228.5    82.245  
 0.0    82.379  
 225.25    82.512  
 0.0    82.646  
 222.0    82.78  
 0.0    82.913  
 218.75    83.047  
 0.0    83.18  
 215.5    83.314  
 0.0    83.448  
 212.25    83.581  
 0.0    83.715  
 209.0    83.848  
 0.0    83.982  
 205.75    84.115  
 0.0    84.249  
 202.5    84.383  
 0.0    84.516  
 199.25    84.65  
 0.0    84.784  
 196.0    84.917  
 0.0    85.051  
 192.75    85.184  
 0.0    85.318  
 189.5    85.451  
 0.0    85.585  
 186.25    85.719  
 0.0    85.852  
 183.0    85.986  
 0.0    86.119  
 179.75    86.253  
 0.0    86.386  
 176.5    86.52  
 0.0    86.654  
 173.25    86.787  
 0.0    86.921  
 170.0    87.054  
 0.0    87.188  
 166.75    87.321  
 0.0    87.455  
 163.5    87.589  
 0.0    87.722  
 160.25    87.856  
 0.0    87.989  
 157.0    88.123  
 0.0    88.257  
 153.75    88.39  
 0.0    88.524  
 150.5    88.657  
 0.0    88.791  
 147.25    88.924  
 0.0    89.058  
 144.0    89.191  
 0.0    89.325  
 140.75    89.459  
 0.0    89.592  
 137.5    89.726  
 0.0    89.859  
 134.25    89.993  
 0.0    90.127  
 131.0    90.26  
 0.0    90.394  
 127.75    90.527  
 0.0    90.661  
 124.5    90.794  
 0.0    90.928  
 121.25    91.062  
 0.0    91.195  
 118.0    91.329  
 0.0    91.462  
 114.75    91.596  
 0.0    91.729  
 111.5    91.863  
 0.0    91.997  
 108.25    92.13  
 0.0    92.264  
 105.0    92.397  
 0.0    92.531  
 101.75    92.665  
 0.0    92.798  
 98.5    92.932  
 0.0    93.065  
 95.25    93.199  
 0.0    93.333  
 92.0    93.466  
 0.0    93.6  
 88.75    93.733  
 0.0    93.867  
 85.5    94.0  
 0.0    94.134  
 82.25    94.268  
 0.0    94.401  
 79.0    94.535  
 0.0    94.668  
 75.75    94.802  
 0.0    94.935  
 72.5    95.069  
 0.0    95.203  
 69.25    95.336  
 0.0    95.47  
 66.0    95.603  
 0.0    95.737  
 62.75    95.871  
 0.0    96.004  
 59.5    96.138  
 0.0    96.271  
 56.25    96.405  
 0.0    96.538  
 53.0    96.672  
 0.0    96.805  
 49.75    96.939  
 0.0    97.073  
 46.5    97.206  
 0.0    97.34  
 43.25    97.473  
 0.0    97.607  
 40.0    97.741  
 0.0    97.874  
 36.75    98.008  
 0.0    98.141  
 33.5    98.275  
 0.0    98.408  
 30.25    98.542  
 0.0    98.676  
 27.0    98.809  
 0.0    98.943  
 23.75    99.076  
 0.0    99.21  
 20.5    99.344  
 0.0    99.477  
 17.25    99.61  
 0.0    99.744  
 14.0    99.878  
 0.0    100.011  
 10.75    100.145  
 0.0    100.279  
 7.5    100.412  
 0.0    100.546  
 4.25    100.679  
 0.0    100.817  
 352.0    100.946  
 0.0    101.08  
 348.75    101.214  
 0.0    101.347  
 345.5    101.481  
 0.0    101.614  
 342.25    101.748  
 0.0    101.881  
 339.0    102.015  
 0.0    102.149  
 335.75    102.282  
 0.0    102.416  
 332.5    102.549  
 0.0    102.683  
 329.25    102.817  
 0.0    102.95  
 326.0    103.084  
 0.0    103.217  
 322.75    103.351  
 0.0    103.485  
 319.5    103.618  
 0.0    103.752  
 316.25    103.885  
 0.0    104.019  
 313.0    104.152  
 0.0    104.286  
 309.75    104.42  
 0.0    104.553  
 306.5    104.687  
 0.0    104.82  
 303.25    104.954  
 0.0    105.087  
 300.0    105.221  
 0.0    105.355  
 296.75    105.488  
 0.0    105.622  
 293.5    105.755  
 0.0    105.889  
 290.25    106.022  
 0.0    106.156  
 287.0    106.289  
 0.0    106.423  
 283.75    106.557  
 0.0    106.69  
 280.5    106.824  
 0.0    106.958  
 277.25    107.091  
 0.0    107.225  
 274.0    107.359  
 0.0    107.492  
 270.75    107.625  
 0.0    107.759  
 267.5    107.892  
 0.0    108.026  
 264.25    108.16  
 0.0    108.294  
 261.0    108.427  
 0.0    108.56  
 257.75    108.694  
 0.0    108.828  
 254.5    108.961  
 0.0    109.095  
 251.25    109.228  
 0.0    109.362  
 248.0    109.495  
 0.0    109.629  
 244.75    109.763  
 0.0    109.896  
 241.5    110.03  
 0.0    110.164  
 238.25    110.297  
 0.0    110.431  
 235.0    110.564  
 0.0    110.698  
 231.75    110.831  
 0.0    110.965  
 228.5    111.098  
 0.0    111.232  
 225.25    111.366  
 0.0    111.499  
 222.0    111.633  
 0.0    111.766  
 218.75    111.9  
 0.0    112.033  
 215.5    112.167  
 0.0    112.301  
 212.25    112.434  
 0.0    112.568  
 209.0    112.701  
 0.0    112.835  
 205.75    112.969  
 0.0    113.102  
 202.5    113.236  
 0.0    113.369  
 199.25    113.503  
 0.0    113.636  
 196.0    113.77  
 0.0    113.904  
 192.75    114.037  
 0.0    114.171  
 189.5    114.304  
 0.0    114.438  
 186.25    114.572  
 0.0    114.705  
 183.0    114.839  
 0.0    114.972  
 179.75    115.106  
 0.0    115.239  
 176.5    115.373  
 0.0    115.507  
 173.25    115.64  
 0.0    115.774  
 170.0    115.907  
 0.0    116.041  
 166.75    116.174  
 0.0    116.308  
 163.5    116.442  
 0.0    116.575  
 160.25    116.709  
 0.0    116.842  
 157.0    116.976  
 0.0    117.109  
 153.75    117.243  
 0.0    117.377  
 150.5    117.51  
 0.0    117.644  
 147.25    117.778  
 0.0    117.911  
 144.0    118.044  
 0.0    118.178  
 140.75    118.312  
 0.0    118.445  
 137.5    118.579  
 0.0    118.712  
 134.25    118.846  
 0.0    118.98  
 131.0    119.113  
 0.0    119.247  
 127.75    119.381  
 0.0    119.514  
 124.5    119.647  
 0.0    119.781  
 121.25    119.915  
 0.0    120.048  
 118.0    120.182  
 0.0    120.316  
 114.75    120.449  
 0.0    120.583  
 111.5    120.716  
 0.0    120.85  
 108.25    120.983  
 0.0    121.117  
 105.0    121.25  
 0.0    121.384  
 101.75    121.518  
 0.0    121.651  
 98.5    121.785  
 0.0    121.918  
 95.25    122.052  
 0.0    122.185  
 92.0    122.319  
 0.0    122.453  
 88.75    122.587  
 0.0    122.72  
 85.5    122.853  
 0.0    122.987  
 82.25    123.121  
 0.0    123.254  
 79.0    123.388  
 0.0    123.521  
 75.75    123.655  
 0.0    123.788  
 72.5    123.922  
 0.0    124.056  
 69.25    124.189  
 0.0    124.323  
 66.0    124.456  
 0.0    124.59  
 62.75    124.723  
 0.0    124.857  
 59.5    124.991  
 0.0    125.124  
 56.25    125.258  
 0.0    125.391  
 53.0    125.525  
 0.0    125.658  
 49.75    125.792  
 0.0    125.926  
 46.5    126.059  
 0.0    126.193  
 43.25    126.326  
 0.0    126.46  
 40.0    126.594  
 0.0    126.727  
 36.75    126.861  
 0.0    126.994  
 33.5    127.128  
 0.0    127.261  
 30.25    127.395  
 0.0    127.529  
 27.0    127.662  
 0.0    127.796  
 23.75    127.93  
 0.0    128.063  
 20.5    128.197  
 0.0    128.33  
 17.25    128.464  
 0.0    128.597  
 14.0    128.731  
 0.0    128.865  
 10.75    128.998  
 0.0    129.132  
 7.5    129.265  
 0.0    129.399  
 4.25    129.532  
 0.0    129.67  
 352.0    129.799  
 0.0    129.933  
 348.75    130.067  
 0.0    130.2  
 345.5    130.334  
 0.0    130.467  
 342.25    130.601  
 0.0    130.735  
 339.0    130.868  
 0.0    131.002  
 335.75    131.135  
 0.0    131.269  
 332.5    131.402  
 0.0    131.536  
 329.25    131.67  
 0.0    131.803  
 326.0    131.937  
 0.0    132.071  
 322.75    132.204  
 0.0    132.338  
 319.5    132.471  
 0.0    132.605  
 316.25    132.738  
 0.0    132.872  
 313.0    133.005  
 0.0    133.139  
 309.75    133.273  
 0.0    133.406  
 306.5    133.54  
 0.0    133.673  
 303.25    133.807  
 0.0    133.94  
 300.0    134.074  
 0.0    134.207  
 296.75    134.341  
 0.0    134.475  
 293.5    134.608  
 0.0    134.742  
 290.25    134.875  
 0.0    135.009  
 287.0    135.143  
 0.0    135.276  
 283.75    135.41  
 0.0    135.544  
 280.5    135.677  
 0.0    135.81  
 277.25    135.944  
 0.0    136.078  
 274.0    136.212  
 0.0    136.345  
 270.75    136.479  
 0.0    136.612  
 267.5    136.746  
 0.0    136.879  
 264.25    137.013  
 0.0    137.146  
 261.0    137.28  
 0.0    137.413  
 257.75    137.547  
 0.0    137.681  
 254.5    137.814  
 0.0    137.948  
 251.25    138.082  
 0.0    138.215  
 248.0    138.349  
 0.0    138.482  
 244.75    138.616  
 0.0    138.749  
 241.5    138.883  
 0.0    139.016  
 238.25    139.15  
 0.0    139.284  
 235.0    139.417  
 0.0    139.551  
 231.75    139.684  
 0.0    139.818  
 228.5    139.952  
 0.0    140.085  
 225.25    140.219  
 0.0    140.352  
 222.0    140.486  
 0.0    140.619  
 218.75    140.753  
 0.0    140.886  
 215.5    141.02  
 0.0    141.154  
 212.25    141.287  
 0.0    141.421  
 209.0    141.554  
 0.0    141.688  
 205.75    141.821  
 0.0    141.955  
 202.5    142.089  
 0.0    142.222  
 199.25    142.356  
 0.0    142.489  
 196.0    142.623  
 0.0    142.757  
 192.75    142.89  
 0.0    143.024  
 189.5    143.157  
 0.0    143.291  
 186.25    143.424  
 0.0    143.558  
 183.0    143.692  
 0.0    143.825  
 179.75    143.959  
 0.0    144.092  
 176.5    144.226  
 0.0    144.36  
 173.25    144.493  
 0.0    144.627  
 170.0    144.76  
 0.0    144.894  
 166.75    145.027  
 0.0    145.161  
 163.5    145.295  
 0.0    145.428  
 160.25    145.562  
 0.0    145.696  
 157.0    145.829  
 0.0    145.963  
 153.75    146.096  
 0.0    146.23  
 150.5    146.363  
 0.0    146.497  
 147.25    146.63  
 0.0    146.764  
 144.0    146.898  
 0.0    147.031  
 140.75    147.165  
 0.0    147.298  
 137.5    147.432  
 0.0    147.565  
 134.25    147.699  
 0.0    147.833  
 131.0    147.966  
 0.0    148.1  
 127.75    148.233  
 0.0    148.367  
 124.5    148.501  
 0.0    148.634  
 121.25    148.768  
 0.0    148.901  
 118.0    149.035  
 0.0    149.168  
 114.75    149.302  
 0.0    149.436  
 111.5    149.569  
 0.0    149.703  
 108.25    149.836  
 0.0    149.97  
 105.0    150.103  
 0.0    150.237  
 101.75    150.371  
 0.0    150.504  
 98.5    150.638  
 0.0    150.771  
 95.25    150.905  
 0.0    151.038  
 92.0    151.172  
 0.0    151.306  
 88.75    151.439  
 0.0    151.573  
 85.5    151.706  
 0.0    151.84  
 82.25    151.974  
 0.0    152.107  
 79.0    152.241  
 0.0    152.374  
 75.75    152.508  
 0.0    152.641  
 72.5    152.775  
 0.0    152.909  
 69.25    153.042  
 0.0    153.176  
 66.0    153.309  
 0.0    153.443  
 62.75    153.576  
 0.0    153.71  
 59.5    153.844  
 0.0    153.977  
 56.25    154.111  
 0.0    154.244  
 53.0    154.378  
 0.0    154.511  
 49.75    154.645  
 0.0    154.779  
 46.5    154.912  
 0.0    155.046  
 43.25    155.18  
 0.0    155.313  
 40.0    155.447  
 0.0    155.58  
 36.75    155.714  
 0.0    155.847  
 33.5    155.981  
 0.0    156.115  
 30.25    156.248  
 0.0    156.382  
 27.0    156.515  
 0.0    156.649  
 23.75    156.783  
 0.0    156.916  
 20.5    157.049  
 0.0    157.183  
 17.25    157.317  
 0.0    157.45  
 14.0    157.584  
 0.0    157.717  
 10.75    157.851  
 0.0    157.985  
 7.5    158.118  
 0.0    158.252  
 4.25    158.386  
 0.0    158.526  
 352.0    158.654  
 0.0    158.786  
 348.75    158.92  
 0.0    159.053  
 345.5    159.187  
 0.0    159.32  
 342.25    159.454  
 0.0    159.587  
 339.0    159.721  
 0.0    159.855  
 335.75    159.988  
 0.0    160.122  
 332.5    160.255  
 0.0    160.389  
 329.25    160.523  
 0.0    160.656  
 326.0    160.79  
 0.0    160.923  
 322.75    161.057  
 0.0    161.19  
 319.5    161.324  
 0.0    161.458  
 316.25    161.591  
 0.0    161.725  
 313.0    161.858  
 0.0    161.992  
 309.75    162.126  
 0.0    162.26  
 306.5    162.393  
 0.0    162.526  
 303.25    162.66  
 0.0    162.794  
 300.0    162.927  
 0.0    163.061  
 296.75    163.194  
 0.0    163.328  
 293.5    163.461  
 0.0    163.595  
 290.25    163.729  
 0.0    163.862  
 287.0    163.996  
 0.0    164.129  
 283.75    164.263  
 0.0    164.396  
 280.5    164.53  
 0.0    164.663  
 277.25    164.797  
 0.0    164.931  
 274.0    165.064  
 0.0    165.198  
 270.75    165.332  
 0.0    165.465  
 267.5    165.599  
 0.0    165.732  
 264.25    165.866  
 0.0    165.999  
 261.0    166.133  
 0.0    166.267  
 257.75    166.4  
 0.0    166.534  
 254.5    166.667  
 0.0    166.801  
 251.25    166.934  
 0.0    167.068  
 248.0    167.201  
 0.0    167.335  
 244.75    167.469  
 0.0    167.602  
 241.5    167.736  
 0.0    167.87  
 238.25    168.003  
 0.0    168.137  
 235.0    168.27  
 0.0    168.404  
 231.75    168.537  
 0.0    168.671  
 228.5    168.804  
 0.0    168.938  
 225.25    169.072  
 0.0    169.205  
 222.0    169.339  
 0.0    169.472  
 218.75    169.606  
 0.0    169.74  
 215.5    169.873  
 0.0    170.007  
 212.25    170.14  
 0.0    170.274  
 209.0    170.407  
 0.0    170.541  
 205.75    170.675  
 0.0    170.808  
 202.5    170.942  
 0.0    171.075  
 199.25    171.209  
 0.0    171.342  
 196.0    171.476  
 0.0    171.61  
 192.75    171.743  
 0.0    171.877  
 189.5    172.01  
 0.0    172.144  
 186.25    172.277  
 0.0    172.411  
 183.0    172.545  
 0.0    172.678  
 179.75    172.812  
 0.0    172.945  
 176.5    173.079  
 0.0    173.213  
 173.25    173.346  
 0.0    173.48  
 170.0    173.613  
 0.0    173.747  
 166.75    173.881  
 0.0    174.014  
 163.5    174.148  
 0.0    174.281  
 160.25    174.415  
 0.0    174.548  
 157.0    174.682  
 0.0    174.816  
 153.75    174.949  
 0.0    175.083  
 150.5    175.216  
 0.0    175.35  
 147.25    175.483  
 0.0    175.617  
 144.0    175.751  
 0.0    175.885  
 140.75    176.018  
 0.0    176.151  
 137.5    176.285  
 0.0    176.418  
 134.25    176.552  
 0.0    176.686  
 131.0    176.819  
 0.0    176.953  
 127.75    177.086  
 0.0    177.22  
 124.5    177.353  
 0.0    177.487  
 121.25    177.621  
 0.0    177.754  
 118.0    177.888  
 0.0    178.021  
 114.75    178.155  
 0.0    178.289  
 111.5    178.422  
 0.0    178.556  
 108.25    178.689  
 0.0    178.823  
 105.0    178.957  
 0.0    179.09  
 101.75    179.224  
 0.0    179.358  
 98.5    179.491  
 0.0    179.624  
 95.25    179.758  
 0.0    179.892  
 92.0    180.025  
 0.0    180.159  
 88.75    180.292  
 0.0    180.426  
 85.5    180.559  
 0.0    180.693  
 82.25    180.827  
 0.0    180.96  
 79.0    181.094  
 0.0    181.227  
 75.75    181.361  
 0.0    181.494  
 72.5    181.628  
 0.0    181.762  
 69.25    181.895  
 0.0    182.029  
 66.0    182.162  
 0.0    182.296  
 62.75    182.43  
 0.0    182.563  
 59.5    182.697  
 0.0    182.83  
 56.25    182.964  
 0.0    183.097  
 53.0    183.231  
 0.0    183.365  
 49.75    183.498  
 0.0    183.632  
 46.5    183.765  
 0.0    183.899  
 43.25    184.033  
 0.0    184.166  
 40.0    184.3  
 0.0    184.433  
 36.75    184.567  
 0.0    184.7  
 33.5    184.834  
 0.0    184.968  
 30.25    185.101  
 0.0    185.235  
 27.0    185.368  
 0.0    185.502  
 23.75    185.636  
 0.0    185.769  
 20.5    185.903  
 0.0    186.036  
 17.25    186.17  
 0.0    186.303  
 14.0    186.437  
 0.0    186.571  
 10.75    186.704  
 0.0    186.838  
 7.5    186.971  
 0.0    187.105  
 4.25    187.238  
 0.0    187.38  
 352.0    187.522  
 0.0    187.656  
 348.75    187.789  
 0.0    187.923  
 345.5    188.056  
 0.0    188.19  
 342.25    188.324  
 0.0    188.457  
 339.0    188.591  
 0.0    188.725  
 335.75    188.858  
 0.0    188.992  
 332.5    189.125  
 0.0    189.259  
 329.25    189.392  
 0.0    189.526  
 326.0    189.66  
 0.0    189.793  
 322.75    189.927  
 0.0    190.06  
 319.5    190.194  
 0.0    190.327  
 316.25    190.461  
 0.0    190.595  
 313.0    190.728  
 0.0    190.862  
 309.75    190.995  
 0.0    191.129  
 306.5    191.263  
 0.0    191.396  
 303.25    191.53  
 0.0    191.663  
 300.0    191.797  
 0.0    191.93  
 296.75    192.064  
 0.0    192.198  
 293.5    192.331  
 0.0    192.465  
 290.25    192.598  
 0.0    192.732  
 287.0    192.866  
 0.0    192.999  
 283.75    193.133  
 0.0    193.266  
 280.5    193.4  
 0.0    193.533  
 277.25    193.667  
 0.0    193.801  
 274.0    193.934  
 0.0    194.068  
 270.75    194.201  
 0.0    194.335  
 267.5    194.468  
 0.0    194.602  
 264.25    194.736  
 0.0    194.869  
 261.0    195.003  
 0.0    195.136  
 257.75    195.27  
 0.0    195.403  
 254.5    195.537  
 0.0    195.671  
 251.25    195.804  
 0.0    195.938  
 248.0    196.071  
 0.0    196.205  
 244.75    196.338  
 0.0    196.472  
 241.5    196.606  
 0.0    196.74  
 238.25    196.873  
 0.0    197.006  
 235.0    197.14  
 0.0    197.274  
 231.75    197.407  
 0.0    197.541  
 228.5    197.674  
 0.0    197.808  
 225.25    197.941  
 0.0    198.075  
 222.0    198.209  
 0.0    198.342  
 218.75    198.476  
 0.0    198.609  
 215.5    198.743  
 0.0    198.876  
 212.25    199.01  
 0.0    199.144  
 209.0    199.277  
 0.0    199.411  
 205.75    199.544  
 0.0    199.678  
 202.5    199.811  
 0.0    199.945  
 199.25    200.079  
 0.0    200.212  
 196.0    200.346  
 0.0    200.479  
 192.75    200.613  
 0.0    200.747  
 189.5    200.88  
 0.0    201.014  
 186.25    201.147  
 0.0    201.281  
 183.0    201.414  
 0.0    201.548  
 179.75    201.682  
 0.0    201.815  
 176.5    201.949  
 0.0    202.082  
 173.25    202.216  
 0.0    202.35  
 170.0    202.483  
 0.0    202.617  
 166.75    202.75  
 0.0    202.884  
 163.5    203.017  
 0.0    203.151  
 160.25    203.284  
 0.0    203.418  
 157.0    203.552  
 0.0    203.685  
 153.75    203.819  
 0.0    203.952  
 150.5    204.086  
 0.0    204.22  
 147.25    204.353  
 0.0    204.487  
 144.0    204.62  
 0.0    204.754  
 140.75    204.888  
 0.0    205.021  
 137.5    205.155  
 0.0    205.288  
 134.25    205.422  
 0.0    205.555  
 131.0    205.689  
 0.0    205.822  
 127.75    205.956  
 0.0    206.09  
 124.5    206.223  
 0.0    206.357  
 121.25    206.49  
 0.0    206.624  
 118.0    206.757  
 0.0    206.891  
 114.75    207.025  
 0.0    207.158  
 111.5    207.292  
 0.0    207.425  
 108.25    207.559  
 0.0    207.693  
 105.0    207.826  
 0.0    207.96  
 101.75    208.093  
 0.0    208.227  
 98.5    208.361  
 0.0    208.494  
 95.25    208.628  
 0.0    208.761  
 92.0    208.895  
 0.0    209.029  
 88.75    209.162  
 0.0    209.296  
 85.5    209.429  
 0.0    209.563  
 82.25    209.696  
 0.0    209.83  
 79.0    209.963  
 0.0    210.097  
 75.75    210.231  
 0.0    210.364  
 72.5    210.498  
 0.0    210.631  
 69.25    210.765  
 0.0    210.899  
 66.0    211.032  
 0.0    211.166  
 62.75    211.299  
 0.0    211.433  
 59.5    211.567  
 0.0    211.7  
 56.25    211.834  
 0.0    211.967  
 53.0    212.101  
 0.0    212.234  
 49.75    212.368  
 0.0    212.501  
 46.5    212.635  
 0.0    212.769  
 43.25    212.902  
 0.0    213.036  
 40.0    213.169  
 0.0    213.303  
 36.75    213.437  
 0.0    213.57  
 33.5    213.704  
 0.0    213.837  
 30.25    213.971  
 0.0    214.104  
 27.0    214.238  
 0.0    214.372  
 23.75    214.505  
 0.0    214.639  
 20.5    214.773  
 0.0    214.906  
 17.25    215.039  
 0.0    215.173  
 14.0    215.307  
 0.0    215.44  
 10.75    215.574  
 0.0    215.707  
 7.5    215.841  
 0.0    215.975  
 4.25    216.108  
 0.0    216.249  
 352.0    216.392  
 0.0    216.525  
 348.75    216.659  
 0.0    216.793  
 345.5    216.926  
 0.0    217.06  
 342.25    217.194  
 0.0    217.327  
 339.0    217.461  
 0.0    217.594  
 335.75    217.728  
 0.0    217.861  
 332.5    217.995  
 0.0    218.128  
 329.25    218.262  
 0.0    218.396  
 326.0    218.529  
 0.0    218.663  
 322.75    218.796  
 0.0    218.93  
 319.5    219.064  
 0.0    219.197  
 316.25    219.331  
 0.0    219.464  
 313.0    219.598  
 0.0    219.731  
 309.75    219.865  
 0.0    219.999  
 306.5    220.132  
 0.0    220.266  
 303.25    220.399  
 0.0    220.533  
 300.0    220.667  
 0.0    220.8  
 296.75    220.934  
 0.0    221.067  
 293.5    221.201  
 0.0    221.334  
 290.25    221.468  
 0.0    221.602  
 287.0    221.735  
 0.0    221.869  
 283.75    222.002  
 0.0    222.136  
 280.5    222.269  
 0.0    222.403  
 277.25    222.537  
 0.0    222.67  
 274.0    222.804  
 0.0    222.937  
 270.75    223.071  
 0.0    223.205  
 267.5    223.338  
 0.0    223.472  
 264.25    223.605  
 0.0    223.739  
 261.0    223.872  
 0.0    224.006  
 257.75    224.139  
 0.0    224.273  
 254.5    224.407  
 0.0    224.54  
 251.25    224.674  
 0.0    224.807  
 248.0    224.941  
 0.0    225.074  
 244.75    225.208  
 0.0    225.342  
 241.5    225.475  
 0.0    225.609  
 238.25    225.743  
 0.0    225.876  
 235.0    226.01  
 0.0    226.143  
 231.75    226.277  
 0.0    226.41  
 228.5    226.544  
 0.0    226.678  
 225.25    226.811  
 0.0    226.945  
 222.0    227.078  
 0.0    227.212  
 218.75    227.345  
 0.0    227.479  
 215.5    227.613  
 0.0    227.746  
 212.25    227.88  
 0.0    228.013  
 209.0    228.147  
 0.0    228.28  
 205.75    228.414  
 0.0    228.548  
 202.5    228.681  
 0.0    228.815  
 199.25    228.948  
 0.0    229.082  
 196.0    229.216  
 0.0    229.349  
 192.75    229.483  
 0.0    229.616  
 189.5    229.75  
 0.0    229.883  
 186.25    230.017  
 0.0    230.151  
 183.0    230.284  
 0.0    230.418  
 179.75    230.551  
 0.0    230.685  
 176.5    230.819  
 0.0    230.952  
 173.25    231.086  
 0.0    231.219  
 170.0    231.353  
 0.0    231.486  
 166.75    231.62  
 0.0    231.753  
 163.5    231.887  
 0.0    232.021  
 160.25    232.154  
 0.0    232.288  
 157.0    232.421  
 0.0    232.555  
 153.75    232.689  
 0.0    232.822  
 150.5    232.956  
 0.0    233.089  
 147.25    233.223  
 0.0    233.356  
 144.0    233.49  
 0.0    233.624  
 140.75    233.757  
 0.0    233.891  
 137.5    234.024  
 0.0    234.158  
 134.25    234.292  
 0.0    234.425  
 131.0    234.559  
 0.0    234.692  
 127.75    234.826  
 0.0    234.959  
 124.5    235.093  
 0.0    235.227  
 121.25    235.36  
 0.0    235.494  
 118.0    235.627  
 0.0    235.761  
 114.75    235.895  
 0.0    236.028  
 111.5    236.162  
 0.0    236.295  
 108.25    236.429  
 0.0    236.562  
 105.0    236.696  
 0.0    236.83  
 101.75    236.963  
 0.0    237.097  
 98.5    237.23  
 0.0    237.364  
 95.25    237.497  
 0.0    237.631  
 92.0    237.765  
 0.0    237.898  
 88.75    238.032  
 0.0    238.165  
 85.5    238.299  
 0.0    238.433  
 82.25    238.566  
 0.0    238.7  
 79.0    238.833  
 0.0    238.967  
 75.75    239.1  
 0.0    239.234  
 72.5    239.367  
 0.0    239.501  
 69.25    239.635  
 0.0    239.768  
 66.0    239.902  
 0.0    240.035  
 62.75    240.169  
 0.0    240.303  
 59.5    240.436  
 0.0    240.57  
 56.25    240.703  
 0.0    240.837  
 53.0    240.971  
 0.0    241.104  
 49.75    241.238  
 0.0    241.371  
 46.5    241.505  
 0.0    241.639  
 43.25    241.772  
 0.0    241.905  
 40.0    242.039  
 0.0    242.173  
 36.75    242.306  
 0.0    242.44  
 33.5    242.573  
 0.0    242.707  
 30.25    242.841  
 0.0    242.974  
 27.0    243.108  
 0.0    243.242  
 23.75    243.375  
 0.0    243.509  
 20.5    243.642  
 0.0    243.776  
 17.25    243.91  
 0.0    244.043  
 14.0    244.177  
 0.0    244.31  
 10.75    244.444  
 0.0    244.577  
 7.5    244.711  
 0.0    244.844  
 4.25    244.978  
 0.0    245.122  
 352.0    245.262  
 0.0    245.395  
 348.75    245.529  
 0.0    245.662  
 345.5    245.796  
 0.0    245.93  
 342.25    246.063  
 0.0    246.197  
 339.0    246.33  
 0.0    246.464  
 335.75    246.598  
 0.0    246.731  
 332.5    246.865  
 0.0    246.998  
 329.25    247.132  
 0.0    247.265  
 326.0    247.399  
 0.0    247.533  
 322.75    247.666  
 0.0    247.8  
 319.5    247.933  
 0.0    248.067  
 316.25    248.2  
 0.0    248.334  
 313.0    248.468  
 0.0    248.601  
 309.75    248.735  
 0.0    248.868  
 306.5    249.002  
 0.0    249.135  
 303.25    249.269  
 0.0    249.403  
 300.0    249.536  
 0.0    249.67  
 296.75    249.803  
 0.0    249.937  
 293.5    250.071  
 0.0    250.204  
 290.25    250.338  
 0.0    250.471  
 287.0    250.605  
 0.0    250.738  
 283.75    250.872  
 0.0    251.006  
 280.5    251.139  
 0.0    251.273  
 277.25    251.406  
 0.0    251.54  
 274.0    251.674  
 0.0    251.807  
 270.75    251.941  
 0.0    252.074  
 267.5    252.208  
 0.0    252.342  
 264.25    252.475  
 0.0    252.609  
 261.0    252.742  
 0.0    252.876  
 257.75    253.009  
 0.0    253.143  
 254.5    253.277  
 0.0    253.41  
 251.25    253.544  
 0.0    253.677  
 248.0    253.811  
 0.0    253.944  
 244.75    254.078  
 0.0    254.212  
 241.5    254.345  
 0.0    254.479  
 238.25    254.612  
 0.0    254.746  
 235.0    254.879  
 0.0    255.013  
 231.75    255.147  
 0.0    255.28  
 228.5    255.414  
 0.0    255.547  
 225.25    255.681  
 0.0    255.814  
 222.0    255.948  
 0.0    256.082  
 218.75    256.215  
 0.0    256.349  
 215.5    256.482  
 0.0    256.616  
 212.25    256.749  
 0.0    256.883  
 209.0    257.017  
 0.0    257.15  
 205.75    257.284  
 0.0    257.417  
 202.5    257.551  
 0.0    257.685  
 199.25    257.818  
 0.0    257.952  
 196.0    258.085  
 0.0    258.219  
 192.75    258.353  
 0.0    258.486  
 189.5    258.62  
 0.0    258.753  
 186.25    258.887  
 0.0    259.02  
 183.0    259.154  
 0.0    259.287  
 179.75    259.421  
 0.0    259.555  
 176.5    259.688  
 0.0    259.822  
 173.25    259.955  
 0.0    260.089  
 170.0    260.222  
 0.0    260.356  
 166.75    260.49  
 0.0    260.623  
 163.5    260.757  
 0.0    260.891  
 160.25    261.024  
 0.0    261.158  
 157.0    261.291  
 0.0    261.425  
 153.75    261.559  
 0.0    261.692  
 150.5    261.826  
 0.0    261.959  
 147.25    262.093  
 0.0    262.226  
 144.0    262.36  
 0.0    262.493  
 140.75    262.627  
 0.0    262.761  
 137.5    262.894  
 0.0    263.028  
 134.25    263.161  
 0.0    263.295  
 131.0    263.428  
 0.0    263.562  
 127.75    263.696  
 0.0    263.829  
 124.5    263.963  
 0.0    264.096  
 121.25    264.23  
 0.0    264.364  
 118.0    264.497  
 0.0    264.631  
 114.75    264.764  
 0.0    264.898  
 111.5    265.031  
 0.0    265.165  
 108.25    265.299  
 0.0    265.432  
 105.0    265.566  
 0.0    265.699  
 101.75    265.833  
 0.0    265.966  
 98.5    266.1  
 0.0    266.234  
 95.25    266.367  
 0.0    266.501  
 92.0    266.634  
 0.0    266.768  
 88.75    266.901  
 0.0    267.035  
 85.5    267.169  
 0.0    267.302  
 82.25    267.436  
 0.0    267.569  
 79.0    267.703  
 0.0    267.836  
 75.75    267.97  
 0.0    268.104  
 72.5    268.237  
 0.0    268.371  
 69.25    268.505  
 0.0    268.638  
 66.0    268.772  
 0.0    268.905  
 62.75    269.039  
 0.0    269.172  
 59.5    269.306  
 0.0    269.439  
 56.25    269.573  
 0.0    269.707  
 53.0    269.84  
 0.0    269.974  
 49.75    270.107  
 0.0    270.241  
 46.5    270.375  
 0.0    270.508  
 43.25    270.642  
 0.0    270.775  
 40.0    270.909  
 0.0    271.043  
 36.75    271.176  
 0.0    271.31  
 33.5    271.443  
 0.0    271.577  
 30.25    271.71  
 0.0    271.844  
 27.0    271.978  
 0.0    272.111  
 23.75    272.245  
 0.0    272.378  
 20.5    272.512  
 0.0    272.645  
 17.25    272.779  
 0.0    272.913  
 14.0    273.046  
 0.0    273.18  
 10.75    273.313  
 0.0    273.447  
 7.5    273.581  
 0.0    273.714  
 4.25    273.848  
 0.0    273.99  
 352.0    274.132  
 0.0    274.265  
 348.75    274.399  
 0.0    274.532  
 345.5    274.666  
 0.0    274.799  
 342.25    274.933  
 0.0    275.066  
 339.0    275.2  
 0.0    275.334  
 335.75    275.467  
 0.0    275.601  
 332.5    275.735  
 0.0    275.868  
 329.25    276.002  
 0.0    276.135  
 326.0    276.269  
 0.0    276.402  
 322.75    276.536  
 0.0    276.669  
 319.5    276.803  
 0.0    276.936  
 316.25    277.07  
 0.0    277.204  
 313.0    277.337  
 0.0    277.471  
 309.75    277.604  
 0.0    277.738  
 306.5    277.872  
 0.0    278.005  
 303.25    278.139  
 0.0    278.273  
 300.0    278.406  
 0.0    278.54  
 296.75    278.673  
 0.0    278.807  
 293.5    278.94  
 0.0    279.074  
 290.25    279.208  
 0.0    279.341  
 287.0    279.475  
 0.0    279.608  
 283.75    279.742  
 0.0    279.875  
 280.5    280.009  
 0.0    280.142  
 277.25    280.276  
 0.0    280.41  
 274.0    280.543  
 0.0    280.677  
 270.75    280.81  
 0.0    280.944  
 267.5    281.078  
 0.0    281.211  
 264.25    281.345  
 0.0    281.478  
 261.0    281.612  
 0.0    281.746  
 257.75    281.879  
 0.0    282.013  
 254.5    282.146  
 0.0    282.28  
 251.25    282.413  
 0.0    282.547  
 248.0    282.681  
 0.0    282.814  
 244.75    282.948  
 0.0    283.081  
 241.5    283.215  
 0.0    283.348  
 238.25    283.482  
 0.0    283.615  
 235.0    283.749  
 0.0    283.883  
 231.75    284.016  
 0.0    284.15  
 228.5    284.284  
 0.0    284.417  
 225.25    284.551  
 0.0    284.684  
 222.0    284.818  
 0.0    284.951  
 218.75    285.085  
 0.0    285.219  
 215.5    285.352  
 0.0    285.486  
 212.25    285.619  
 0.0    285.753  
 209.0    285.886  
 0.0    286.02  
 205.75    286.154  
 0.0    286.287  
 202.5    286.421  
 0.0    286.554  
 199.25    286.688  
 0.0    286.821  
 196.0    286.955  
 0.0    287.089  
 192.75    287.222  
 0.0    287.356  
 189.5    287.489  
 0.0    287.623  
 186.25    287.756  
 0.0    287.89  
 183.0    288.024  
 0.0    288.158  
 179.75    288.291  
 0.0    288.425  
 176.5    288.558  
 0.0    288.692  
 173.25    288.825  
 0.0    288.959  
 170.0    289.092  
 0.0    289.226  
 166.75    289.36  
 0.0    289.493  
 163.5    289.627  
 0.0    289.76  
 160.25    289.894  
 0.0    290.027  
 157.0    290.161  
 0.0    290.295  
 153.75    290.428  
 0.0    290.562  
 150.5    290.695  
 0.0    290.829  
 147.25    290.963  
 0.0    291.096  
 144.0    291.229  
 0.0    291.363  
 140.75    291.497  
 0.0    291.63  
 137.5    291.764  
 0.0    291.897  
 134.25    292.031  
 0.0    292.165  
 131.0    292.298  
 0.0    292.432  
 127.75    292.565  
 0.0    292.699  
 124.5    292.832  
 0.0    292.966  
 121.25    293.1  
 0.0    293.233  
 118.0    293.367  
 0.0    293.501  
 114.75    293.634  
 0.0    293.767  
 111.5    293.901  
 0.0    294.035  
 108.25    294.168  
 0.0    294.302  
 105.0    294.435  
 0.0    294.569  
 101.75    294.703  
 0.0    294.836  
 98.5    294.97  
 0.0    295.103  
 95.25    295.237  
 0.0    295.37  
 92.0    295.504  
 0.0    295.638  
 88.75    295.771  
 0.0    295.905  
 85.5    296.038  
 0.0    296.172  
 82.25    296.306  
 0.0    296.439  
 79.0    296.573  
 0.0    296.706  
 75.75    296.84  
 0.0    296.973  
 72.5    297.107  
 0.0    297.241  
 69.25    297.374  
 0.0    297.508  
 66.0    297.641  
 0.0    297.775  
 62.75    297.909  
 0.0    298.042  
 59.5    298.176  
 0.0    298.309  
 56.25    298.443  
 0.0    298.576  
 53.0    298.71  
 0.0    298.844  
 49.75    298.977  
 0.0    299.111  
 46.5    299.244  
 0.0    299.378  
 43.25    299.511  
 0.0    299.645  
 40.0    299.779  
 0.0    299.912  
 36.75    300.046  
 0.0    300.179  
 33.5    300.313  
 0.0    300.447  
 30.25    300.58  
 0.0    300.714  
 27.0    300.848  
 0.0    300.981  
 23.75    301.115  
 0.0    301.248  
 20.5    301.381  
 0.0    301.515  
 17.25    301.649  
 0.0    301.782  
 14.0    301.916  
 0.0    302.049  
 10.75    302.183  
 0.0    302.317  
 7.5    302.45  
 0.0    302.584  
 4.25    302.717  
 0.0    302.861  
 352.0    303.001  
 0.0    303.135  
 348.75    303.268  
 0.0    303.402  
 345.5    303.535  
 0.0    303.669  
 342.25    303.803  
 0.0    303.937  
 339.0    304.07  
 0.0    304.203  
 335.75    304.337  
 0.0    304.47  
 332.5    304.604  
 0.0    304.738  
 329.25    304.871  
 0.0    305.005  
 326.0    305.138  
 0.0    305.272  
 322.75    305.406  
 0.0    305.539  
 319.5    305.673  
 0.0    305.806  
 316.25    305.94  
 0.0    306.074  
 313.0    306.207  
 0.0    306.341  
 309.75    306.474  
 0.0    306.608  
 306.5    306.741  
 0.0    306.875  
 303.25    307.009  
 0.0    307.142  
 300.0    307.276  
 0.0    307.409  
 296.75    307.543  
 0.0    307.676  
 293.5    307.81  
 0.0    307.944  
 290.25    308.077  
 0.0    308.211  
 287.0    308.344  
 0.0    308.478  
 283.75    308.612  
 0.0    308.745  
 280.5    308.879  
 0.0    309.012  
 277.25    309.146  
 0.0    309.279  
 274.0    309.413  
 0.0    309.547  
 270.75    309.68  
 0.0    309.814  
 267.5    309.947  
 0.0    310.081  
 264.25    310.215  
 0.0    310.348  
 261.0    310.482  
 0.0    310.615  
 257.75    310.749  
 0.0    310.882  
 254.5    311.016  
 0.0    311.149  
 251.25    311.283  
 0.0    311.417  
 248.0    311.55  
 0.0    311.684  
 244.75    311.817  
 0.0    311.951  
 241.5    312.085  
 0.0    312.218  
 238.25    312.352  
 0.0    312.486  
 235.0    312.619  
 0.0    312.752  
 231.75    312.886  
 0.0    313.019  
 228.5    313.153  
 0.0    313.287  
 225.25    313.42  
 0.0    313.554  
 222.0    313.688  
 0.0    313.821  
 218.75    313.955  
 0.0    314.088  
 215.5    314.222  
 0.0    314.356  
 212.25    314.489  
 0.0    314.623  
 209.0    314.756  
 0.0    314.89  
 205.75    315.023  
 0.0    315.157  
 202.5    315.291  
 0.0    315.424  
 199.25    315.558  
 0.0    315.691  
 196.0    315.825  
 0.0    315.958  
 192.75    316.092  
 0.0    316.226  
 189.5    316.359  
 0.0    316.493  
 186.25    316.626  
 0.0    316.76  
 183.0    316.893  
 0.0    317.027  
 179.75    317.161  
 0.0    317.294  
 176.5    317.428  
 0.0    317.561  
 173.25    317.695  
 0.0    317.828  
 170.0    317.962  
 0.0    318.096  
 166.75    318.229  
 0.0    318.363  
 163.5    318.496  
 0.0    318.63  
 160.25    318.763  
 0.0    318.897  
 157.0    319.03  
 0.0    319.164  
 153.75    319.298  
 0.0    319.431  
 150.5    319.565  
 0.0    319.699  
 147.25    319.832  
 0.0    319.966  
 144.0    320.1  
 0.0    320.233  
 140.75    320.366  
 0.0    320.5  
 137.5    320.634  
 0.0    320.767  
 134.25    320.901  
 0.0    321.035  
 131.0    321.168  
 0.0    321.301  
 127.75    321.435  
 0.0    321.569  
 124.5    321.702  
 0.0    321.836  
 121.25    321.969  
 0.0    322.103  
 118.0    322.236  
 0.0    322.37  
 114.75    322.504  
 0.0    322.637  
 111.5    322.771  
 0.0    322.904  
 108.25    323.038  
 0.0    323.172  
 105.0    323.305  
 0.0    323.439  
 101.75    323.573  
 0.0    323.706  
 98.5    323.84  
 0.0    323.973  
 95.25    324.107  
 0.0    324.241  
 92.0    324.374  
 0.0    324.508  
 88.75    324.641  
 0.0    324.775  
 85.5    324.908  
 0.0    325.042  
 82.25    325.176  
 0.0    325.309  
 79.0    325.442  
 0.0    325.576  
 75.75    325.71  
 0.0    325.843  
 72.5    325.977  
 0.0    326.11  
 69.25    326.244  
 0.0    326.378  
 66.0    326.511  
 0.0    326.645  
 62.75    326.778  
 0.0    326.912  
 59.5    327.045  
 0.0    327.179  
 56.25    327.312  
 0.0    327.446  
 53.0    327.58  
 0.0    327.713  
 49.75    327.847  
 0.0    327.98  
 46.5    328.114  
 0.0    328.248  
 43.25    328.382  
 0.0    328.515  
 40.0    328.648  
 0.0    328.782  
 36.75    328.915  
 0.0    329.049  
 33.5    329.183  
 0.0    329.316  
 30.25    329.45  
 0.0    329.584  
 27.0    329.717  
 0.0    329.85  
 23.75    329.984  
 0.0    330.118  
 20.5    330.251  
 0.0    330.385  
 17.25    330.518  
 0.0    330.652  
 14.0    330.786  
 0.0    330.92  
 10.75    331.053  
 0.0    331.186  
 7.5    331.32  
 0.0    331.454  
 4.25    331.587  
