 [121.75, 69.75, 63.25, 27.5]  
 [44.837, 47.776, 48.31, 52.584]  
 [49.111, 53.386]  
 [294.0, 248.5, 167.25, 115.25]  
 [80.903, 85.178, 91.856, 95.597]  
 [86.113, 92.524]  
 [271.25, 203.0, 154.25, 30.75]  
 [102.81, 112.962, 116.969, 122.58]  
 [103.345, 117.637, 123.381]  
 [329.75, 258.25, 196.5, 134.75]  
 [140.212, 145.288, 150.364, 156.242]  
 [141.013, 146.223]  
 [251.75, 242.0, 164.0, 112.0]  
 [167.195, 171.469, 177.882, 178.683]  
 [167.729, 172.137, 178.549]  
 [261.5, 229.0, 219.25, 216.0]  
 [204.614, 204.881, 205.682, 208.354]  
 [205.282, 206.484, 209.156]  
 [287.5, 287.5, 193.25, 27.5]  
 [217.989, 231.613, 239.361]  
 [218.656, 232.415, 240.162]  
 [297.25, 297.25, 235.5, 232.25]  
 [263.689, 263.956, 269.032]  
 [264.49, 269.566]  
 [329.75, 323.25, 219.25, 89.25]  
 [280.804, 291.49, 300.039, 300.574]  
 [281.338, 292.025, 301.108]  
 [342.75, 290.75, 255.0, 206.25]  
 [319.291, 323.299, 326.237, 330.512]  
 [323.967, 326.905, 331.047]  
