 [349.25, 238.75, 180.25, 134.75]  
 [52.5, 56.24, 61.049, 70.132]  
 [53.568, 56.774, 61.583]  
 [290.75, 261.5, 255.0, 138.0]  
 [81.62, 91.238, 91.772, 94.176]  
 [82.154, 91.905, 92.974, 94.844]  
 [274.5, 190.0, 170.5, 53.5]  
 [103.527, 113.144, 114.747, 121.693]  
 [104.195, 115.415, 122.361]  
 [352.5, 307.0, 300.5, 40.5]  
 [131.311, 152.684, 153.218, 156.958]  
 [131.979, 153.352]  
 [313.5, 277.75, 193.25, 154.25]  
 [169.515, 172.721, 179.667, 182.605]  
 [157.628, 170.049, 173.255, 180.335, 183.14]  
 [290.75, 193.25, 147.75, 92.5]  
 [193.308, 197.85, 201.59, 209.605]  
 [193.976, 198.518, 202.125, 210.273]  
 [346.0, 342.75, 342.75, 216.0]  
 [232.33, 242.749, 243.016]  
 [232.998, 243.284]  
 [355.75, 307.0, 303.75, 21.0]  
 [245.171, 268.413, 268.68, 272.688]  
 [245.838, 269.081]  
 [342.75, 329.75, 199.75, 164.0]  
 [285.795, 288.734, 299.42, 300.489]  
 [286.329, 289.268, 300.221, 301.156]  
 [313.5, 287.5, 238.75, 125.0]  
 [311.459, 320.809, 324.817, 326.954]  
 [312.127, 321.611, 325.485, 327.488]  
