 41.938    41.938  
 0.0    41.955  
 352.0    42.087  
 0.0    42.221  
 348.75    42.354  
 0.0    42.488  
 345.5    42.622  
 0.0    42.755  
 342.25    42.889  
 0.0    43.022  
 339.0    43.156  
 0.0    43.289  
 335.75    43.423  
 0.0    43.557  
 332.5    43.691  
 0.0    43.824  
 329.25    43.957  
 0.0    44.091  
 326.0    44.225  
 0.0    44.358  
 322.75    44.492  
 0.0    44.625  
 319.5    44.759  
 0.0    44.892  
 316.25    45.026  
 0.0    45.16  
 313.0    45.293  
 0.0    45.427  
 309.75    45.56  
 0.0    45.694  
 306.5    45.828  
 0.0    45.961  
 303.25    46.095  
 0.0    46.228  
 300.0    46.362  
 0.0    46.495  
 296.75    46.629  
 0.0    46.763  
 293.5    46.896  
 0.0    47.03  
 290.25    47.163  
 0.0    47.297  
 287.0    47.431  
 0.0    47.564  
 283.75    47.698  
 0.0    47.831  
 280.5    47.965  
 0.0    48.098  
 277.25    48.232  
 0.0    48.366  
 274.0    48.499  
 0.0    48.633  
 270.75    48.766  
 0.0    48.9  
 267.5    49.033  
 0.0    49.167  
 264.25    49.301  
 0.0    49.434  
 261.0    49.568  
 0.0    49.701  
 257.75    49.835  
 0.0    49.968  
 254.5    50.102  
 0.0    50.236  
 251.25    50.369  
 0.0    50.503  
 248.0    50.636  
 0.0    50.77  
 244.75    50.903  
 0.0    51.037  
 241.5    51.171  
 0.0    51.304  
 238.25    51.438  
 0.0    51.571  
 235.0    51.705  
 0.0    51.838  
 231.75    51.972  
 0.0    52.106  
 228.5    52.239  
 0.0    52.373  
 225.25    52.506  
 0.0    52.64  
 222.0    52.774  
 0.0    52.907  
 218.75    53.041  
 0.0    53.174  
 215.5    53.308  
 0.0    53.441  
 212.25    53.575  
 0.0    53.709  
 209.0    53.842  
 0.0    53.976  
 205.75    54.109  
 0.0    54.243  
 202.5    54.377  
 0.0    54.51  
 199.25    54.644  
 0.0    54.777  
 196.0    54.911  
 0.0    55.044  
 192.75    55.178  
 0.0    55.312  
 189.5    55.445  
 0.0    55.579  
 186.25    55.712  
 0.0    55.846  
 183.0    55.98  
 0.0    56.113  
 179.75    56.247  
 0.0    56.38  
 176.5    56.514  
 0.0    56.647  
 173.25    56.781  
 0.0    56.915  
 170.0    57.048  
 0.0    57.182  
 166.75    57.315  
 0.0    57.449  
 163.5    57.582  
 0.0    57.716  
 160.25    57.85  
 0.0    57.984  
 157.0    58.117  
 0.0    58.25  
 153.75    58.384  
 0.0    58.518  
 150.5    58.651  
 0.0    58.785  
 147.25    58.918  
 0.0    59.052  
 144.0    59.185  
 0.0    59.319  
 140.75    59.453  
 0.0    59.586  
 137.5    59.72  
 0.0    59.853  
 134.25    59.987  
 0.0    60.12  
 131.0    60.254  
 0.0    60.388  
 127.75    60.521  
 0.0    60.655  
 124.5    60.788  
 0.0    60.922  
 121.25    61.055  
 0.0    61.189  
 118.0    61.323  
 0.0    61.456  
 114.75    61.59  
 0.0    61.723  
 111.5    61.857  
 0.0    61.991  
 108.25    62.124  
 0.0    62.258  
 105.0    62.391  
 0.0    62.525  
 101.75    62.658  
 0.0    62.792  
 98.5    62.926  
 0.0    63.059  
 95.25    63.193  
 0.0    63.326  
 92.0    63.46  
 0.0    63.593  
 88.75    63.727  
 0.0    63.861  
 85.5    63.994  
 0.0    64.128  
 82.25    64.261  
 0.0    64.395  
 79.0    64.529  
 0.0    64.662  
 75.75    64.796  
 0.0    64.929  
 72.5    65.063  
 0.0    65.196  
 69.25    65.33  
 0.0    65.464  
 66.0    65.597  
 0.0    65.731  
 62.75    65.864  
 0.0    65.998  
 59.5    66.132  
 0.0    66.265  
 56.25    66.399  
 0.0    66.532  
 53.0    66.666  
 0.0    66.8  
 49.75    66.933  
 0.0    67.067  
 46.5    67.2  
 0.0    67.334  
 43.25    67.467  
 0.0    67.601  
 40.0    67.734  
 0.0    67.868  
 36.75    68.002  
 0.0    68.135  
 33.5    68.269  
 0.0    68.402  
 30.25    68.536  
 0.0    68.669  
 27.0    68.803  
 0.0    68.937  
 23.75    69.07  
 0.0    69.204  
 20.5    69.337  
 0.0    69.471  
 17.25    69.605  
 0.0    69.738  
 14.0    69.872  
 0.0    70.005  
 10.75    70.139  
 0.0    70.272  
 7.5    70.406  
 0.0    70.54  
 4.25    70.673  
 0.0    70.81  
 352.0    70.94  
 0.0    71.074  
 348.75    71.208  
 0.0    71.341  
 345.5    71.475  
 0.0    71.608  
 342.25    71.742  
 0.0    71.876  
 339.0    72.009  
 0.0    72.143  
 335.75    72.276  
 0.0    72.41  
 332.5    72.543  
 0.0    72.677  
 329.25    72.81  
 0.0    72.944  
 326.0    73.078  
 0.0    73.211  
 322.75    73.345  
 0.0    73.478  
 319.5    73.612  
 0.0    73.746  
 316.25    73.879  
 0.0    74.013  
 313.0    74.146  
 0.0    74.28  
 309.75    74.413  
 0.0    74.547  
 306.5    74.681  
 0.0    74.814  
 303.25    74.948  
 0.0    75.081  
 300.0    75.215  
 0.0    75.348  
 296.75    75.482  
 0.0    75.616  
 293.5    75.749  
 0.0    75.883  
 290.25    76.016  
 0.0    76.15  
 287.0    76.283  
 0.0    76.417  
 283.75    76.551  
 0.0    76.684  
 280.5    76.818  
 0.0    76.951  
 277.25    77.085  
 0.0    77.218  
 274.0    77.352  
 0.0    77.486  
 270.75    77.619  
 0.0    77.753  
 267.5    77.886  
 0.0    78.02  
 264.25    78.154  
 0.0    78.287  
 261.0    78.421  
 0.0    78.554  
 257.75    78.688  
 0.0    78.821  
 254.5    78.955  
 0.0    79.089  
 251.25    79.222  
 0.0    79.356  
 248.0    79.489  
 0.0    79.623  
 244.75    79.757  
 0.0    79.89  
 241.5    80.024  
 0.0    80.157  
 238.25    80.291  
 0.0    80.424  
 235.0    80.558  
 0.0    80.692  
 231.75    80.825  
 0.0    80.959  
 228.5    81.092  
 0.0    81.226  
 225.25    81.359  
 0.0    81.493  
 222.0    81.627  
 0.0    81.76  
 218.75    81.894  
 0.0    82.027  
 215.5    82.161  
 0.0    82.295  
 212.25    82.428  
 0.0    82.562  
 209.0    82.695  
 0.0    82.829  
 205.75    82.962  
 0.0    83.096  
 202.5    83.23  
 0.0    83.363  
 199.25    83.497  
 0.0    83.63  
 196.0    83.764  
 0.0    83.897  
 192.75    84.031  
 0.0    84.165  
 189.5    84.298  
 0.0    84.432  
 186.25    84.565  
 0.0    84.699  
 183.0    84.833  
 0.0    84.966  
 179.75    85.1  
 0.0    85.233  
 176.5    85.367  
 0.0    85.5  
 173.25    85.634  
 0.0    85.768  
 170.0    85.901  
 0.0    86.035  
 166.75    86.168  
 0.0    86.302  
 163.5    86.435  
 0.0    86.569  
 160.25    86.703  
 0.0    86.836  
 157.0    86.97  
 0.0    87.103  
 153.75    87.237  
 0.0    87.371  
 150.5    87.504  
 0.0    87.638  
 147.25    87.771  
 0.0    87.905  
 144.0    88.039  
 0.0    88.172  
 140.75    88.306  
 0.0    88.439  
 137.5    88.573  
 0.0    88.706  
 134.25    88.84  
 0.0    88.973  
 131.0    89.107  
 0.0    89.241  
 127.75    89.374  
 0.0    89.508  
 124.5    89.641  
 0.0    89.775  
 121.25    89.908  
 0.0    90.042  
 118.0    90.176  
 0.0    90.309  
 114.75    90.443  
 0.0    90.576  
 111.5    90.71  
 0.0    90.844  
 108.25    90.977  
 0.0    91.111  
 105.0    91.244  
 0.0    91.378  
 101.75    91.512  
 0.0    91.645  
 98.5    91.779  
 0.0    91.912  
 95.25    92.046  
 0.0    92.179  
 92.0    92.313  
 0.0    92.446  
 88.75    92.58  
 0.0    92.714  
 85.5    92.847  
 0.0    92.981  
 82.25    93.114  
 0.0    93.248  
 79.0    93.382  
 0.0    93.515  
 75.75    93.649  
 0.0    93.782  
 72.5    93.916  
 0.0    94.049  
 69.25    94.183  
 0.0    94.317  
 66.0    94.45  
 0.0    94.584  
 62.75    94.717  
 0.0    94.851  
 59.5    94.984  
 0.0    95.118  
 56.25    95.252  
 0.0    95.385  
 53.0    95.519  
 0.0    95.652  
 49.75    95.786  
 0.0    95.92  
 46.5    96.053  
 0.0    96.187  
 43.25    96.32  
 0.0    96.454  
 40.0    96.587  
 0.0    96.721  
 36.75    96.855  
 0.0    96.988  
 33.5    97.122  
 0.0    97.255  
 30.25    97.389  
 0.0    97.523  
 27.0    97.656  
 0.0    97.79  
 23.75    97.923  
 0.0    98.057  
 20.5    98.19  
 0.0    98.324  
 17.25    98.458  
 0.0    98.591  
 14.0    98.725  
 0.0    98.858  
 10.75    98.992  
 0.0    99.125  
 7.5    99.259  
 0.0    99.393  
 4.25    99.527  
 0.0    99.664  
 352.0    99.794  
 0.0    99.927  
 348.75    100.061  
 0.0    100.194  
 345.5    100.328  
 0.0    100.461  
 342.25    100.595  
 0.0    100.728  
 339.0    100.862  
 0.0    100.995  
 335.75    101.129  
 0.0    101.263  
 332.5    101.397  
 0.0    101.53  
 329.25    101.663  
 0.0    101.797  
 326.0    101.931  
 0.0    102.064  
 322.75    102.198  
 0.0    102.331  
 319.5    102.465  
 0.0    102.598  
 316.25    102.732  
 0.0    102.866  
 313.0    102.999  
 0.0    103.133  
 309.75    103.266  
 0.0    103.4  
 306.5    103.533  
 0.0    103.667  
 303.25    103.801  
 0.0    103.934  
 300.0    104.068  
 0.0    104.201  
 296.75    104.335  
 0.0    104.469  
 293.5    104.602  
 0.0    104.736  
 290.25    104.869  
 0.0    105.003  
 287.0    105.137  
 0.0    105.27  
 283.75    105.404  
 0.0    105.537  
 280.5    105.671  
 0.0    105.804  
 277.25    105.938  
 0.0    106.072  
 274.0    106.205  
 0.0    106.339  
 270.75    106.472  
 0.0    106.606  
 267.5    106.739  
 0.0    106.873  
 264.25    107.007  
 0.0    107.14  
 261.0    107.274  
 0.0    107.408  
 257.75    107.541  
 0.0    107.675  
 254.5    107.808  
 0.0    107.942  
 251.25    108.075  
 0.0    108.209  
 248.0    108.342  
 0.0    108.476  
 244.75    108.61  
 0.0    108.743  
 241.5    108.877  
 0.0    109.01  
 238.25    109.144  
 0.0    109.277  
 235.0    109.411  
 0.0    109.545  
 231.75    109.678  
 0.0    109.812  
 228.5    109.945  
 0.0    110.079  
 225.25    110.213  
 0.0    110.346  
 222.0    110.48  
 0.0    110.613  
 218.75    110.747  
 0.0    110.88  
 215.5    111.014  
 0.0    111.147  
 212.25    111.281  
 0.0    111.415  
 209.0    111.548  
 0.0    111.682  
 205.75    111.815  
 0.0    111.949  
 202.5    112.083  
 0.0    112.216  
 199.25    112.35  
 0.0    112.483  
 196.0    112.617  
 0.0    112.75  
 192.75    112.884  
 0.0    113.018  
 189.5    113.151  
 0.0    113.285  
 186.25    113.418  
 0.0    113.552  
 183.0    113.685  
 0.0    113.819  
 179.75    113.953  
 0.0    114.087  
 176.5    114.22  
 0.0    114.353  
 173.25    114.487  
 0.0    114.621  
 170.0    114.754  
 0.0    114.888  
 166.75    115.021  
 0.0    115.155  
 163.5    115.289  
 0.0    115.422  
 160.25    115.556  
 0.0    115.689  
 157.0    115.823  
 0.0    115.956  
 153.75    116.09  
 0.0    116.223  
 150.5    116.357  
 0.0    116.491  
 147.25    116.624  
 0.0    116.758  
 144.0    116.891  
 0.0    117.025  
 140.75    117.159  
 0.0    117.292  
 137.5    117.426  
 0.0    117.559  
 134.25    117.693  
 0.0    117.826  
 131.0    117.96  
 0.0    118.094  
 127.75    118.227  
 0.0    118.361  
 124.5    118.494  
 0.0    118.628  
 121.25    118.762  
 0.0    118.895  
 118.0    119.029  
 0.0    119.162  
 114.75    119.296  
 0.0    119.429  
 111.5    119.563  
 0.0    119.697  
 108.25    119.83  
 0.0    119.964  
 105.0    120.097  
 0.0    120.231  
 101.75    120.364  
 0.0    120.498  
 98.5    120.632  
 0.0    120.765  
 95.25    120.899  
 0.0    121.032  
 92.0    121.166  
 0.0    121.3  
 88.75    121.433  
 0.0    121.567  
 85.5    121.7  
 0.0    121.834  
 82.25    121.967  
 0.0    122.101  
 79.0    122.235  
 0.0    122.368  
 75.75    122.502  
 0.0    122.635  
 72.5    122.769  
 0.0    122.903  
 69.25    123.036  
 0.0    123.17  
 66.0    123.303  
 0.0    123.437  
 62.75    123.57  
 0.0    123.704  
 59.5    123.838  
 0.0    123.971  
 56.25    124.105  
 0.0    124.238  
 53.0    124.372  
 0.0    124.505  
 49.75    124.639  
 0.0    124.773  
 46.5    124.906  
 0.0    125.04  
 43.25    125.173  
 0.0    125.307  
 40.0    125.441  
 0.0    125.574  
 36.75    125.708  
 0.0    125.841  
 33.5    125.975  
 0.0    126.108  
 30.25    126.242  
 0.0    126.376  
 27.0    126.509  
 0.0    126.643  
 23.75    126.776  
 0.0    126.91  
 20.5    127.043  
 0.0    127.177  
 17.25    127.311  
 0.0    127.444  
 14.0    127.578  
 0.0    127.711  
 10.75    127.845  
 0.0    127.978  
 7.5    128.112  
 0.0    128.246  
 4.25    128.379  
 0.0    128.518  
 352.0    128.646  
 0.0    128.78  
 348.75    128.914  
 0.0    129.047  
 345.5    129.181  
 0.0    129.314  
 342.25    129.448  
 0.0    129.581  
 339.0    129.715  
 0.0    129.849  
 335.75    129.982  
 0.0    130.116  
 332.5    130.249  
 0.0    130.383  
 329.25    130.517  
 0.0    130.65  
 326.0    130.784  
 0.0    130.917  
 322.75    131.051  
 0.0    131.184  
 319.5    131.318  
 0.0    131.452  
 316.25    131.585  
 0.0    131.719  
 313.0    131.852  
 0.0    131.986  
 309.75    132.119  
 0.0    132.253  
 306.5    132.387  
 0.0    132.52  
 303.25    132.654  
 0.0    132.787  
 300.0    132.921  
 0.0    133.054  
 296.75    133.188  
 0.0    133.322  
 293.5    133.455  
 0.0    133.589  
 290.25    133.722  
 0.0    133.856  
 287.0    133.99  
 0.0    134.123  
 283.75    134.257  
 0.0    134.39  
 280.5    134.524  
 0.0    134.657  
 277.25    134.791  
 0.0    134.925  
 274.0    135.058  
 0.0    135.192  
 270.75    135.325  
 0.0    135.459  
 267.5    135.592  
 0.0    135.726  
 264.25    135.86  
 0.0    135.993  
 261.0    136.127  
 0.0    136.26  
 257.75    136.394  
 0.0    136.528  
 254.5    136.661  
 0.0    136.795  
 251.25    136.928  
 0.0    137.062  
 248.0    137.195  
 0.0    137.329  
 244.75    137.462  
 0.0    137.596  
 241.5    137.73  
 0.0    137.863  
 238.25    137.997  
 0.0    138.13  
 235.0    138.264  
 0.0    138.398  
 231.75    138.531  
 0.0    138.665  
 228.5    138.798  
 0.0    138.932  
 225.25    139.065  
 0.0    139.199  
 222.0    139.333  
 0.0    139.466  
 218.75    139.6  
 0.0    139.733  
 215.5    139.867  
 0.0    140.001  
 212.25    140.134  
 0.0    140.268  
 209.0    140.401  
 0.0    140.535  
 205.75    140.668  
 0.0    140.802  
 202.5    140.936  
 0.0    141.069  
 199.25    141.203  
 0.0    141.336  
 196.0    141.47  
 0.0    141.603  
 192.75    141.737  
 0.0    141.871  
 189.5    142.004  
 0.0    142.138  
 186.25    142.271  
 0.0    142.405  
 183.0    142.539  
 0.0    142.672  
 179.75    142.806  
 0.0    142.939  
 176.5    143.073  
 0.0    143.206  
 173.25    143.34  
 0.0    143.474  
 170.0    143.607  
 0.0    143.741  
 166.75    143.874  
 0.0    144.008  
 163.5    144.142  
 0.0    144.275  
 160.25    144.409  
 0.0    144.542  
 157.0    144.676  
 0.0    144.809  
 153.75    144.943  
 0.0    145.077  
 150.5    145.21  
 0.0    145.344  
 147.25    145.477  
 0.0    145.611  
 144.0    145.744  
 0.0    145.878  
 140.75    146.012  
 0.0    146.145  
 137.5    146.279  
 0.0    146.412  
 134.25    146.546  
 0.0    146.679  
 131.0    146.813  
 0.0    146.947  
 127.75    147.08  
 0.0    147.214  
 124.5    147.347  
 0.0    147.481  
 121.25    147.614  
 0.0    147.748  
 118.0    147.882  
 0.0    148.015  
 114.75    148.149  
 0.0    148.282  
 111.5    148.416  
 0.0    148.55  
 108.25    148.683  
 0.0    148.817  
 105.0    148.95  
 0.0    149.084  
 101.75    149.217  
 0.0    149.351  
 98.5    149.485  
 0.0    149.618  
 95.25    149.752  
 0.0    149.886  
 92.0    150.019  
 0.0    150.153  
 88.75    150.286  
 0.0    150.42  
 85.5    150.553  
 0.0    150.687  
 82.25    150.82  
 0.0    150.954  
 79.0    151.088  
 0.0    151.221  
 75.75    151.355  
 0.0    151.488  
 72.5    151.622  
 0.0    151.756  
 69.25    151.889  
 0.0    152.023  
 66.0    152.156  
 0.0    152.29  
 62.75    152.423  
 0.0    152.557  
 59.5    152.69  
 0.0    152.824  
 56.25    152.958  
 0.0    153.091  
 53.0    153.225  
 0.0    153.358  
 49.75    153.492  
 0.0    153.626  
 46.5    153.759  
 0.0    153.893  
 43.25    154.026  
 0.0    154.16  
 40.0    154.294  
 0.0    154.427  
 36.75    154.561  
 0.0    154.694  
 33.5    154.828  
 0.0    154.961  
 30.25    155.095  
 0.0    155.229  
 27.0    155.362  
 0.0    155.496  
 23.75    155.629  
 0.0    155.763  
 20.5    155.896  
 0.0    156.03  
 17.25    156.164  
 0.0    156.297  
 14.0    156.431  
 0.0    156.564  
 10.75    156.698  
 0.0    156.831  
 7.5    156.965  
 0.0    157.099  
 4.25    157.232  
 0.0    157.372  
 352.0    157.501  
 0.0    157.633  
 348.75    157.767  
 0.0    157.9  
 345.5    158.034  
 0.0    158.167  
 342.25    158.301  
 0.0    158.434  
 339.0    158.568  
 0.0    158.702  
 335.75    158.835  
 0.0    158.969  
 332.5    159.102  
 0.0    159.236  
 329.25    159.369  
 0.0    159.503  
 326.0    159.637  
 0.0    159.77  
 322.75    159.904  
 0.0    160.037  
 319.5    160.171  
 0.0    160.305  
 316.25    160.438  
 0.0    160.572  
 313.0    160.705  
 0.0    160.839  
 309.75    160.972  
 0.0    161.106  
 306.5    161.24  
 0.0    161.373  
 303.25    161.507  
 0.0    161.64  
 300.0    161.774  
 0.0    161.907  
 296.75    162.041  
 0.0    162.175  
 293.5    162.308  
 0.0    162.442  
 290.25    162.575  
 0.0    162.709  
 287.0    162.842  
 0.0    162.976  
 283.75    163.11  
 0.0    163.243  
 280.5    163.377  
 0.0    163.51  
 277.25    163.644  
 0.0    163.778  
 274.0    163.911  
 0.0    164.045  
 270.75    164.179  
 0.0    164.312  
 267.5    164.446  
 0.0    164.579  
 264.25    164.713  
 0.0    164.846  
 261.0    164.98  
 0.0    165.113  
 257.75    165.247  
 0.0    165.381  
 254.5    165.514  
 0.0    165.648  
 251.25    165.781  
 0.0    165.915  
 248.0    166.048  
 0.0    166.182  
 244.75    166.316  
 0.0    166.449  
 241.5    166.583  
 0.0    166.716  
 238.25    166.85  
 0.0    166.983  
 235.0    167.117  
 0.0    167.251  
 231.75    167.384  
 0.0    167.518  
 228.5    167.651  
 0.0    167.785  
 225.25    167.919  
 0.0    168.053  
 222.0    168.186  
 0.0    168.319  
 218.75    168.453  
 0.0    168.586  
 215.5    168.72  
 0.0    168.854  
 212.25    168.987  
 0.0    169.121  
 209.0    169.254  
 0.0    169.388  
 205.75    169.521  
 0.0    169.655  
 202.5    169.789  
 0.0    169.922  
 199.25    170.056  
 0.0    170.189  
 196.0    170.323  
 0.0    170.456  
 192.75    170.59  
 0.0    170.724  
 189.5    170.857  
 0.0    170.991  
 186.25    171.124  
 0.0    171.258  
 183.0    171.392  
 0.0    171.525  
 179.75    171.659  
 0.0    171.792  
 176.5    171.926  
 0.0    172.059  
 173.25    172.193  
 0.0    172.327  
 170.0    172.46  
 0.0    172.594  
 166.75    172.727  
 0.0    172.861  
 163.5    172.994  
 0.0    173.128  
 160.25    173.262  
 0.0    173.395  
 157.0    173.529  
 0.0    173.662  
 153.75    173.796  
 0.0    173.93  
 150.5    174.063  
 0.0    174.197  
 147.25    174.33  
 0.0    174.464  
 144.0    174.597  
 0.0    174.731  
 140.75    174.865  
 0.0    174.998  
 137.5    175.132  
 0.0    175.265  
 134.25    175.399  
 0.0    175.533  
 131.0    175.666  
 0.0    175.8  
 127.75    175.933  
 0.0    176.067  
 124.5    176.2  
 0.0    176.334  
 121.25    176.468  
 0.0    176.601  
 118.0    176.735  
 0.0    176.868  
 114.75    177.002  
 0.0    177.135  
 111.5    177.269  
 0.0    177.403  
 108.25    177.536  
 0.0    177.67  
 105.0    177.803  
 0.0    177.937  
 101.75    178.071  
 0.0    178.204  
 98.5    178.338  
 0.0    178.471  
 95.25    178.605  
 0.0    178.738  
 92.0    178.872  
 0.0    179.006  
 88.75    179.139  
 0.0    179.273  
 85.5    179.406  
 0.0    179.54  
 82.25    179.673  
 0.0    179.807  
 79.0    179.941  
 0.0    180.075  
 75.75    180.208  
 0.0    180.341  
 72.5    180.475  
 0.0    180.608  
 69.25    180.742  
 0.0    180.876  
 66.0    181.009  
 0.0    181.143  
 62.75    181.276  
 0.0    181.41  
 59.5    181.543  
 0.0    181.677  
 56.25    181.811  
 0.0    181.944  
 53.0    182.078  
 0.0    182.211  
 49.75    182.345  
 0.0    182.479  
 46.5    182.612  
 0.0    182.746  
 43.25    182.879  
 0.0    183.013  
 40.0    183.146  
 0.0    183.28  
 36.75    183.414  
 0.0    183.547  
 33.5    183.681  
 0.0    183.814  
 30.25    183.948  
 0.0    184.082  
 27.0    184.215  
 0.0    184.349  
 23.75    184.482  
 0.0    184.616  
 20.5    184.749  
 0.0    184.883  
 17.25    185.016  
 0.0    185.15  
 14.0    185.284  
 0.0    185.417  
 10.75    185.551  
 0.0    185.685  
 7.5    185.818  
 0.0    185.952  
 4.25    186.086  
 0.0    186.227  
 352.0    186.369  
 0.0    186.503  
 348.75    186.636  
 0.0    186.77  
 345.5    186.903  
 0.0    187.037  
 342.25    187.171  
 0.0    187.304  
 339.0    187.438  
 0.0    187.571  
 335.75    187.705  
 0.0    187.838  
 332.5    187.972  
 0.0    188.106  
 329.25    188.239  
 0.0    188.373  
 326.0    188.506  
 0.0    188.64  
 322.75    188.774  
 0.0    188.907  
 319.5    189.041  
 0.0    189.174  
 316.25    189.308  
 0.0    189.441  
 313.0    189.575  
 0.0    189.709  
 309.75    189.842  
 0.0    189.976  
 306.5    190.109  
 0.0    190.243  
 303.25    190.377  
 0.0    190.51  
 300.0    190.644  
 0.0    190.777  
 296.75    190.911  
 0.0    191.044  
 293.5    191.178  
 0.0    191.312  
 290.25    191.445  
 0.0    191.579  
 287.0    191.712  
 0.0    191.846  
 283.75    191.979  
 0.0    192.113  
 280.5    192.246  
 0.0    192.38  
 277.25    192.514  
 0.0    192.647  
 274.0    192.781  
 0.0    192.914  
 270.75    193.048  
 0.0    193.182  
 267.5    193.315  
 0.0    193.449  
 264.25    193.582  
 0.0    193.716  
 261.0    193.849  
 0.0    193.983  
 257.75    194.117  
 0.0    194.25  
 254.5    194.384  
 0.0    194.517  
 251.25    194.651  
 0.0    194.785  
 248.0    194.918  
 0.0    195.052  
 244.75    195.185  
 0.0    195.319  
 241.5    195.452  
 0.0    195.586  
 238.25    195.72  
 0.0    195.853  
 235.0    195.987  
 0.0    196.12  
 231.75    196.254  
 0.0    196.388  
 228.5    196.521  
 0.0    196.655  
 225.25    196.788  
 0.0    196.922  
 222.0    197.055  
 0.0    197.189  
 218.75    197.323  
 0.0    197.456  
 215.5    197.59  
 0.0    197.723  
 212.25    197.857  
 0.0    197.99  
 209.0    198.124  
 0.0    198.258  
 205.75    198.391  
 0.0    198.525  
 202.5    198.658  
 0.0    198.792  
 199.25    198.926  
 0.0    199.059  
 196.0    199.193  
 0.0    199.326  
 192.75    199.46  
 0.0    199.593  
 189.5    199.727  
 0.0    199.861  
 186.25    199.994  
 0.0    200.128  
 183.0    200.261  
 0.0    200.395  
 179.75    200.528  
 0.0    200.662  
 176.5    200.796  
 0.0    200.929  
 173.25    201.063  
 0.0    201.196  
 170.0    201.33  
 0.0    201.463  
 166.75    201.597  
 0.0    201.731  
 163.5    201.864  
 0.0    201.998  
 160.25    202.131  
 0.0    202.265  
 157.0    202.399  
 0.0    202.532  
 153.75    202.666  
 0.0    202.799  
 150.5    202.933  
 0.0    203.066  
 147.25    203.2  
 0.0    203.334  
 144.0    203.467  
 0.0    203.601  
 140.75    203.734  
 0.0    203.868  
 137.5    204.001  
 0.0    204.135  
 134.25    204.269  
 0.0    204.402  
 131.0    204.536  
 0.0    204.669  
 127.75    204.803  
 0.0    204.937  
 124.5    205.07  
 0.0    205.204  
 121.25    205.337  
 0.0    205.471  
 118.0    205.604  
 0.0    205.738  
 114.75    205.872  
 0.0    206.005  
 111.5    206.139  
 0.0    206.272  
 108.25    206.406  
 0.0    206.539  
 105.0    206.673  
 0.0    206.807  
 101.75    206.94  
 0.0    207.074  
 98.5    207.207  
 0.0    207.341  
 95.25    207.475  
 0.0    207.608  
 92.0    207.742  
 0.0    207.875  
 88.75    208.009  
 0.0    208.142  
 85.5    208.276  
 0.0    208.41  
 82.25    208.543  
 0.0    208.677  
 79.0    208.81  
 0.0    208.944  
 75.75    209.077  
 0.0    209.211  
 72.5    209.345  
 0.0    209.478  
 69.25    209.612  
 0.0    209.745  
 66.0    209.879  
 0.0    210.012  
 62.75    210.146  
 0.0    210.28  
 59.5    210.413  
 0.0    210.547  
 56.25    210.68  
 0.0    210.814  
 53.0    210.948  
 0.0    211.081  
 49.75    211.215  
 0.0    211.348  
 46.5    211.482  
 0.0    211.615  
 43.25    211.749  
 0.0    211.883  
 40.0    212.016  
 0.0    212.15  
 36.75    212.283  
 0.0    212.417  
 33.5    212.55  
 0.0    212.684  
 30.25    212.818  
 0.0    212.951  
 27.0    213.085  
 0.0    213.218  
 23.75    213.352  
 0.0    213.486  
 20.5    213.619  
 0.0    213.753  
 17.25    213.886  
 0.0    214.02  
 14.0    214.153  
 0.0    214.287  
 10.75    214.421  
 0.0    214.554  
 7.5    214.688  
 0.0    214.821  
 4.25    214.955  
 0.0    215.096  
 352.0    215.239  
 0.0    215.372  
 348.75    215.506  
 0.0    215.64  
 345.5    215.773  
 0.0    215.907  
 342.25    216.04  
 0.0    216.174  
 339.0    216.307  
 0.0    216.441  
 335.75    216.575  
 0.0    216.708  
 332.5    216.842  
 0.0    216.975  
 329.25    217.109  
 0.0    217.242  
 326.0    217.376  
 0.0    217.51  
 322.75    217.643  
 0.0    217.777  
 319.5    217.91  
 0.0    218.044  
 316.25    218.178  
 0.0    218.311  
 313.0    218.445  
 0.0    218.578  
 309.75    218.712  
 0.0    218.845  
 306.5    218.979  
 0.0    219.113  
 303.25    219.246  
 0.0    219.38  
 300.0    219.513  
 0.0    219.647  
 296.75    219.78  
 0.0    219.914  
 293.5    220.048  
 0.0    220.182  
 290.25    220.315  
 0.0    220.448  
 287.0    220.582  
 0.0    220.716  
 283.75    220.849  
 0.0    220.983  
 280.5    221.116  
 0.0    221.25  
 277.25    221.383  
 0.0    221.517  
 274.0    221.651  
 0.0    221.784  
 270.75    221.918  
 0.0    222.051  
 267.5    222.185  
 0.0    222.319  
 264.25    222.453  
 0.0    222.586  
 261.0    222.719  
 0.0    222.853  
 257.75    222.986  
 0.0    223.12  
 254.5    223.254  
 0.0    223.387  
 251.25    223.521  
 0.0    223.654  
 248.0    223.788  
 0.0    223.921  
 244.75    224.055  
 0.0    224.188  
 241.5    224.322  
 0.0    224.456  
 238.25    224.589  
 0.0    224.723  
 235.0    224.856  
 0.0    224.99  
 231.75    225.124  
 0.0    225.257  
 228.5    225.391  
 0.0    225.524  
 225.25    225.658  
 0.0    225.791  
 222.0    225.925  
 0.0    226.059  
 218.75    226.192  
 0.0    226.326  
 215.5    226.459  
 0.0    226.593  
 212.25    226.727  
 0.0    226.86  
 209.0    226.994  
 0.0    227.127  
 205.75    227.261  
 0.0    227.394  
 202.5    227.528  
 0.0    227.662  
 199.25    227.795  
 0.0    227.929  
 196.0    228.062  
 0.0    228.196  
 192.75    228.33  
 0.0    228.463  
 189.5    228.597  
 0.0    228.73  
 186.25    228.864  
 0.0    228.997  
 183.0    229.131  
 0.0    229.265  
 179.75    229.398  
 0.0    229.532  
 176.5    229.665  
 0.0    229.799  
 173.25    229.932  
 0.0    230.066  
 170.0    230.2  
 0.0    230.333  
 166.75    230.467  
 0.0    230.6  
 163.5    230.734  
 0.0    230.868  
 160.25    231.001  
 0.0    231.135  
 157.0    231.268  
 0.0    231.402  
 153.75    231.535  
 0.0    231.669  
 150.5    231.803  
 0.0    231.936  
 147.25    232.07  
 0.0    232.203  
 144.0    232.337  
 0.0    232.47  
 140.75    232.604  
 0.0    232.738  
 137.5    232.871  
 0.0    233.005  
 134.25    233.138  
 0.0    233.272  
 131.0    233.406  
 0.0    233.539  
 127.75    233.673  
 0.0    233.806  
 124.5    233.94  
 0.0    234.073  
 121.25    234.207  
 0.0    234.34  
 118.0    234.474  
 0.0    234.608  
 114.75    234.741  
 0.0    234.875  
 111.5    235.008  
 0.0    235.142  
 108.25    235.276  
 0.0    235.409  
 105.0    235.543  
 0.0    235.676  
 101.75    235.81  
 0.0    235.944  
 98.5    236.077  
 0.0    236.211  
 95.25    236.344  
 0.0    236.478  
 92.0    236.611  
 0.0    236.745  
 88.75    236.879  
 0.0    237.012  
 85.5    237.146  
 0.0    237.279  
 82.25    237.413  
 0.0    237.546  
 79.0    237.68  
 0.0    237.814  
 75.75    237.947  
 0.0    238.081  
 72.5    238.214  
 0.0    238.348  
 69.25    238.481  
 0.0    238.615  
 66.0    238.749  
 0.0    238.882  
 62.75    239.016  
 0.0    239.149  
 59.5    239.283  
 0.0    239.417  
 56.25    239.55  
 0.0    239.684  
 53.0    239.817  
 0.0    239.951  
 49.75    240.084  
 0.0    240.218  
 46.5    240.352  
 0.0    240.485  
 43.25    240.619  
 0.0    240.752  
 40.0    240.886  
 0.0    241.02  
 36.75    241.153  
 0.0    241.287  
 33.5    241.42  
 0.0    241.554  
 30.25    241.687  
 0.0    241.821  
 27.0    241.955  
 0.0    242.088  
 23.75    242.222  
 0.0    242.355  
 20.5    242.489  
 0.0    242.622  
 17.25    242.756  
 0.0    242.89  
 14.0    243.023  
 0.0    243.157  
 10.75    243.29  
 0.0    243.424  
 7.5    243.558  
 0.0    243.691  
 4.25    243.825  
 0.0    243.967  
 352.0    244.109  
 0.0    244.242  
 348.75    244.376  
 0.0    244.509  
 345.5    244.643  
 0.0    244.776  
 342.25    244.91  
 0.0    245.044  
 339.0    245.177  
 0.0    245.311  
 335.75    245.444  
 0.0    245.578  
 332.5    245.711  
 0.0    245.845  
 329.25    245.979  
 0.0    246.112  
 326.0    246.246  
 0.0    246.379  
 322.75    246.513  
 0.0    246.646  
 319.5    246.78  
 0.0    246.914  
 316.25    247.047  
 0.0    247.181  
 313.0    247.314  
 0.0    247.448  
 309.75    247.582  
 0.0    247.715  
 306.5    247.849  
 0.0    247.983  
 303.25    248.116  
 0.0    248.249  
 300.0    248.383  
 0.0    248.517  
 296.75    248.65  
 0.0    248.784  
 293.5    248.917  
 0.0    249.051  
 290.25    249.185  
 0.0    249.318  
 287.0    249.452  
 0.0    249.585  
 283.75    249.719  
 0.0    249.852  
 280.5    249.986  
 0.0    250.12  
 277.25    250.253  
 0.0    250.387  
 274.0    250.52  
 0.0    250.654  
 270.75    250.787  
 0.0    250.921  
 267.5    251.055  
 0.0    251.188  
 264.25    251.322  
 0.0    251.455  
 261.0    251.589  
 0.0    251.722  
 257.75    251.856  
 0.0    251.99  
 254.5    252.123  
 0.0    252.257  
 251.25    252.39  
 0.0    252.524  
 248.0    252.658  
 0.0    252.791  
 244.75    252.925  
 0.0    253.058  
 241.5    253.192  
 0.0    253.325  
 238.25    253.459  
 0.0    253.593  
 235.0    253.726  
 0.0    253.86  
 231.75    253.993  
 0.0    254.127  
 228.5    254.261  
 0.0    254.394  
 225.25    254.528  
 0.0    254.661  
 222.0    254.795  
 0.0    254.928  
 218.75    255.062  
 0.0    255.196  
 215.5    255.329  
 0.0    255.463  
 212.25    255.596  
 0.0    255.73  
 209.0    255.863  
 0.0    255.997  
 205.75    256.131  
 0.0    256.264  
 202.5    256.398  
 0.0    256.531  
 199.25    256.665  
 0.0    256.798  
 196.0    256.932  
 0.0    257.066  
 192.75    257.2  
 0.0    257.333  
 189.5    257.466  
 0.0    257.6  
 186.25    257.734  
 0.0    257.867  
 183.0    258.001  
 0.0    258.135  
 179.75    258.268  
 0.0    258.401  
 176.5    258.535  
 0.0    258.669  
 173.25    258.802  
 0.0    258.936  
 170.0    259.069  
 0.0    259.203  
 166.75    259.337  
 0.0    259.47  
 163.5    259.604  
 0.0    259.737  
 160.25    259.871  
 0.0    260.004  
 157.0    260.138  
 0.0    260.272  
 153.75    260.405  
 0.0    260.539  
 150.5    260.672  
 0.0    260.806  
 147.25    260.939  
 0.0    261.073  
 144.0    261.207  
 0.0    261.34  
 140.75    261.474  
 0.0    261.607  
 137.5    261.741  
 0.0    261.874  
 134.25    262.008  
 0.0    262.142  
 131.0    262.275  
 0.0    262.409  
 127.75    262.542  
 0.0    262.676  
 124.5    262.81  
 0.0    262.943  
 121.25    263.077  
 0.0    263.21  
 118.0    263.344  
 0.0    263.477  
 114.75    263.611  
 0.0    263.745  
 111.5    263.878  
 0.0    264.012  
 108.25    264.145  
 0.0    264.279  
 105.0    264.412  
 0.0    264.546  
 101.75    264.68  
 0.0    264.813  
 98.5    264.947  
 0.0    265.08  
 95.25    265.214  
 0.0    265.348  
 92.0    265.481  
 0.0    265.615  
 88.75    265.748  
 0.0    265.882  
 85.5    266.015  
 0.0    266.149  
 82.25    266.283  
 0.0    266.416  
 79.0    266.55  
 0.0    266.683  
 75.75    266.817  
 0.0    266.951  
 72.5    267.084  
 0.0    267.218  
 69.25    267.351  
 0.0    267.485  
 66.0    267.618  
 0.0    267.752  
 62.75    267.885  
 0.0    268.019  
 59.5    268.153  
 0.0    268.286  
 56.25    268.42  
 0.0    268.553  
 53.0    268.687  
 0.0    268.821  
 49.75    268.954  
 0.0    269.088  
 46.5    269.221  
 0.0    269.355  
 43.25    269.489  
 0.0    269.622  
 40.0    269.756  
 0.0    269.89  
 36.75    270.023  
 0.0    270.156  
 33.5    270.29  
 0.0    270.424  
 30.25    270.557  
 0.0    270.691  
 27.0    270.824  
 0.0    270.958  
 23.75    271.091  
 0.0    271.225  
 20.5    271.359  
 0.0    271.492  
 17.25    271.626  
 0.0    271.759  
 14.0    271.893  
 0.0    272.027  
 10.75    272.16  
 0.0    272.294  
 7.5    272.427  
 0.0    272.561  
 4.25    272.694  
 0.0    272.837  
 352.0    272.979  
 0.0    273.112  
 348.75    273.245  
 0.0    273.379  
 345.5    273.513  
 0.0    273.646  
 342.25    273.78  
 0.0    273.913  
 339.0    274.047  
 0.0    274.18  
 335.75    274.314  
 0.0    274.448  
 332.5    274.581  
 0.0    274.715  
 329.25    274.848  
 0.0    274.982  
 326.0    275.115  
 0.0    275.249  
 322.75    275.383  
 0.0    275.516  
 319.5    275.65  
 0.0    275.783  
 316.25    275.917  
 0.0    276.05  
 313.0    276.184  
 0.0    276.318  
 309.75    276.451  
 0.0    276.585  
 306.5    276.718  
 0.0    276.852  
 303.25    276.986  
 0.0    277.119  
 300.0    277.253  
 0.0    277.386  
 296.75    277.52  
 0.0    277.653  
 293.5    277.787  
 0.0    277.921  
 290.25    278.054  
 0.0    278.188  
 287.0    278.321  
 0.0    278.455  
 283.75    278.588  
 0.0    278.722  
 280.5    278.856  
 0.0    278.989  
 277.25    279.123  
 0.0    279.257  
 274.0    279.39  
 0.0    279.524  
 270.75    279.657  
 0.0    279.791  
 267.5    279.924  
 0.0    280.058  
 264.25    280.191  
 0.0    280.325  
 261.0    280.459  
 0.0    280.592  
 257.75    280.726  
 0.0    280.859  
 254.5    280.993  
 0.0    281.126  
 251.25    281.26  
 0.0    281.394  
 248.0    281.527  
 0.0    281.661  
 244.75    281.794  
 0.0    281.928  
 241.5    282.062  
 0.0    282.195  
 238.25    282.329  
 0.0    282.462  
 235.0    282.596  
 0.0    282.73  
 231.75    282.863  
 0.0    282.997  
 228.5    283.13  
 0.0    283.264  
 225.25    283.397  
 0.0    283.531  
 222.0    283.665  
 0.0    283.798  
 218.75    283.932  
 0.0    284.065  
 215.5    284.199  
 0.0    284.332  
 212.25    284.466  
 0.0    284.6  
 209.0    284.733  
 0.0    284.867  
 205.75    285.0  
 0.0    285.134  
 202.5    285.267  
 0.0    285.401  
 199.25    285.535  
 0.0    285.668  
 196.0    285.802  
 0.0    285.935  
 192.75    286.069  
 0.0    286.202  
 189.5    286.336  
 0.0    286.47  
 186.25    286.603  
 0.0    286.737  
 183.0    286.87  
 0.0    287.004  
 179.75    287.138  
 0.0    287.271  
 176.5    287.405  
 0.0    287.538  
 173.25    287.672  
 0.0    287.805  
 170.0    287.939  
 0.0    288.073  
 166.75    288.206  
 0.0    288.34  
 163.5    288.473  
 0.0    288.607  
 160.25    288.741  
 0.0    288.874  
 157.0    289.008  
 0.0    289.141  
 153.75    289.275  
 0.0    289.408  
 150.5    289.542  
 0.0    289.675  
 147.25    289.809  
 0.0    289.943  
 144.0    290.076  
 0.0    290.21  
 140.75    290.343  
 0.0    290.477  
 137.5    290.611  
 0.0    290.744  
 134.25    290.878  
 0.0    291.012  
 131.0    291.145  
 0.0    291.279  
 127.75    291.412  
 0.0    291.546  
 124.5    291.679  
 0.0    291.813  
 121.25    291.946  
 0.0    292.08  
 118.0    292.214  
 0.0    292.347  
 114.75    292.481  
 0.0    292.614  
 111.5    292.748  
 0.0    292.881  
 108.25    293.015  
 0.0    293.149  
 105.0    293.282  
 0.0    293.416  
 101.75    293.549  
 0.0    293.683  
 98.5    293.817  
 0.0    293.95  
 95.25    294.084  
 0.0    294.217  
 92.0    294.351  
 0.0    294.484  
 88.75    294.618  
 0.0    294.752  
 85.5    294.885  
 0.0    295.019  
 82.25    295.152  
 0.0    295.286  
 79.0    295.42  
 0.0    295.553  
 75.75    295.687  
 0.0    295.82  
 72.5    295.954  
 0.0    296.087  
 69.25    296.221  
 0.0    296.355  
 66.0    296.489  
 0.0    296.622  
 62.75    296.755  
 0.0    296.889  
 59.5    297.022  
 0.0    297.156  
 56.25    297.29  
 0.0    297.423  
 53.0    297.557  
 0.0    297.69  
 49.75    297.824  
 0.0    297.957  
 46.5    298.091  
 0.0    298.225  
 43.25    298.358  
 0.0    298.492  
 40.0    298.625  
 0.0    298.759  
 36.75    298.892  
 0.0    299.026  
 33.5    299.16  
 0.0    299.293  
 30.25    299.427  
 0.0    299.56  
 27.0    299.694  
 0.0    299.828  
 23.75    299.961  
 0.0    300.095  
 20.5    300.228  
 0.0    300.362  
 17.25    300.495  
 0.0    300.629  
 14.0    300.763  
 0.0    300.896  
 10.75    301.03  
 0.0    301.163  
 7.5    301.297  
 0.0    301.431  
 4.25    301.564  
 0.0    301.708  
 352.0    301.848  
 0.0    301.982  
 348.75    302.115  
 0.0    302.249  
 345.5    302.382  
 0.0    302.516  
 342.25    302.649  
 0.0    302.783  
 339.0    302.917  
 0.0    303.05  
 335.75    303.184  
 0.0    303.317  
 332.5    303.451  
 0.0    303.584  
 329.25    303.718  
 0.0    303.852  
 326.0    303.985  
 0.0    304.119  
 322.75    304.252  
 0.0    304.386  
 319.5    304.519  
 0.0    304.653  
 316.25    304.787  
 0.0    304.92  
 313.0    305.054  
 0.0    305.187  
 309.75    305.321  
 0.0    305.455  
 306.5    305.588  
 0.0    305.722  
 303.25    305.855  
 0.0    305.989  
 300.0    306.122  
 0.0    306.256  
 296.75    306.39  
 0.0    306.523  
 293.5    306.657  
 0.0    306.79  
 290.25    306.924  
 0.0    307.057  
 287.0    307.191  
 0.0    307.325  
 283.75    307.458  
 0.0    307.592  
 280.5    307.725  
 0.0    307.859  
 277.25    307.993  
 0.0    308.126  
 274.0    308.26  
 0.0    308.393  
 270.75    308.527  
 0.0    308.66  
 267.5    308.794  
 0.0    308.928  
 264.25    309.061  
 0.0    309.195  
 261.0    309.328  
 0.0    309.462  
 257.75    309.595  
 0.0    309.729  
 254.5    309.863  
 0.0    309.996  
 251.25    310.13  
 0.0    310.263  
 248.0    310.397  
 0.0    310.531  
 244.75    310.664  
 0.0    310.798  
 241.5    310.931  
 0.0    311.065  
 238.25    311.198  
 0.0    311.332  
 235.0    311.466  
 0.0    311.599  
 231.75    311.733  
 0.0    311.866  
 228.5    312.0  
 0.0    312.134  
 225.25    312.267  
 0.0    312.401  
 222.0    312.534  
 0.0    312.668  
 218.75    312.801  
 0.0    312.935  
 215.5    313.069  
 0.0    313.202  
 212.25    313.336  
 0.0    313.469  
 209.0    313.603  
 0.0    313.736  
 205.75    313.87  
 0.0    314.004  
 202.5    314.137  
 0.0    314.271  
 199.25    314.404  
 0.0    314.538  
 196.0    314.671  
 0.0    314.805  
 192.75    314.939  
 0.0    315.072  
 189.5    315.206  
 0.0    315.339  
 186.25    315.473  
 0.0    315.607  
 183.0    315.74  
 0.0    315.874  
 179.75    316.007  
 0.0    316.141  
 176.5    316.274  
 0.0    316.408  
 173.25    316.542  
 0.0    316.675  
 170.0    316.809  
 0.0    316.942  
 166.75    317.076  
 0.0    317.209  
 163.5    317.343  
 0.0    317.477  
 160.25    317.61  
 0.0    317.744  
 157.0    317.877  
 0.0    318.011  
 153.75    318.145  
 0.0    318.278  
 150.5    318.412  
 0.0    318.545  
 147.25    318.679  
 0.0    318.812  
 144.0    318.946  
 0.0    319.08  
 140.75    319.213  
 0.0    319.347  
 137.5    319.48  
 0.0    319.614  
 134.25    319.747  
 0.0    319.881  
 131.0    320.015  
 0.0    320.148  
 127.75    320.282  
 0.0    320.415  
 124.5    320.549  
 0.0    320.683  
 121.25    320.816  
 0.0    320.95  
 118.0    321.083  
 0.0    321.217  
 114.75    321.35  
 0.0    321.484  
 111.5    321.618  
 0.0    321.751  
 108.25    321.885  
 0.0    322.018  
 105.0    322.152  
 0.0    322.286  
 101.75    322.419  
 0.0    322.553  
 98.5    322.686  
 0.0    322.82  
 95.25    322.953  
 0.0    323.087  
 92.0    323.221  
 0.0    323.354  
 88.75    323.488  
 0.0    323.621  
 85.5    323.755  
 0.0    323.888  
 82.25    324.022  
 0.0    324.156  
 79.0    324.289  
 0.0    324.423  
 75.75    324.556  
 0.0    324.69  
 72.5    324.824  
 0.0    324.957  
 69.25    325.091  
 0.0    325.224  
 66.0    325.358  
 0.0    325.491  
 62.75    325.625  
 0.0    325.759  
 59.5    325.893  
 0.0    326.026  
 56.25    326.159  
 0.0    326.293  
 53.0    326.426  
 0.0    326.56  
 49.75    326.694  
 0.0    326.827  
 46.5    326.961  
 0.0    327.094  
 43.25    327.228  
 0.0    327.361  
 40.0    327.495  
 0.0    327.629  
 36.75    327.762  
 0.0    327.896  
 33.5    328.029  
 0.0    328.163  
 30.25    328.297  
 0.0    328.43  
 27.0    328.564  
 0.0    328.697  
 23.75    328.831  
 0.0    328.964  
 20.5    329.098  
 0.0    329.232  
 17.25    329.365  
 0.0    329.499  
 14.0    329.632  
 0.0    329.766  
 10.75    329.9  
 0.0    330.033  
 7.5    330.167  
 0.0    330.3  
 4.25    330.434  
