 33.326    33.326  
 0.0    33.342  
 4.0    33.476  
 0.0    33.609  
 4.15384615385    33.742  
 0.0    33.876  
 4.30769230769    34.009  
 0.0    34.143  
 4.46153846154    34.277  
 0.0    34.41  
 4.61538461538    34.543  
 0.0    34.677  
 4.76923076923    34.81  
 0.0    34.944  
 4.92307692308    35.077  
 0.0    35.21  
 5.07692307692    35.344  
 0.0    35.477  
 5.23076923077    35.611  
 0.0    35.744  
 5.38461538462    35.877  
 0.0    36.011  
 5.53846153846    36.145  
 0.0    36.278  
 5.69230769231    36.411  
 0.0    36.545  
 5.84615384615    36.678  
 0.0    36.812  
 6.0    36.945  
 0.0    37.079  
 6.15384615385    37.213  
 0.0    37.346  
 6.30769230769    37.479  
 0.0    37.612  
 6.46153846154    37.745  
 0.0    37.879  
 6.61538461538    38.012  
 0.0    38.146  
 6.76923076923    38.279  
 0.0    38.413  
 6.92307692308    38.546  
 0.0    38.68  
 7.07692307692    38.813  
 0.0    38.947  
 7.23076923077    39.08  
 0.0    39.214  
 7.38461538462    39.347  
 0.0    39.48  
 7.53846153846    39.613  
 0.0    39.747  
 7.69230769231    39.88  
 0.0    40.014  
 7.84615384615    40.147  
 0.0    40.281  
 8.0    40.414  
 0.0    40.548  
 8.15384615385    40.681  
 0.0    40.815  
 8.30769230769    40.948  
 0.0    41.082  
 8.46153846154    41.215  
 0.0    41.348  
 8.61538461538    41.481  
 0.0    41.615  
 8.76923076923    41.748  
 0.0    41.882  
 8.92307692308    42.015  
 0.0    42.149  
 9.07692307692    42.282  
 0.0    42.416  
 9.23076923077    42.549  
 0.0    42.683  
 9.38461538462    42.816  
 0.0    42.95  
 9.53846153846    43.083  
 0.0    43.216  
 9.69230769231    43.35  
 0.0    43.483  
 9.84615384615    43.616  
 0.0    43.75  
 10.0    43.884  
 0.0    44.017  
 10.1538461538    44.15  
 0.0    44.284  
 10.3076923077    44.417  
 0.0    44.551  
 10.4615384615    44.684  
 0.0    44.818  
 10.6153846154    44.951  
 0.0    45.084  
 10.7692307692    45.217  
 0.0    45.351  
 10.9230769231    45.484  
 0.0    45.618  
 11.0769230769    45.751  
 0.0    45.885  
 11.2307692308    46.018  
 0.0    46.152  
 11.3846153846    46.285  
 0.0    46.419  
 11.5384615385    46.552  
 0.0    46.686  
 11.6923076923    46.819  
 0.0    46.952  
 11.8461538462    47.086  
 0.0    47.22  
 12.0    47.353  
 0.0    47.486  
 12.1538461538    47.619  
 0.0    47.753  
 12.3076923077    47.886  
 0.0    48.02  
 12.4615384615    48.153  
 0.0    48.287  
 12.6153846154    48.42  
 0.0    48.554  
 12.7692307692    48.687  
 0.0    48.821  
 12.9230769231    48.954  
 0.0    49.087  
 13.0769230769    49.22  
 0.0    49.354  
 13.2307692308    49.487  
 0.0    49.621  
 13.3846153846    49.754  
 0.0    49.888  
 13.5384615385    50.021  
 0.0    50.155  
 13.6923076923    50.288  
 0.0    50.422  
 13.8461538462    50.556  
 0.0    50.688  
 14.0    50.822  
 0.0    50.955  
 14.1538461538    51.089  
 0.0    51.222  
 14.3076923077    51.356  
 0.0    51.489  
 14.4615384615    51.623  
 0.0    51.756  
 14.6153846154    51.89  
 0.0    52.023  
 14.7692307692    52.156  
 0.0    52.29  
 14.9230769231    52.423  
 0.0    52.556  
 15.0769230769    52.69  
 0.0    52.823  
 15.2307692308    52.957  
 0.0    53.09  
 15.3846153846    53.224  
 0.0    53.357  
 15.5384615385    53.491  
 0.0    53.624  
 15.6923076923    53.758  
 0.0    53.892  
 15.8461538462    54.024  
 0.0    54.158  
 16.0    54.291  
 0.0    54.425  
 16.1538461538    54.558  
 0.0    54.691  
 16.3076923077    54.825  
 0.0    54.958  
 16.4615384615    55.092  
 0.0    55.225  
 16.6153846154    55.359  
 0.0    55.492  
 16.7692307692    55.626  
 0.0    55.759  
 16.9230769231    55.892  
 0.0    56.026  
 17.0769230769    56.159  
 0.0    56.292  
 17.2307692308    56.426  
 0.0    56.559  
 17.3846153846    56.693  
 0.0    56.826  
 17.5384615385    56.96  
 0.0    57.093  
 17.6923076923    57.227  
 0.0    57.36  
 17.8461538462    57.494  
 0.0    57.627  
 18.0    57.761  
 0.0    57.894  
 18.1538461538    58.027  
 0.0    58.161  
 18.3076923077    58.294  
 0.0    58.427  
 18.4615384615    58.561  
 0.0    58.694  
 18.6153846154    58.828  
 0.0    58.961  
 18.7692307692    59.095  
 0.0    59.228  
 18.9230769231    59.362  
 0.0    59.495  
 19.0769230769    59.629  
 0.0    59.762  
 19.2307692308    59.895  
 0.0    60.029  
 19.3846153846    60.162  
 0.0    60.295  
 19.5384615385    60.429  
 0.0    60.563  
 19.6923076923    60.696  
 0.0    60.829  
 19.8461538462    60.963  
 0.0    61.104  
 4.0    61.245  
 0.0    61.38  
 4.15384615385    61.513  
 0.0    61.646  
 4.30769230769    61.78  
 0.0    61.913  
 4.46153846154    62.047  
 0.0    62.18  
 4.61538461538    62.313  
 0.0    62.447  
 4.76923076923    62.58  
 0.0    62.714  
 4.92307692308    62.847  
 0.0    62.981  
 5.07692307692    63.114  
 0.0    63.248  
 5.23076923077    63.381  
 0.0    63.514  
 5.38461538462    63.648  
 0.0    63.781  
 5.53846153846    63.915  
 0.0    64.048  
 5.69230769231    64.181  
 0.0    64.315  
 5.84615384615    64.448  
 0.0    64.582  
 6.0    64.715  
 0.0    64.849  
 6.15384615385    64.982  
 0.0    65.116  
 6.30769230769    65.249  
 0.0    65.382  
 6.46153846154    65.516  
 0.0    65.649  
 6.61538461538    65.782  
 0.0    65.916  
 6.76923076923    66.049  
 0.0    66.183  
 6.92307692308    66.316  
 0.0    66.45  
 7.07692307692    66.583  
 0.0    66.717  
 7.23076923077    66.85  
 0.0    66.984  
 7.38461538462    67.117  
 0.0    67.251  
 7.53846153846    67.384  
 0.0    67.517  
 7.69230769231    67.65  
 0.0    67.784  
 7.84615384615    67.917  
 0.0    68.051  
 8.0    68.184  
 0.0    68.318  
 8.15384615385    68.451  
 0.0    68.585  
 8.30769230769    68.721  
 0.0    68.854  
 8.46153846154    68.987  
 0.0    69.119  
 8.61538461538    69.252  
 0.0    69.385  
 8.76923076923    69.518  
 0.0    69.652  
 8.92307692308    69.785  
 0.0    69.919  
 9.07692307692    70.052  
 0.0    70.186  
 9.23076923077    70.319  
 0.0    70.453  
 9.38461538462    70.587  
 0.0    70.72  
 9.53846153846    70.853  
 0.0    70.986  
 9.69230769231    71.12  
 0.0    71.253  
 9.84615384615    71.386  
 0.0    71.52  
 10.0    71.653  
 0.0    71.787  
 10.1538461538    71.92  
 0.0    72.054  
 10.3076923077    72.187  
 0.0    72.321  
 10.4615384615    72.454  
 0.0    72.588  
 10.6153846154    72.721  
 0.0    72.855  
 10.7692307692    72.988  
 0.0    73.121  
 10.9230769231    73.255  
 0.0    73.388  
 11.0769230769    73.521  
 0.0    73.655  
 11.2307692308    73.788  
 0.0    73.923  
 11.3846153846    74.056  
 0.0    74.189  
 11.5384615385    74.322  
 0.0    74.456  
 11.6923076923    74.589  
 0.0    74.723  
 11.8461538462    74.856  
 0.0    74.989  
 12.0    75.123  
 0.0    75.256  
 12.1538461538    75.389  
 0.0    75.523  
 12.3076923077    75.656  
 0.0    75.79  
 12.4615384615    75.923  
 0.0    76.057  
 12.6153846154    76.19  
 0.0    76.324  
 12.7692307692    76.457  
 0.0    76.591  
 12.9230769231    76.724  
 0.0    76.857  
 13.0769230769    76.991  
 0.0    77.124  
 13.2307692308    77.258  
 0.0    77.391  
 13.3846153846    77.524  
 0.0    77.658  
 13.5384615385    77.791  
 0.0    77.925  
 13.6923076923    78.058  
 0.0    78.192  
 13.8461538462    78.325  
 0.0    78.459  
 14.0    78.592  
 0.0    78.726  
 14.1538461538    78.859  
 0.0    78.992  
 14.3076923077    79.126  
 0.0    79.259  
 14.4615384615    79.393  
 0.0    79.526  
 14.6153846154    79.66  
 0.0    79.793  
 14.7692307692    79.926  
 0.0    80.059  
 14.9230769231    80.193  
 0.0    80.327  
 15.0769230769    80.46  
 0.0    80.594  
 15.2307692308    80.727  
 0.0    80.86  
 15.3846153846    80.994  
 0.0    81.127  
 15.5384615385    81.261  
 0.0    81.394  
 15.6923076923    81.528  
 0.0    81.661  
 15.8461538462    81.794  
 0.0    81.927  
 16.0    82.061  
 0.0    82.194  
 16.1538461538    82.328  
 0.0    82.461  
 16.3076923077    82.595  
 0.0    82.728  
 16.4615384615    82.862  
 0.0    82.995  
 16.6153846154    83.129  
 0.0    83.262  
 16.7692307692    83.396  
 0.0    83.529  
 16.9230769231    83.662  
 0.0    83.796  
 17.0769230769    83.93  
 0.0    84.063  
 17.2307692308    84.196  
 0.0    84.33  
 17.3846153846    84.463  
 0.0    84.596  
 17.5384615385    84.73  
 0.0    84.863  
 17.6923076923    84.997  
 0.0    85.13  
 17.8461538462    85.264  
 0.0    85.397  
 18.0    85.53  
 0.0    85.664  
 18.1538461538    85.797  
 0.0    85.93  
 18.3076923077    86.064  
 0.0    86.197  
 18.4615384615    86.331  
 0.0    86.464  
 18.6153846154    86.598  
 0.0    86.731  
 18.7692307692    86.865  
 0.0    86.998  
 18.9230769231    87.132  
 0.0    87.266  
 19.0769230769    87.399  
 0.0    87.532  
 19.2307692308    87.665  
 0.0    87.799  
 19.3846153846    87.932  
 0.0    88.065  
 19.5384615385    88.199  
 0.0    88.332  
 19.6923076923    88.466  
 0.0    88.599  
 19.8461538462    88.733  
 0.0    88.875  
 4.0    89.016  
 0.0    89.15  
 4.15384615385    89.283  
 0.0    89.416  
 4.30769230769    89.55  
 0.0    89.683  
 4.46153846154    89.817  
 0.0    89.95  
 4.61538461538    90.084  
 0.0    90.217  
 4.76923076923    90.351  
 0.0    90.484  
 4.92307692308    90.618  
 0.0    90.751  
 5.07692307692    90.884  
 0.0    91.018  
 5.23076923077    91.151  
 0.0    91.285  
 5.38461538462    91.418  
 0.0    91.551  
 5.53846153846    91.685  
 0.0    91.818  
 5.69230769231    91.952  
 0.0    92.085  
 5.84615384615    92.219  
 0.0    92.352  
 6.0    92.486  
 0.0    92.619  
 6.15384615385    92.752  
 0.0    92.886  
 6.30769230769    93.019  
 0.0    93.153  
 6.46153846154    93.286  
 0.0    93.419  
 6.61538461538    93.553  
 0.0    93.686  
 6.76923076923    93.82  
 0.0    93.954  
 6.92307692308    94.087  
 0.0    94.22  
 7.07692307692    94.354  
 0.0    94.487  
 7.23076923077    94.62  
 0.0    94.754  
 7.38461538462    94.887  
 0.0    95.021  
 7.53846153846    95.154  
 0.0    95.287  
 7.69230769231    95.421  
 0.0    95.554  
 7.84615384615    95.688  
 0.0    95.821  
 8.0    95.955  
 0.0    96.088  
 8.15384615385    96.221  
 0.0    96.355  
 8.30769230769    96.488  
 0.0    96.622  
 8.46153846154    96.755  
 0.0    96.889  
 8.61538461538    97.022  
 0.0    97.156  
 8.76923076923    97.29  
 0.0    97.423  
 8.92307692308    97.556  
 0.0    97.689  
 9.07692307692    97.823  
 0.0    97.956  
 9.23076923077    98.09  
 0.0    98.223  
 9.38461538462    98.356  
 0.0    98.49  
 9.53846153846    98.623  
 0.0    98.757  
 9.69230769231    98.89  
 0.0    99.024  
 9.84615384615    99.157  
 0.0    99.29  
 10.0    99.424  
 0.0    99.557  
 10.1538461538    99.691  
 0.0    99.824  
 10.3076923077    99.958  
 0.0    100.091  
 10.4615384615    100.225  
 0.0    100.358  
 10.6153846154    100.491  
 0.0    100.626  
 10.7692307692    100.759  
 0.0    100.892  
 10.9230769231    101.025  
 0.0    101.158  
 11.0769230769    101.292  
 0.0    101.425  
 11.2307692308    101.559  
 0.0    101.692  
 11.3846153846    101.826  
 0.0    101.959  
 11.5384615385    102.092  
 0.0    102.226  
 11.6923076923    102.359  
 0.0    102.493  
 11.8461538462    102.626  
 0.0    102.76  
 12.0    102.893  
 0.0    103.026  
 12.1538461538    103.16  
 0.0    103.293  
 12.3076923077    103.427  
 0.0    103.56  
 12.4615384615    103.694  
 0.0    103.827  
 12.6153846154    103.961  
 0.0    104.094  
 12.7692307692    104.227  
 0.0    104.361  
 12.9230769231    104.494  
 0.0    104.628  
 13.0769230769    104.761  
 0.0    104.894  
 13.2307692308    105.028  
 0.0    105.161  
 13.3846153846    105.295  
 0.0    105.428  
 13.5384615385    105.562  
 0.0    105.695  
 13.6923076923    105.829  
 0.0    105.962  
 13.8461538462    106.095  
 0.0    106.229  
 14.0    106.362  
 0.0    106.496  
 14.1538461538    106.629  
 0.0    106.762  
 14.3076923077    106.896  
 0.0    107.029  
 14.4615384615    107.163  
 0.0    107.297  
 14.6153846154    107.43  
 0.0    107.563  
 14.7692307692    107.697  
 0.0    107.83  
 14.9230769231    107.963  
 0.0    108.097  
 15.0769230769    108.23  
 0.0    108.364  
 15.2307692308    108.497  
 0.0    108.631  
 15.3846153846    108.764  
 0.0    108.897  
 15.5384615385    109.031  
 0.0    109.164  
 15.6923076923    109.298  
 0.0    109.431  
 15.8461538462    109.565  
 0.0    109.698  
 16.0    109.832  
 0.0    109.965  
 16.1538461538    110.098  
 0.0    110.232  
 16.3076923077    110.365  
 0.0    110.498  
 16.4615384615    110.633  
 0.0    110.766  
 16.6153846154    110.899  
 0.0    111.032  
 16.7692307692    111.166  
 0.0    111.299  
 16.9230769231    111.433  
 0.0    111.566  
 17.0769230769    111.699  
 0.0    111.833  
 17.2307692308    111.966  
 0.0    112.1  
 17.3846153846    112.233  
 0.0    112.367  
 17.5384615385    112.5  
 0.0    112.633  
 17.6923076923    112.767  
 0.0    112.9  
 17.8461538462    113.034  
 0.0    113.167  
 18.0    113.301  
 0.0    113.434  
 18.1538461538    113.568  
 0.0    113.701  
 18.3076923077    113.834  
 0.0    113.969  
 18.4615384615    114.102  
 0.0    114.235  
 18.6153846154    114.368  
 0.0    114.501  
 18.7692307692    114.635  
 0.0    114.768  
 18.9230769231    114.902  
 0.0    115.035  
 19.0769230769    115.169  
 0.0    115.302  
 19.2307692308    115.436  
 0.0    115.569  
 19.3846153846    115.702  
 0.0    115.836  
 19.5384615385    115.969  
 0.0    116.103  
 19.6923076923    116.236  
 0.0    116.369  
 19.8461538462    116.503  
 0.0    116.647  
 4.0    116.786  
 0.0    116.92  
 4.15384615385    117.053  
 0.0    117.187  
 4.30769230769    117.321  
 0.0    117.454  
 4.46153846154    117.587  
 0.0    117.72  
 4.61538461538    117.853  
 0.0    117.987  
 4.76923076923    118.12  
 0.0    118.254  
 4.92307692308    118.387  
 0.0    118.521  
 5.07692307692    118.654  
 0.0    118.788  
 5.23076923077    118.921  
 0.0    119.055  
 5.38461538462    119.188  
 0.0    119.322  
 5.53846153846    119.455  
 0.0    119.588  
 5.69230769231    119.721  
 0.0    119.855  
 5.84615384615    119.988  
 0.0    120.122  
 6.0    120.255  
 0.0    120.389  
 6.15384615385    120.522  
 0.0    120.657  
 6.30769230769    120.79  
 0.0    120.923  
 6.46153846154    121.056  
 0.0    121.19  
 6.61538461538    121.323  
 0.0    121.456  
 6.76923076923    121.589  
 0.0    121.723  
 6.92307692308    121.856  
 0.0    121.99  
 7.07692307692    122.123  
 0.0    122.257  
 7.23076923077    122.39  
 0.0    122.524  
 7.38461538462    122.657  
 0.0    122.791  
 7.53846153846    122.924  
 0.0    123.058  
 7.69230769231    123.191  
 0.0    123.324  
 7.84615384615    123.458  
 0.0    123.591  
 8.0    123.724  
 0.0    123.858  
 8.15384615385    123.992  
 0.0    124.125  
 8.30769230769    124.258  
 0.0    124.392  
 8.46153846154    124.525  
 0.0    124.659  
 8.61538461538    124.792  
 0.0    124.926  
 8.76923076923    125.059  
 0.0    125.192  
 8.92307692308    125.326  
 0.0    125.459  
 9.07692307692    125.592  
 0.0    125.726  
 9.23076923077    125.859  
 0.0    125.993  
 9.38461538462    126.126  
 0.0    126.26  
 9.53846153846    126.393  
 0.0    126.527  
 9.69230769231    126.66  
 0.0    126.794  
 9.84615384615    126.927  
 0.0    127.06  
 10.0    127.194  
 0.0    127.328  
 10.1538461538    127.461  
 0.0    127.594  
 10.3076923077    127.727  
 0.0    127.861  
 10.4615384615    127.994  
 0.0    128.128  
 10.6153846154    128.261  
 0.0    128.395  
 10.7692307692    128.528  
 0.0    128.662  
 10.9230769231    128.795  
 0.0    128.929  
 11.0769230769    129.062  
 0.0    129.195  
 11.2307692308    129.328  
 0.0    129.462  
 11.3846153846    129.595  
 0.0    129.729  
 11.5384615385    129.862  
 0.0    129.996  
 11.6923076923    130.129  
 0.0    130.263  
 11.8461538462    130.396  
 0.0    130.53  
 12.0    130.664  
 0.0    130.797  
 12.1538461538    130.93  
 0.0    131.063  
 12.3076923077    131.197  
 0.0    131.33  
 12.4615384615    131.463  
 0.0    131.597  
 12.6153846154    131.73  
 0.0    131.864  
 12.7692307692    131.997  
 0.0    132.131  
 12.9230769231    132.264  
 0.0    132.398  
 13.0769230769    132.531  
 0.0    132.664  
 13.2307692308    132.798  
 0.0    132.931  
 13.3846153846    133.065  
 0.0    133.198  
 13.5384615385    133.331  
 0.0    133.465  
 13.6923076923    133.599  
 0.0    133.732  
 13.8461538462    133.866  
 0.0    134.0  
 14.0    134.133  
 0.0    134.266  
 14.1538461538    134.399  
 0.0    134.533  
 14.3076923077    134.666  
 0.0    134.799  
 14.4615384615    134.933  
 0.0    135.066  
 14.6153846154    135.2  
 0.0    135.333  
 14.7692307692    135.467  
 0.0    135.6  
 14.9230769231    135.734  
 0.0    135.867  
 15.0769230769    136.0  
 0.0    136.134  
 15.2307692308    136.267  
 0.0    136.401  
 15.3846153846    136.534  
 0.0    136.667  
 15.5384615385    136.801  
 0.0    136.934  
 15.6923076923    137.068  
 0.0    137.201  
 15.8461538462    137.335  
 0.0    137.468  
 16.0    137.602  
 0.0    137.735  
 16.1538461538    137.868  
 0.0    138.002  
 16.3076923077    138.135  
 0.0    138.268  
 16.4615384615    138.402  
 0.0    138.535  
 16.6153846154    138.669  
 0.0    138.802  
 16.7692307692    138.936  
 0.0    139.069  
 16.9230769231    139.203  
 0.0    139.336  
 17.0769230769    139.47  
 0.0    139.603  
 17.2307692308    139.737  
 0.0    139.87  
 17.3846153846    140.003  
 0.0    140.137  
 17.5384615385    140.27  
 0.0    140.404  
 17.6923076923    140.537  
 0.0    140.671  
 17.8461538462    140.804  
 0.0    140.937  
 18.0    141.071  
 0.0    141.204  
 18.1538461538    141.338  
 0.0    141.471  
 18.3076923077    141.605  
 0.0    141.738  
 18.4615384615    141.871  
 0.0    142.005  
 18.6153846154    142.138  
 0.0    142.271  
 18.7692307692    142.405  
 0.0    142.538  
 18.9230769231    142.672  
 0.0    142.805  
 19.0769230769    142.939  
 0.0    143.072  
 19.2307692308    143.206  
 0.0    143.339  
 19.3846153846    143.473  
 0.0    143.606  
 19.5384615385    143.74  
 0.0    143.873  
 19.6923076923    144.007  
 0.0    144.14  
 19.8461538462    144.273  
 0.0    144.417  
 4.0    144.556  
 0.0    144.69  
 4.15384615385    144.823  
 0.0    144.957  
 4.30769230769    145.09  
 0.0    145.224  
 4.46153846154    145.357  
 0.0    145.491  
 4.61538461538    145.624  
 0.0    145.757  
 4.76923076923    145.891  
 0.0    146.024  
 4.92307692308    146.158  
 0.0    146.291  
 5.07692307692    146.425  
 0.0    146.558  
 5.23076923077    146.691  
 0.0    146.825  
 5.38461538462    146.958  
 0.0    147.092  
 5.53846153846    147.225  
 0.0    147.359  
 5.69230769231    147.493  
 0.0    147.626  
 5.84615384615    147.759  
 0.0    147.892  
 6.0    148.026  
 0.0    148.159  
 6.15384615385    148.292  
 0.0    148.426  
 6.30769230769    148.559  
 0.0    148.693  
 6.46153846154    148.826  
 0.0    148.96  
 6.61538461538    149.093  
 0.0    149.226  
 6.76923076923    149.36  
 0.0    149.493  
 6.92307692308    149.627  
 0.0    149.76  
 7.07692307692    149.894  
 0.0    150.027  
 7.23076923077    150.161  
 0.0    150.294  
 7.38461538462    150.427  
 0.0    150.561  
 7.53846153846    150.695  
 0.0    150.828  
 7.69230769231    150.962  
 0.0    151.094  
 7.84615384615    151.228  
 0.0    151.361  
 8.0    151.495  
 0.0    151.628  
 8.15384615385    151.762  
 0.0    151.895  
 8.30769230769    152.029  
 0.0    152.162  
 8.46153846154    152.296  
 0.0    152.429  
 8.61538461538    152.562  
 0.0    152.696  
 8.76923076923    152.829  
 0.0    152.963  
 8.92307692308    153.096  
 0.0    153.229  
 9.07692307692    153.363  
 0.0    153.496  
 9.23076923077    153.63  
 0.0    153.763  
 9.38461538462    153.897  
 0.0    154.031  
 9.53846153846    154.164  
 0.0    154.297  
 9.69230769231    154.43  
 0.0    154.564  
 9.84615384615    154.697  
 0.0    154.831  
 10.0    154.964  
 0.0    155.097  
 10.1538461538    155.231  
 0.0    155.364  
 10.3076923077    155.498  
 0.0    155.631  
 10.4615384615    155.765  
 0.0    155.898  
 10.6153846154    156.032  
 0.0    156.165  
 10.7692307692    156.298  
 0.0    156.432  
 10.9230769231    156.565  
 0.0    156.699  
 11.0769230769    156.832  
 0.0    156.965  
 11.2307692308    157.099  
 0.0    157.232  
 11.3846153846    157.367  
 0.0    157.499  
 11.5384615385    157.633  
 0.0    157.766  
 11.6923076923    157.9  
 0.0    158.033  
 11.8461538462    158.167  
 0.0    158.3  
 12.0    158.433  
 0.0    158.567  
 12.1538461538    158.7  
 0.0    158.834  
 12.3076923077    158.967  
 0.0    159.1  
 12.4615384615    159.234  
 0.0    159.367  
 12.6153846154    159.501  
 0.0    159.634  
 12.7692307692    159.768  
 0.0    159.901  
 12.9230769231    160.035  
 0.0    160.168  
 13.0769230769    160.301  
 0.0    160.435  
 13.2307692308    160.568  
 0.0    160.703  
 13.3846153846    160.836  
 0.0    160.968  
 13.5384615385    161.102  
 0.0    161.235  
 13.6923076923    161.369  
 0.0    161.502  
 13.8461538462    161.636  
 0.0    161.769  
 14.0    161.903  
 0.0    162.036  
 14.1538461538    162.169  
 0.0    162.303  
 14.3076923077    162.436  
 0.0    162.57  
 14.4615384615    162.703  
 0.0    162.836  
 14.6153846154    162.97  
 0.0    163.103  
 14.7692307692    163.237  
 0.0    163.37  
 14.9230769231    163.504  
 0.0    163.637  
 15.0769230769    163.77  
 0.0    163.904  
 15.2307692308    164.038  
 0.0    164.171  
 15.3846153846    164.304  
 0.0    164.438  
 15.5384615385    164.571  
 0.0    164.704  
 15.6923076923    164.838  
 0.0    164.971  
 15.8461538462    165.105  
 0.0    165.238  
 16.0    165.372  
 0.0    165.505  
 16.1538461538    165.639  
 0.0    165.772  
 16.3076923077    165.905  
 0.0    166.039  
 16.4615384615    166.172  
 0.0    166.306  
 16.6153846154    166.439  
 0.0    166.572  
 16.7692307692    166.706  
 0.0    166.839  
 16.9230769231    166.973  
 0.0    167.106  
 17.0769230769    167.24  
 0.0    167.374  
 17.2307692308    167.507  
 0.0    167.64  
 17.3846153846    167.773  
 0.0    167.907  
 17.5384615385    168.04  
 0.0    168.174  
 17.6923076923    168.307  
 0.0    168.44  
 17.8461538462    168.574  
 0.0    168.707  
 18.0    168.841  
 0.0    168.974  
 18.1538461538    169.108  
 0.0    169.241  
 18.3076923077    169.375  
 0.0    169.508  
 18.4615384615    169.642  
 0.0    169.775  
 18.6153846154    169.908  
 0.0    170.042  
 18.7692307692    170.175  
 0.0    170.308  
 18.9230769231    170.442  
 0.0    170.575  
 19.0769230769    170.71  
 0.0    170.843  
 19.2307692308    170.976  
 0.0    171.109  
 19.3846153846    171.243  
 0.0    171.376  
 19.5384615385    171.509  
 0.0    171.643  
 19.6923076923    171.776  
 0.0    171.91  
 19.8461538462    172.043  
 0.0    172.187  
 4.0    172.326  
 0.0    172.46  
 4.15384615385    172.594  
 0.0    172.727  
 4.30769230769    172.86  
 0.0    172.993  
 4.46153846154    173.127  
 0.0    173.261  
 4.61538461538    173.394  
 0.0    173.527  
 4.76923076923    173.661  
 0.0    173.794  
 4.92307692308    173.928  
 0.0    174.062  
 5.07692307692    174.195  
 0.0    174.328  
 5.23076923077    174.462  
 0.0    174.595  
 5.38461538462    174.728  
 0.0    174.862  
 5.53846153846    174.995  
 0.0    175.129  
 5.69230769231    175.262  
 0.0    175.395  
 5.84615384615    175.529  
 0.0    175.662  
 6.0    175.796  
 0.0    175.929  
 6.15384615385    176.063  
 0.0    176.196  
 6.30769230769    176.33  
 0.0    176.463  
 6.46153846154    176.596  
 0.0    176.73  
 6.61538461538    176.863  
 0.0    176.996  
 6.76923076923    177.13  
 0.0    177.263  
 6.92307692308    177.398  
 0.0    177.531  
 7.07692307692    177.664  
 0.0    177.797  
 7.23076923077    177.931  
 0.0    178.064  
 7.38461538462    178.198  
 0.0    178.331  
 7.53846153846    178.464  
 0.0    178.598  
 7.69230769231    178.731  
 0.0    178.864  
 7.84615384615    178.998  
 0.0    179.131  
 8.0    179.265  
 0.0    179.398  
 8.15384615385    179.532  
 0.0    179.665  
 8.30769230769    179.799  
 0.0    179.932  
 8.46153846154    180.066  
 0.0    180.199  
 8.61538461538    180.332  
 0.0    180.465  
 8.76923076923    180.599  
 0.0    180.733  
 8.92307692308    180.866  
 0.0    180.999  
 9.07692307692    181.133  
 0.0    181.266  
 9.23076923077    181.4  
 0.0    181.533  
 9.38461538462    181.667  
 0.0    181.8  
 9.53846153846    181.934  
 0.0    182.067  
 9.69230769231    182.201  
 0.0    182.333  
 9.84615384615    182.467  
 0.0    182.601  
 10.0    182.734  
 0.0    182.867  
 10.1538461538    183.001  
 0.0    183.135  
 10.3076923077    183.268  
 0.0    183.401  
 10.4615384615    183.535  
 0.0    183.668  
 10.6153846154    183.802  
 0.0    183.935  
 10.7692307692    184.069  
 0.0    184.202  
 10.9230769231    184.335  
 0.0    184.469  
 11.0769230769    184.602  
 0.0    184.735  
 11.2307692308    184.869  
 0.0    185.003  
 11.3846153846    185.136  
 0.0    185.269  
 11.5384615385    185.403  
 0.0    185.536  
 11.6923076923    185.67  
 0.0    185.803  
 11.8461538462    185.937  
 0.0    186.07  
 12.0    186.204  
 0.0    186.337  
 12.1538461538    186.47  
 0.0    186.604  
 12.3076923077    186.737  
 0.0    186.871  
 12.4615384615    187.004  
 0.0    187.137  
 12.6153846154    187.277  
 0.0    187.42  
 12.7692307692    187.554  
 0.0    187.688  
 12.9230769231    187.821  
 0.0    187.955  
 13.0769230769    188.088  
 0.0    188.222  
 13.2307692308    188.355  
 0.0    188.488  
 13.3846153846    188.622  
 0.0    188.755  
 13.5384615385    188.889  
 0.0    189.022  
 13.6923076923    189.156  
 0.0    189.289  
 13.8461538462    189.423  
 0.0    189.556  
 14.0    189.689  
 0.0    189.823  
 14.1538461538    189.956  
 0.0    190.09  
 14.3076923077    190.223  
 0.0    190.356  
 14.4615384615    190.49  
 0.0    190.623  
 14.6153846154    190.758  
 0.0    190.891  
 14.7692307692    191.024  
 0.0    191.157  
 14.9230769231    191.291  
 0.0    191.424  
 15.0769230769    191.558  
 0.0    191.691  
 15.2307692308    191.824  
 0.0    191.958  
 15.3846153846    192.091  
 0.0    192.224  
 15.5384615385    192.358  
 0.0    192.491  
 15.6923076923    192.625  
 0.0    192.758  
 15.8461538462    192.892  
 0.0    193.025  
 16.0    193.158  
 0.0    193.292  
 16.1538461538    193.425  
 0.0    193.559  
 16.3076923077    193.692  
 0.0    193.826  
 16.4615384615    193.959  
 0.0    194.093  
 16.6153846154    194.226  
 0.0    194.359  
 16.7692307692    194.493  
 0.0    194.626  
 16.9230769231    194.76  
 0.0    194.893  
 17.0769230769    195.027  
 0.0    195.16  
 17.2307692308    195.293  
 0.0    195.427  
 17.3846153846    195.56  
 0.0    195.694  
 17.5384615385    195.827  
 0.0    195.96  
 17.6923076923    196.094  
 0.0    196.227  
 17.8461538462    196.361  
 0.0    196.494  
 18.0    196.628  
 0.0    196.761  
 18.1538461538    196.894  
 0.0    197.028  
 18.3076923077    197.161  
 0.0    197.295  
 18.4615384615    197.429  
 0.0    197.562  
 18.6153846154    197.696  
 0.0    197.829  
 18.7692307692    197.962  
 0.0    198.095  
 18.9230769231    198.229  
 0.0    198.362  
 19.0769230769    198.496  
 0.0    198.629  
 19.2307692308    198.763  
 0.0    198.896  
 19.3846153846    199.029  
 0.0    199.163  
 19.5384615385    199.296  
 0.0    199.43  
 19.6923076923    199.563  
 0.0    199.696  
 19.8461538462    199.83  
 0.0    199.975  
 4.0    200.113  
 0.0    200.247  
 4.15384615385    200.38  
 0.0    200.514  
 4.30769230769    200.647  
 0.0    200.781  
 4.46153846154    200.914  
 0.0    201.047  
 4.61538461538    201.181  
 0.0    201.314  
 4.76923076923    201.448  
 0.0    201.581  
 4.92307692308    201.715  
 0.0    201.848  
 5.07692307692    201.981  
 0.0    202.115  
 5.23076923077    202.248  
 0.0    202.382  
 5.38461538462    202.515  
 0.0    202.649  
 5.53846153846    202.782  
 0.0    202.915  
 5.69230769231    203.049  
 0.0    203.182  
 5.84615384615    203.316  
 0.0    203.449  
 6.0    203.583  
 0.0    203.716  
 6.15384615385    203.849  
 0.0    203.983  
 6.30769230769    204.117  
 0.0    204.25  
 6.46153846154    204.383  
 0.0    204.517  
 6.61538461538    204.65  
 0.0    204.784  
 6.76923076923    204.917  
 0.0    205.05  
 6.92307692308    205.184  
 0.0    205.317  
 7.07692307692    205.451  
 0.0    205.584  
 7.23076923077    205.717  
 0.0    205.851  
 7.38461538462    205.984  
 0.0    206.118  
 7.53846153846    206.251  
 0.0    206.385  
 7.69230769231    206.518  
 0.0    206.651  
 7.84615384615    206.785  
 0.0    206.918  
 8.0    207.052  
 0.0    207.185  
 8.15384615385    207.322  
 0.0    207.456  
 8.30769230769    207.589  
 0.0    207.722  
 8.46153846154    207.856  
 0.0    207.989  
 8.61538461538    208.122  
 0.0    208.255  
 8.76923076923    208.388  
 0.0    208.521  
 8.92307692308    208.655  
 0.0    208.788  
 9.07692307692    208.921  
 0.0    209.054  
 9.23076923077    209.187  
 0.0    209.321  
 9.38461538462    209.454  
 0.0    209.587  
 9.53846153846    209.72  
 0.0    209.854  
 9.69230769231    209.987  
 0.0    210.121  
 9.84615384615    210.254  
 0.0    210.388  
 10.0    210.521  
 0.0    210.654  
 10.1538461538    210.789  
 0.0    210.922  
 10.3076923077    211.055  
 0.0    211.188  
 10.4615384615    211.322  
 0.0    211.455  
 10.6153846154    211.588  
 0.0    211.722  
 10.7692307692    211.855  
 0.0    211.989  
 10.9230769231    212.122  
 0.0    212.255  
 11.0769230769    212.389  
 0.0    212.522  
 11.2307692308    212.656  
 0.0    212.789  
 11.3846153846    212.923  
 0.0    213.056  
 11.5384615385    213.19  
 0.0    213.323  
 11.6923076923    213.456  
 0.0    213.59  
 11.8461538462    213.723  
 0.0    213.857  
 12.0    213.99  
 0.0    214.124  
 12.1538461538    214.258  
 0.0    214.39  
 12.3076923077    214.524  
 0.0    214.657  
 12.4615384615    214.791  
 0.0    214.924  
 12.6153846154    215.058  
 0.0    215.191  
 12.7692307692    215.325  
 0.0    215.458  
 12.9230769231    215.591  
 0.0    215.725  
 13.0769230769    215.858  
 0.0    215.992  
 13.2307692308    216.125  
 0.0    216.259  
 13.3846153846    216.392  
 0.0    216.526  
 13.5384615385    216.659  
 0.0    216.793  
 13.6923076923    216.926  
 0.0    217.06  
 13.8461538462    217.193  
 0.0    217.326  
 14.0    217.46  
 0.0    217.594  
 14.1538461538    217.727  
 0.0    217.86  
 14.3076923077    217.993  
 0.0    218.126  
 14.4615384615    218.26  
 0.0    218.393  
 14.6153846154    218.527  
 0.0    218.66  
 14.7692307692    218.794  
 0.0    218.927  
 14.9230769231    219.061  
 0.0    219.194  
 15.0769230769    219.327  
 0.0    219.461  
 15.2307692308    219.594  
 0.0    219.728  
 15.3846153846    219.861  
 0.0    219.994  
 15.5384615385    220.128  
 0.0    220.261  
 15.6923076923    220.395  
 0.0    220.528  
 15.8461538462    220.662  
 0.0    220.796  
 16.0    220.929  
 0.0    221.062  
 16.1538461538    221.195  
 0.0    221.329  
 16.3076923077    221.463  
 0.0    221.596  
 16.4615384615    221.73  
 0.0    221.863  
 16.6153846154    221.996  
 0.0    222.129  
 16.7692307692    222.263  
 0.0    222.396  
 16.9230769231    222.53  
 0.0    222.663  
 17.0769230769    222.797  
 0.0    222.93  
 17.2307692308    223.063  
 0.0    223.197  
 17.3846153846    223.33  
 0.0    223.464  
 17.5384615385    223.597  
 0.0    223.731  
 17.6923076923    223.864  
 0.0    223.997  
 17.8461538462    224.134  
 0.0    224.267  
 18.0    224.4  
 0.0    224.534  
 18.1538461538    224.667  
 0.0    224.8  
 18.3076923077    224.934  
 0.0    225.067  
 18.4615384615    225.2  
 0.0    225.333  
 18.6153846154    225.467  
 0.0    225.6  
 18.7692307692    225.733  
 0.0    225.866  
 18.9230769231    226.0  
 0.0    226.133  
 19.0769230769    226.266  
 0.0    226.4  
 19.2307692308    226.533  
 0.0    226.667  
 19.3846153846    226.8  
 0.0    226.933  
 19.5384615385    227.067  
 0.0    227.2  
 19.6923076923    227.333  
 0.0    227.467  
 19.8461538462    227.601  
 0.0    227.746  
 4.0    227.883  
 0.0    228.017  
 4.15384615385    228.15  
 0.0    228.284  
 4.30769230769    228.417  
 0.0    228.551  
 4.46153846154    228.684  
 0.0    228.817  
 4.61538461538    228.951  
 0.0    229.084  
 4.76923076923    229.218  
 0.0    229.351  
 4.92307692308    229.485  
 0.0    229.618  
 5.07692307692    229.752  
 0.0    229.885  
 5.23076923077    230.018  
 0.0    230.152  
 5.38461538462    230.285  
 0.0    230.419  
 5.53846153846    230.552  
 0.0    230.686  
 5.69230769231    230.82  
 0.0    230.953  
 5.84615384615    231.086  
 0.0    231.22  
 6.0    231.353  
 0.0    231.486  
 6.15384615385    231.62  
 0.0    231.753  
 6.30769230769    231.886  
 0.0    232.02  
 6.46153846154    232.153  
 0.0    232.287  
 6.61538461538    232.42  
 0.0    232.554  
 6.76923076923    232.687  
 0.0    232.821  
 6.92307692308    232.954  
 0.0    233.087  
 7.07692307692    233.221  
 0.0    233.354  
 7.23076923077    233.488  
 0.0    233.621  
 7.38461538462    233.754  
 0.0    233.888  
 7.53846153846    234.021  
 0.0    234.156  
 7.69230769231    234.289  
 0.0    234.422  
 7.84615384615    234.556  
 0.0    234.689  
 8.0    234.822  
 0.0    234.956  
 8.15384615385    235.089  
 0.0    235.223  
 8.30769230769    235.356  
 0.0    235.489  
 8.46153846154    235.623  
 0.0    235.756  
 8.61538461538    235.889  
 0.0    236.023  
 8.76923076923    236.156  
 0.0    236.29  
 8.92307692308    236.423  
 0.0    236.556  
 9.07692307692    236.69  
 0.0    236.823  
 9.23076923077    236.957  
 0.0    237.09  
 9.38461538462    237.224  
 0.0    237.357  
 9.53846153846    237.492  
 0.0    237.625  
 9.69230769231    237.758  
 0.0    237.891  
 9.84615384615    238.025  
 0.0    238.158  
 10.0    238.291  
 0.0    238.425  
 10.1538461538    238.558  
 0.0    238.691  
 10.3076923077    238.825  
 0.0    238.958  
 10.4615384615    239.092  
 0.0    239.225  
 10.6153846154    239.359  
 0.0    239.492  
 10.7692307692    239.625  
 0.0    239.759  
 10.9230769231    239.893  
 0.0    240.026  
 11.0769230769    240.16  
 0.0    240.293  
 11.2307692308    240.427  
 0.0    240.561  
 11.3846153846    240.695  
 0.0    240.829  
 11.5384615385    240.962  
 0.0    241.096  
 11.6923076923    241.229  
 0.0    241.362  
 11.8461538462    241.496  
 0.0    241.629  
 12.0    241.763  
 0.0    241.896  
 12.1538461538    242.029  
 0.0    242.162  
 12.3076923077    242.296  
 0.0    242.429  
 12.4615384615    242.563  
 0.0    242.696  
 12.6153846154    242.829  
 0.0    242.963  
 12.7692307692    243.096  
 0.0    243.229  
 12.9230769231    243.363  
 0.0    243.496  
 13.0769230769    243.629  
 0.0    243.762  
 13.2307692308    243.896  
 0.0    244.029  
 13.3846153846    244.163  
 0.0    244.296  
 13.5384615385    244.43  
 0.0    244.563  
 13.6923076923    244.697  
 0.0    244.83  
 13.8461538462    244.963  
 0.0    245.096  
 14.0    245.23  
 0.0    245.363  
 14.1538461538    245.497  
 0.0    245.63  
 14.3076923077    245.764  
 0.0    245.897  
 14.4615384615    246.031  
 0.0    246.165  
 14.6153846154    246.298  
 0.0    246.431  
 14.7692307692    246.565  
 0.0    246.698  
 14.9230769231    246.831  
 0.0    246.965  
 15.0769230769    247.098  
 0.0    247.231  
 15.2307692308    247.365  
 0.0    247.499  
 15.3846153846    247.632  
 0.0    247.765  
 15.5384615385    247.899  
 0.0    248.032  
 15.6923076923    248.166  
 0.0    248.299  
 15.8461538462    248.432  
 0.0    248.565  
 16.0    248.699  
 0.0    248.832  
 16.1538461538    248.966  
 0.0    249.099  
 16.3076923077    249.232  
 0.0    249.366  
 16.4615384615    249.499  
 0.0    249.633  
 16.6153846154    249.766  
 0.0    249.899  
 16.7692307692    250.033  
 0.0    250.166  
 16.9230769231    250.3  
 0.0    250.433  
 17.0769230769    250.567  
 0.0    250.7  
 17.2307692308    250.835  
 0.0    250.968  
 17.3846153846    251.102  
 0.0    251.235  
 17.5384615385    251.369  
 0.0    251.502  
 17.6923076923    251.636  
 0.0    251.77  
 17.8461538462    251.903  
 0.0    252.037  
 18.0    252.171  
 0.0    252.304  
 18.1538461538    252.438  
 0.0    252.571  
 18.3076923077    252.705  
 0.0    252.838  
 18.4615384615    252.972  
 0.0    253.105  
 18.6153846154    253.239  
 0.0    253.372  
 18.7692307692    253.505  
 0.0    253.639  
 18.9230769231    253.772  
 0.0    253.905  
 19.0769230769    254.039  
 0.0    254.172  
 19.2307692308    254.306  
 0.0    254.439  
 19.3846153846    254.573  
 0.0    254.706  
 19.5384615385    254.84  
 0.0    254.973  
 19.6923076923    255.106  
 0.0    255.24  
 19.8461538462    255.373  
 0.0    255.519  
 4.0    255.653  
 0.0    255.787  
 4.15384615385    255.921  
 0.0    256.054  
 4.30769230769    256.187  
 0.0    256.321  
 4.46153846154    256.454  
 0.0    256.588  
 4.61538461538    256.721  
 0.0    256.855  
 4.76923076923    256.988  
 0.0    257.121  
 4.92307692308    257.255  
 0.0    257.388  
 5.07692307692    257.522  
 0.0    257.656  
 5.23076923077    257.789  
 0.0    257.922  
 5.38461538462    258.055  
 0.0    258.189  
 5.53846153846    258.322  
 0.0    258.456  
 5.69230769231    258.589  
 0.0    258.723  
 5.84615384615    258.856  
 0.0    258.989  
 6.0    259.123  
 0.0    259.256  
 6.15384615385    259.39  
 0.0    259.523  
 6.30769230769    259.657  
 0.0    259.79  
 6.46153846154    259.924  
 0.0    260.057  
 6.61538461538    260.191  
 0.0    260.324  
 6.76923076923    260.458  
 0.0    260.591  
 6.92307692308    260.724  
 0.0    260.858  
 7.07692307692    260.992  
 0.0    261.125  
 7.23076923077    261.258  
 0.0    261.392  
 7.38461538462    261.525  
 0.0    261.658  
 7.53846153846    261.792  
 0.0    261.925  
 7.69230769231    262.059  
 0.0    262.192  
 7.84615384615    262.326  
 0.0    262.459  
 8.0    262.592  
 0.0    262.725  
 8.15384615385    262.859  
 0.0    262.992  
 8.30769230769    263.126  
 0.0    263.259  
 8.46153846154    263.393  
 0.0    263.526  
 8.61538461538    263.66  
 0.0    263.793  
 8.76923076923    263.926  
 0.0    264.06  
 8.92307692308    264.194  
 0.0    264.328  
 9.07692307692    264.461  
 0.0    264.594  
 9.23076923077    264.728  
 0.0    264.861  
 9.38461538462    264.995  
 0.0    265.129  
 9.53846153846    265.262  
 0.0    265.395  
 9.69230769231    265.529  
 0.0    265.662  
 9.84615384615    265.795  
 0.0    265.929  
 10.0    266.062  
 0.0    266.195  
 10.1538461538    266.329  
 0.0    266.462  
 10.3076923077    266.596  
 0.0    266.729  
 10.4615384615    266.862  
 0.0    266.996  
 10.6153846154    267.129  
 0.0    267.263  
 10.7692307692    267.396  
 0.0    267.53  
 10.9230769231    267.663  
 0.0    267.797  
 11.0769230769    267.93  
 0.0    268.064  
 11.2307692308    268.197  
 0.0    268.331  
 11.3846153846    268.465  
 0.0    268.598  
 11.5384615385    268.732  
 0.0    268.865  
 11.6923076923    268.999  
 0.0    269.132  
 11.8461538462    269.265  
 0.0    269.399  
 12.0    269.532  
 0.0    269.665  
 12.1538461538    269.799  
 0.0    269.932  
 12.3076923077    270.066  
 0.0    270.199  
 12.4615384615    270.333  
 0.0    270.466  
 12.6153846154    270.6  
 0.0    270.733  
 12.7692307692    270.867  
 0.0    271.0  
 12.9230769231    271.133  
 0.0    271.267  
 13.0769230769    271.4  
 0.0    271.534  
 13.2307692308    271.667  
 0.0    271.801  
 13.3846153846    271.934  
 0.0    272.067  
 13.5384615385    272.201  
 0.0    272.334  
 13.6923076923    272.468  
 0.0    272.601  
 13.8461538462    272.735  
 0.0    272.868  
 14.0    273.001  
 0.0    273.135  
 14.1538461538    273.268  
 0.0    273.401  
 14.3076923077    273.535  
 0.0    273.668  
 14.4615384615    273.802  
 0.0    273.935  
 14.6153846154    274.069  
 0.0    274.203  
 14.7692307692    274.336  
 0.0    274.469  
 14.9230769231    274.603  
 0.0    274.736  
 15.0769230769    274.87  
 0.0    275.004  
 15.2307692308    275.137  
 0.0    275.271  
 15.3846153846    275.405  
 0.0    275.538  
 15.5384615385    275.672  
 0.0    275.805  
 15.6923076923    275.939  
 0.0    276.072  
 15.8461538462    276.206  
 0.0    276.339  
 16.0    276.472  
 0.0    276.606  
 16.1538461538    276.739  
 0.0    276.873  
 16.3076923077    277.006  
 0.0    277.139  
 16.4615384615    277.273  
 0.0    277.406  
 16.6153846154    277.54  
 0.0    277.673  
 16.7692307692    277.807  
 0.0    277.94  
 16.9230769231    278.073  
 0.0    278.207  
 17.0769230769    278.34  
 0.0    278.474  
 17.2307692308    278.607  
 0.0    278.741  
 17.3846153846    278.874  
 0.0    279.007  
 17.5384615385    279.141  
 0.0    279.274  
 17.6923076923    279.408  
 0.0    279.541  
 17.8461538462    279.674  
 0.0    279.808  
 18.0    279.941  
 0.0    280.075  
 18.1538461538    280.209  
 0.0    280.342  
 18.3076923077    280.476  
 0.0    280.621  
 18.4615384615    280.755  
 0.0    280.89  
 18.6153846154    281.023  
 0.0    281.156  
 18.7692307692    281.29  
 0.0    281.423  
 18.9230769231    281.557  
 0.0    281.69  
 19.0769230769    281.824  
 0.0    281.957  
 19.2307692308    282.091  
 0.0    282.224  
 19.3846153846    282.358  
 0.0    282.491  
 19.5384615385    282.625  
 0.0    282.758  
 19.6923076923    282.892  
 0.0    283.026  
 19.8461538462    283.16  
 0.0    283.307  
 4.0    283.44  
 0.0    283.574  
 4.15384615385    283.707  
 0.0    283.841  
 4.30769230769    283.974  
 0.0    284.108  
 4.46153846154    284.242  
 0.0    284.375  
 4.61538461538    284.509  
 0.0    284.642  
 4.76923076923    284.776  
 0.0    284.909  
 4.92307692308    285.042  
 0.0    285.176  
 5.07692307692    285.309  
 0.0    285.443  
 5.23076923077    285.576  
 0.0    285.71  
 5.38461538462    285.843  
 0.0    285.976  
 5.53846153846    286.11  
 0.0    286.243  
 5.69230769231    286.377  
 0.0    286.51  
 5.84615384615    286.644  
 0.0    286.777  
 6.0    286.91  
 0.0    287.043  
 6.15384615385    287.177  
 0.0    287.31  
 6.30769230769    287.444  
 0.0    287.578  
 6.46153846154    287.711  
 0.0    287.844  
 6.61538461538    287.978  
 0.0    288.111  
 6.76923076923    288.245  
 0.0    288.378  
 6.92307692308    288.511  
 0.0    288.645  
 7.07692307692    288.778  
 0.0    288.912  
 7.23076923077    289.045  
 0.0    289.179  
 7.38461538462    289.313  
 0.0    289.446  
 7.53846153846    289.58  
 0.0    289.713  
 7.69230769231    289.847  
 0.0    289.98  
 7.84615384615    290.114  
 0.0    290.247  
 8.0    290.381  
 0.0    290.515  
 8.15384615385    290.649  
 0.0    290.782  
 8.30769230769    290.916  
 0.0    291.049  
 8.46153846154    291.183  
 0.0    291.316  
 8.61538461538    291.45  
 0.0    291.583  
 8.76923076923    291.717  
 0.0    291.85  
 8.92307692308    291.984  
 0.0    292.117  
 9.07692307692    292.251  
 0.0    292.384  
 9.23076923077    292.517  
 0.0    292.651  
 9.38461538462    292.784  
 0.0    292.917  
 9.53846153846    293.051  
 0.0    293.184  
 9.69230769231    293.318  
 0.0    293.451  
 9.84615384615    293.584  
 0.0    293.718  
 10.0    293.851  
 0.0    293.985  
 10.1538461538    294.118  
 0.0    294.252  
 10.3076923077    294.386  
 0.0    294.519  
 10.4615384615    294.652  
 0.0    294.786  
 10.6153846154    294.919  
 0.0    295.052  
 10.7692307692    295.186  
 0.0    295.319  
 10.9230769231    295.453  
 0.0    295.586  
 11.0769230769    295.719  
 0.0    295.853  
 11.2307692308    295.986  
 0.0    296.12  
 11.3846153846    296.253  
 0.0    296.387  
 11.5384615385    296.52  
 0.0    296.654  
 11.6923076923    296.787  
 0.0    296.92  
 11.8461538462    297.054  
 0.0    297.187  
 12.0    297.321  
 0.0    297.454  
 12.1538461538    297.588  
 0.0    297.721  
 12.3076923077    297.855  
 0.0    297.988  
 12.4615384615    298.122  
 0.0    298.255  
 12.6153846154    298.401  
 0.0    298.535  
 12.7692307692    298.668  
 0.0    298.802  
 12.9230769231    298.935  
 0.0    299.068  
 13.0769230769    299.202  
 0.0    299.335  
 13.2307692308    299.469  
 0.0    299.602  
 13.3846153846    299.736  
 0.0    299.869  
 13.5384615385    300.003  
 0.0    300.136  
 13.6923076923    300.27  
 0.0    300.403  
 13.8461538462    300.537  
 0.0    300.671  
 14.0    300.804  
 0.0    300.938  
 14.1538461538    301.072  
 0.0    301.206  
 14.3076923077    301.34  
 0.0    301.473  
 14.4615384615    301.607  
 0.0    301.741  
 14.6153846154    301.874  
 0.0    302.007  
 14.7692307692    302.141  
 0.0    302.274  
 14.9230769231    302.408  
 0.0    302.541  
 15.0769230769    302.675  
 0.0    302.808  
 15.2307692308    302.942  
 0.0    303.075  
 15.3846153846    303.209  
 0.0    303.342  
 15.5384615385    303.475  
 0.0    303.609  
 15.6923076923    303.742  
 0.0    303.875  
 15.8461538462    304.009  
 0.0    304.142  
 16.0    304.276  
 0.0    304.41  
 16.1538461538    304.543  
 0.0    304.676  
 16.3076923077    304.81  
 0.0    304.956  
 16.4615384615    305.09  
 0.0    305.223  
 16.6153846154    305.356  
 0.0    305.49  
 16.7692307692    305.623  
 0.0    305.757  
 16.9230769231    305.89  
 0.0    306.023  
 17.0769230769    306.157  
 0.0    306.291  
 17.2307692308    306.424  
 0.0    306.558  
 17.3846153846    306.692  
 0.0    306.826  
 17.5384615385    306.96  
 0.0    307.093  
 17.6923076923    307.227  
 0.0    307.36  
 17.8461538462    307.494  
 0.0    307.628  
 18.0    307.762  
 0.0    307.895  
 18.1538461538    308.029  
 0.0    308.162  
 18.3076923077    308.296  
 0.0    308.429  
 18.4615384615    308.563  
 0.0    308.696  
 18.6153846154    308.83  
 0.0    308.963  
 18.7692307692    309.097  
 0.0    309.242  
 18.9230769231    309.376  
 0.0    309.51  
 19.0769230769    309.644  
 0.0    309.777  
 19.2307692308    309.911  
 0.0    310.044  
 19.3846153846    310.178  
 0.0    310.312  
 19.5384615385    310.445  
 0.0    310.579  
 19.6923076923    310.713  
 0.0    310.846  
 19.8461538462    310.98  
