 [4.4615384615384617, 5.2307692307692299, 10.615384615384611, 16.615384615384606]  
 [34.275, 35.608, 44.949, 55.356]  
 [34.941, 36.143, 45.482, 55.89]  
 [4.9230769230769225, 11.846153846153841, 17.999999999999989, 17.999999999999989]  
 [62.845, 74.854, 85.528]  
 [63.379, 75.387, 86.062]  
 [15.07692307692307, 15.538461538461531, 17.230769230769219, 18.153846153846146]  
 [108.228, 109.028, 111.964, 113.565]  
 [108.762, 109.696, 112.631, 114.1]  
 [15.538461538461531, 16.307692307692299, 18.153846153846146, 18.769230769230759]  
 [136.799, 138.133, 141.335, 142.402]  
 [137.334, 138.667, 141.869, 142.936]  
 [6.6153846153846141, 7.6923076923076898, 10.15384615384615, 12.153846153846148]  
 [149.091, 150.96, 155.229, 158.698]  
 [149.625, 151.492, 155.896]  
 [11.076923076923073, 16.461538461538453, 16.461538461538453, 17.230769230769219]  
 [184.6, 193.957, 195.291]  
 [185.134, 194.491, 195.825]  
 [10.307692307692303, 13.538461538461533, 15.230769230769223, 15.846153846153838]  
 [211.053, 216.657, 219.592, 220.659]  
 [217.191, 220.126, 221.194]  
 [6.4615384615384599, 7.5384615384615365, 9.9999999999999964, 17.076923076923066]  
 [232.151, 234.02, 238.289, 250.564]  
 [232.818, 234.554]  
 [5.8461538461538449, 10.769230769230765, 14.615384615384608, 19.384615384615373]  
 [258.854, 267.394, 274.067, 282.356]  
 [259.388, 267.928, 274.601, 283.024]  
 [4.9230769230769225, 7.6923076923076898, 7.9999999999999973, 19.538461538461526]  
 [285.04, 289.845, 290.379, 310.443]  
 [285.841, 290.513]  
