 type    delay1    delay2    T    NT1    NT2    Dist    Dist_NT1    Dist_NT2    distance_T_dist    cue    order    orient    horiz_vertical    A_R    A_err    Abs_angle_error    Error_interference    A_DC    A_DC_dist    Q_DC    A_DF    A_DF_dist    Q_DF    A_DVF    Q_DVF    A_DVF_dist    Q_DVF_dist    presentation_att_cue_time    presentation_target_time    presentation_dist_time    presentation_probe_time    R_T    trial_time    disp_time  
 1.0    0.2    11.8    221.0    58.0    297.0    203.6    29.4    133.0    17.4    3.0    1.0    -1.0    0.0    238.0    -17.0    17.0    -17.0    221.0    203.6    3.0    58.0    29.4    1.0    297.0    4.0    133.0    2.0    55.732    56.772    57.329    69.481    5.026    74.507    14.25  
 1.0    0.2    12.0    136.0    61.0    205.0    122.3    31.8    306.0    13.7    2.0    2.0    -1.0    1.0    154.0    -18.0    18.0    -18.0    136.0    122.3    2.0    61.0    31.8    1.0    205.0    3.0    306.0    4.0    75.144    76.711    76.155    89.065    5.023    94.088    14.419  
 3.0    0.2    11.8    334.0    228.0    69.0    142.0    214.9    40.7    168.0    4.0    1.0    0.0    0.0    342.0    -8.0    8.0    8.0    228.0    214.9    3.0    69.0    40.7    1.0    334.0    4.0    142.0    2.0    94.725    95.737    96.292    108.447    5.022    113.469    14.22  
 1.0    0.2    12.0    207.0    35.0    308.0    226.5    56.0    122.0    19.5    3.0    2.0    1.0    0.0    241.0    -34.0    34.0    34.0    207.0    226.5    3.0    35.0    56.0    1.0    308.0    4.0    122.0    2.0    114.106    115.675    115.118    128.028    5.021    133.049    14.421  
 3.0    0.2    12.0    124.0    61.0    231.0    295.0    48.5    204.9    171.0    2.0    2.0    0.0    1.0    102.0    22.0    22.0    22.0    61.0    48.5    1.0    231.0    204.9    3.0    124.0    2.0    295.0    4.0    133.687    135.255    134.699    147.611    5.02    152.63    14.422  
 1.0    7.0    12.0    307.0    229.0    128.0    292.3    200.0    23.0    14.7    4.0    2.0    -1.0    1.0    342.0    -35.0    35.0    -35.0    307.0    292.3    4.0    229.0    200.0    3.0    128.0    2.0    23.0    1.0    153.268    161.635    154.28    173.989    5.027    179.016    21.22  
 1.0    0.2    11.8    299.0    117.0    37.0    316.5    145.4    210.0    17.5    4.0    1.0    1.0    0.0    336.0    -37.0    37.0    -37.0    299.0    316.5    4.0    117.0    145.4    2.0    37.0    1.0    210.0    3.0    179.653    180.665    181.221    193.376    5.02    198.397    14.221  
 1.0    0.2    12.0    303.0    111.0    63.0    316.0    138.9    216.0    13.0    4.0    2.0    1.0    1.0    307.0    -4.0    4.0    4.0    303.0    316.0    4.0    111.0    138.9    2.0    63.0    1.0    216.0    3.0    199.034    200.602    200.046    212.957    5.021    217.978    14.421  
 3.0    0.2    11.8    334.0    123.0    62.0    233.0    110.0    39.1    101.0    4.0    1.0    0.0    1.0    337.0    -3.0    3.0    -3.0    123.0    110.0    2.0    62.0    39.1    1.0    334.0    4.0    233.0    3.0    218.614    219.626    220.182    232.336    5.022    237.358    14.219  
 3.0    7.0    5.0    239.0    26.0    130.0    309.0    42.8    154.4    70.0    3.0    1.0    0.0    0.0    252.0    -13.0    13.0    13.0    26.0    42.8    1.0    130.0    154.4    2.0    239.0    3.0    309.0    4.0    237.995    239.008    246.364    251.718    5.021    256.739    14.221  
 1.0    7.0    5.0    290.0    130.0    212.0    300.4    155.5    53.0    10.4    4.0    1.0    1.0    1.0    289.0    1.0    1.0    -1.0    290.0    300.4    4.0    130.0    155.5    2.0    212.0    3.0    53.0    1.0    257.376    258.387    265.744    271.097    5.022    276.119    14.219  
 1.0    7.0    12.0    214.0    123.0    309.0    232.9    150.9    39.0    18.9    3.0    2.0    1.0    1.0    252.0    -38.0    38.0    -38.0    214.0    232.9    3.0    123.0    150.9    2.0    309.0    4.0    39.0    1.0    276.757    285.125    277.768    297.478    5.027    302.505    21.219  
 1.0    7.0    5.0    129.0    34.0    236.0    143.8    57.5    290.0    14.8    2.0    1.0    1.0    0.0    90.0    39.0    39.0    -39.0    129.0    143.8    2.0    34.0    57.5    1.0    236.0    3.0    290.0    4.0    303.143    304.155    311.513    316.866    5.02    321.886    14.222  
 1.0    7.0    5.0    203.0    35.0    137.0    218.6    58.7    290.0    15.6    3.0    1.0    1.0    1.0    196.0    7.0    7.0    -7.0    203.0    218.6    3.0    35.0    58.7    1.0    137.0    2.0    290.0    4.0    322.523    323.535    330.892    336.246    5.021    341.267    14.221  
 1.0    0.2    12.0    45.0    146.0    235.0    32.5    122.0    298.0    12.5    1.0    2.0    -1.0    1.0    44.0    1.0    1.0    1.0    45.0    32.5    1.0    146.0    122.0    2.0    235.0    3.0    298.0    4.0    341.905    343.474    342.918    355.827    5.02    360.848    14.422  
 3.0    7.0    5.0    304.0    238.0    49.0    151.0    223.9    24.8    153.0    4.0    1.0    0.0    1.0    305.0    -1.0    1.0    -1.0    238.0    223.9    3.0    49.0    24.8    1.0    304.0    4.0    151.0    2.0    361.485    362.497    369.853    375.207    5.021    380.228    14.221  
 1.0    7.0    5.0    143.0    62.0    248.0    125.1    37.6    333.0    17.9    2.0    1.0    -1.0    0.0    90.0    53.0    53.0    -53.0    143.0    125.1    2.0    62.0    37.6    1.0    248.0    3.0    333.0    4.0    380.865    381.877    389.233    394.587    5.022    399.609    14.22  
 1.0    7.0    12.0    316.0    45.0    110.0    301.2    20.5    224.0    14.8    4.0    2.0    -1.0    1.0    301.0    15.0    15.0    15.0    316.0    301.2    4.0    45.0    20.5    1.0    110.0    2.0    224.0    3.0    400.246    408.614    401.258    420.968    5.027    425.995    21.22  
 3.0    0.2    11.8    333.0    157.0    53.0    218.0    138.8    32.0    115.0    4.0    1.0    0.0    0.0    315.0    18.0    18.0    18.0    157.0    138.8    2.0    53.0    32.0    1.0    333.0    4.0    218.0    3.0    426.632    427.644    428.199    440.353    5.023    445.375    14.218  
 3.0    0.2    12.0    125.0    224.0    337.0    26.0    205.8    312.1    99.0    2.0    2.0    0.0    1.0    113.0    12.0    12.0    12.0    224.0    205.8    3.0    337.0    312.1    4.0    125.0    2.0    26.0    1.0    446.013    447.581    447.025    459.935    5.021    464.956    14.421  
 1.0    0.2    12.0    41.0    122.0    233.0    56.0    145.8    330.0    15.0    1.0    2.0    1.0    1.0    60.0    -19.0    19.0    19.0    41.0    56.0    1.0    122.0    145.8    2.0    233.0    3.0    330.0    4.0    465.593    467.16    466.605    479.514    5.023    484.537    14.42  
 1.0    7.0    5.0    227.0    337.0    46.0    215.0    311.9    154.0    12.0    3.0    1.0    -1.0    0.0    187.0    40.0    40.0    -40.0    227.0    215.0    3.0    337.0    311.9    4.0    46.0    1.0    154.0    2.0    485.175    486.187    493.541    498.896    5.021    503.918    14.221  
 1.0    7.0    12.0    334.0    57.0    154.0    321.5    34.4    214.0    12.5    4.0    2.0    -1.0    0.0    337.0    -3.0    3.0    -3.0    334.0    321.5    4.0    57.0    34.4    1.0    154.0    2.0    214.0    3.0    504.555    512.923    505.568    525.277    5.026    530.304    21.221  
 3.0    7.0    5.0    127.0    321.0    46.0    218.0    306.3    21.5    91.0    2.0    1.0    0.0    1.0    113.0    14.0    14.0    -14.0    321.0    306.3    4.0    46.0    21.5    1.0    127.0    2.0    218.0    3.0    530.941    531.953    539.309    544.663    5.021    549.684    14.221  
 3.0    7.0    5.0    154.0    226.0    31.0    291.0    242.3    51.2    137.0    2.0    1.0    0.0    1.0    170.0    -16.0    16.0    16.0    226.0    242.3    3.0    31.0    51.2    1.0    154.0    2.0    291.0    4.0    550.321    551.332    558.689    564.042    5.023    569.065    14.219  
 1.0    0.2    11.8    290.0    216.0    39.0    304.6    244.0    129.0    14.6    4.0    1.0    1.0    0.0    288.0    2.0    2.0    -2.0    290.0    304.6    4.0    216.0    244.0    3.0    39.0    1.0    129.0    2.0    569.702    570.715    571.271    583.424    5.022    588.446    14.22  
 3.0    7.0    12.0    123.0    301.0    208.0    54.0    315.3    236.7    69.0    2.0    2.0    0.0    0.0    116.0    7.0    7.0    7.0    301.0    315.3    4.0    208.0    236.7    3.0    123.0    2.0    54.0    1.0    589.083    597.451    590.095    609.805    5.026    614.831    21.22  
 3.0    7.0    12.0    309.0    20.0    123.0    228.0    34.1    143.2    81.0    4.0    2.0    0.0    0.0    297.0    12.0    12.0    12.0    20.0    34.1    1.0    123.0    143.2    2.0    309.0    4.0    228.0    3.0    615.469    623.836    616.48    636.191    5.026    641.217    21.221  
 55.112    55.112    55.112    55.112    55.112    55.112    55.112    55.112    55.112    55.112    55.112    55.112    55.112    55.112    55.112    55.112    55.112    55.112    55.112    55.112    55.112    55.112    55.112    55.112    55.112    55.112    55.112    55.112    55.112    55.112    55.112    55.112    55.112    55.112    55.112  
