 34.605    34.605  
 0.0    34.622  
 19.3846153846    34.757  
 0.0    34.891  
 19.5384615385    35.026  
 0.0    35.161  
 19.6923076923    35.306  
 0.0    35.44  
 19.8461538462    35.575  
 0.0    35.709  
 18.7692307692    35.844  
 0.0    35.978  
 18.9230769231    36.123  
 0.0    36.258  
 19.0769230769    36.392  
 0.0    36.526  
 19.2307692308    36.661  
 0.0    36.798  
 18.1538461538    36.94  
 0.0    37.075  
 18.3076923077    37.209  
 0.0    37.343  
 18.4615384615    37.479  
 0.0    37.622  
 18.6153846154    37.758  
 0.0    37.892  
 17.5384615385    38.027  
 0.0    38.161  
 17.6923076923    38.296  
 0.0    38.441  
 17.8461538462    38.576  
 0.0    38.711  
 18.0    38.846  
 0.0    38.98  
 16.9230769231    39.125  
 0.0    39.26  
 17.0769230769    39.394  
 0.0    39.529  
 17.2307692308    39.664  
 0.0    39.798  
 17.3846153846    39.942  
 0.0    40.077  
 16.3076923077    40.212  
 0.0    40.347  
 16.4615384615    40.481  
 0.0    40.625  
 16.6153846154    40.761  
 0.0    40.895  
 16.7692307692    41.029  
 0.0    41.164  
 15.6923076923    41.298  
 0.0    41.443  
 15.8461538462    41.578  
 0.0    41.713  
 16.0    41.847  
 0.0    41.982  
 16.1538461538    42.116  
 0.0    42.259  
 15.0769230769    42.395  
 0.0    42.53  
 15.2307692308    42.664  
 0.0    42.798  
 15.3846153846    42.933  
 0.0    43.076  
 15.5384615385    43.212  
 0.0    43.346  
 14.4615384615    43.481  
 0.0    43.615  
 14.6153846154    43.75  
 0.0    43.884  
 14.7692307692    44.029  
 0.0    44.163  
 14.9230769231    44.298  
 0.0    44.433  
 13.8461538462    44.567  
 0.0    44.701  
 14.0    44.846  
 0.0    44.981  
 14.1538461538    45.115  
 0.0    45.25  
 14.3076923077    45.384  
 0.0    45.519  
 13.2307692308    45.663  
 0.0    45.798  
 13.3846153846    45.933  
 0.0    46.067  
 13.5384615385    46.202  
 0.0    46.336  
 13.6923076923    46.48  
 0.0    46.615  
 12.6153846154    46.75  
 0.0    46.885  
 12.7692307692    47.019  
 0.0    47.163  
 12.9230769231    47.298  
 0.0    47.433  
 13.0769230769    47.567  
 0.0    47.702  
 12.0    47.837  
 0.0    47.98  
 12.1538461538    48.116  
 0.0    48.251  
 12.3076923077    48.386  
 0.0    48.52  
 12.4615384615    48.654  
 0.0    48.799  
 11.3846153846    48.934  
 0.0    49.068  
 11.5384615385    49.202  
 0.0    49.337  
 11.6923076923    49.471  
 0.0    49.614  
 11.8461538462    49.75  
 0.0    49.884  
 10.7692307692    50.019  
 0.0    50.153  
 10.9230769231    50.287  
 0.0    50.422  
 11.0769230769    50.567  
 0.0    50.701  
 11.2307692308    50.836  
 0.0    50.971  
 10.1538461538    51.106  
 0.0    51.251  
 10.3076923077    51.385  
 0.0    51.52  
 10.4615384615    51.654  
 0.0    51.788  
 10.6153846154    51.923  
 0.0    52.068  
 9.53846153846    52.203  
 0.0    52.337  
 9.69230769231    52.471  
 0.0    52.606  
 9.84615384615    52.74  
 0.0    52.883  
 10.0    53.02  
 0.0    53.154  
 8.92307692308    53.289  
 0.0    53.425  
 9.07692307692    53.569  
 0.0    53.704  
 9.23076923077    53.838  
 0.0    53.973  
 9.38461538462    54.107  
 0.0    54.242  
 8.30769230769    54.385  
 0.0    54.521  
 8.46153846154    54.656  
 0.0    54.791  
 8.61538461538    54.925  
 0.0    55.07  
 8.76923076923    55.205  
 0.0    55.339  
 7.69230769231    55.474  
 0.0    55.609  
 7.84615384615    55.754  
 0.0    55.889  
 8.0    56.024  
 0.0    56.159  
 8.15384615385    56.293  
 0.0    56.438  
 7.07692307692    56.572  
 0.0    56.707  
 7.23076923077    56.842  
 0.0    56.976  
 7.38461538462    57.111  
 0.0    57.253  
 7.53846153846    57.389  
 0.0    57.524  
 6.46153846154    57.658  
 0.0    57.792  
 6.61538461538    57.927  
 0.0    58.061  
 6.76923076923    58.204  
 0.0    58.34  
 6.92307692308    58.474  
 0.0    58.609  
 5.84615384615    58.743  
 0.0    58.878  
 6.0    59.012  
 0.0    59.156  
 6.15384615385    59.291  
 0.0    59.425  
 6.30769230769    59.559  
 0.0    59.693  
 5.23076923077    59.829  
 0.0    59.973  
 5.38461538462    60.108  
 0.0    60.243  
 5.53846153846    60.377  
 0.0    60.512  
 5.69230769231    60.646  
 0.0    60.791  
 4.61538461538    60.926  
 0.0    61.06  
 4.76923076923    61.195  
 0.0    61.329  
 4.92307692308    61.464  
 0.0    61.608  
 5.07692307692    61.743  
 0.0    61.878  
 4.0    62.013  
 0.0    62.147  
 4.15384615385    62.292  
 0.0    62.426  
 4.30769230769    62.561  
 0.0    62.695  
 4.46153846154    62.83  
 0.0    62.973  
 19.3846153846    63.109  
 0.0    63.244  
 19.5384615385    63.379  
 0.0    63.513  
 19.6923076923    63.648  
 0.0    63.793  
 19.8461538462    63.928  
 0.0    64.066  
 18.7692307692    64.21  
 0.0    64.345  
 18.9230769231    64.48  
 0.0    64.615  
 19.0769230769    64.75  
 0.0    64.894  
 19.2307692308    65.029  
 0.0    65.163  
 18.1538461538    65.298  
 0.0    65.432  
 18.3076923077    65.567  
 0.0    65.711  
 18.4615384615    65.846  
 0.0    65.981  
 18.6153846154    66.116  
 0.0    66.25  
 17.5384615385    66.395  
 0.0    66.53  
 17.6923076923    66.665  
 0.0    66.799  
 17.8461538462    66.934  
 0.0    67.079  
 18.0    67.214  
 0.0    67.348  
 16.9230769231    67.483  
 0.0    67.618  
 17.0769230769    67.761  
 0.0    67.896  
 17.2307692308    68.031  
 0.0    68.165  
 17.3846153846    68.3  
 0.0    68.434  
 16.3076923077    68.569  
 0.0    68.713  
 16.4615384615    68.848  
 0.0    68.983  
 16.6153846154    69.117  
 0.0    69.251  
 16.7692307692    69.386  
 0.0    69.529  
 15.6923076923    69.664  
 0.0    69.799  
 15.8461538462    69.934  
 0.0    70.068  
 16.0    70.203  
 0.0    70.348  
 16.1538461538    70.483  
 0.0    70.617  
 15.0769230769    70.752  
 0.0    70.886  
 15.2307692308    71.021  
 0.0    71.165  
 15.3846153846    71.3  
 0.0    71.434  
 15.5384615385    71.569  
 0.0    71.703  
 14.4615384615    71.838  
 0.0    71.981  
 14.6153846154    72.116  
 0.0    72.25  
 14.7692307692    72.385  
 0.0    72.52  
 14.9230769231    72.654  
 0.0    72.788  
 13.8461538462    72.931  
 0.0    73.067  
 14.0    73.202  
 0.0    73.336  
 14.1538461538    73.47  
 0.0    73.605  
 14.3076923077    73.739  
 0.0    73.884  
 13.2307692308    74.019  
 0.0    74.153  
 13.3846153846    74.288  
 0.0    74.422  
 13.5384615385    74.557  
 0.0    74.701  
 13.6923076923    74.835  
 0.0    74.97  
 12.6153846154    75.104  
 0.0    75.239  
 12.7692307692    75.373  
 0.0    75.518  
 12.9230769231    75.653  
 0.0    75.788  
 13.0769230769    75.922  
 0.0    76.057  
 12.0    76.202  
 0.0    76.336  
 12.1538461538    76.471  
 0.0    76.606  
 12.3076923077    76.74  
 0.0    76.875  
 12.4615384615    77.019  
 0.0    77.154  
 11.3846153846    77.288  
 0.0    77.423  
 11.5384615385    77.557  
 0.0    77.692  
 11.6923076923    77.836  
 0.0    77.971  
 11.8461538462    78.106  
 0.0    78.241  
 10.7692307692    78.376  
 0.0    78.519  
 10.9230769231    78.655  
 0.0    78.79  
 11.0769230769    78.924  
 0.0    79.059  
 11.2307692308    79.204  
 0.0    79.339  
 10.1538461538    79.474  
 0.0    79.608  
 10.3076923077    79.743  
 0.0    79.888  
 10.4615384615    80.023  
 0.0    80.157  
 10.6153846154    80.292  
 0.0    80.426  
 9.53846153846    80.561  
 0.0    80.705  
 9.69230769231    80.84  
 0.0    80.974  
 9.84615384615    81.109  
 0.0    81.243  
 10.0    81.378  
 0.0    81.522  
 8.92307692308    81.657  
 0.0    81.792  
 9.07692307692    81.926  
 0.0    82.061  
 9.23076923077    82.196  
 0.0    82.34  
 9.38461538462    82.475  
 0.0    82.609  
 8.30769230769    82.745  
 0.0    82.879  
 8.46153846154    83.022  
 0.0    83.158  
 8.61538461538    83.293  
 0.0    83.427  
 8.76923076923    83.562  
 0.0    83.696  
 7.69230769231    83.841  
 0.0    83.976  
 7.84615384615    84.11  
 0.0    84.244  
 8.0    84.379  
 0.0    84.514  
 8.15384615385    84.658  
 0.0    84.793  
 7.07692307692    84.928  
 0.0    85.062  
 7.23076923077    85.196  
 0.0    85.331  
 7.38461538462    85.475  
 0.0    85.61  
 7.53846153846    85.745  
 0.0    85.879  
 6.46153846154    86.014  
 0.0    86.148  
 6.61538461538    86.293  
 0.0    86.427  
 6.76923076923    86.562  
 0.0    86.696  
 6.92307692308    86.83  
 0.0    86.965  
 5.84615384615    87.11  
 0.0    87.245  
 6.0    87.379  
 0.0    87.514  
 6.15384615385    87.648  
 0.0    87.782  
 6.30769230769    87.926  
 0.0    88.062  
 5.23076923077    88.196  
 0.0    88.331  
 5.38461538462    88.465  
 0.0    88.6  
 5.53846153846    88.744  
 0.0    88.879  
 5.69230769231    89.014  
 0.0    89.149  
 4.61538461538    89.283  
 0.0    89.417  
 4.76923076923    89.56  
 0.0    89.696  
 4.92307692308    89.831  
 0.0    89.965  
 5.07692307692    90.1  
 0.0    90.234  
 4.0    90.379  
 0.0    90.513  
 4.15384615385    90.648  
 0.0    90.782  
 4.30769230769    90.917  
 0.0    91.051  
 4.46153846154    91.195  
 0.0    91.338  
 19.3846153846    91.48  
 0.0    91.615  
 19.5384615385    91.75  
 0.0    91.884  
 19.6923076923    92.02  
 0.0    92.164  
 19.8461538462    92.299  
 0.0    92.434  
 18.7692307692    92.569  
 0.0    92.703  
 18.9230769231    92.847  
 0.0    92.982  
 19.0769230769    93.117  
 0.0    93.252  
 19.2307692308    93.387  
 0.0    93.531  
 18.1538461538    93.666  
 0.0    93.801  
 18.3076923077    93.936  
 0.0    94.07  
 18.4615384615    94.215  
 0.0    94.35  
 18.6153846154    94.484  
 0.0    94.618  
 17.5384615385    94.753  
 0.0    94.887  
 17.6923076923    95.031  
 0.0    95.166  
 17.8461538462    95.301  
 0.0    95.435  
 18.0    95.57  
 0.0    95.704  
 16.9230769231    95.839  
 0.0    95.983  
 17.0769230769    96.118  
 0.0    96.252  
 17.2307692308    96.387  
 0.0    96.521  
 17.3846153846    96.657  
 0.0    96.8  
 16.3076923077    96.935  
 0.0    97.07  
 16.4615384615    97.205  
 0.0    97.339  
 16.6153846154    97.484  
 0.0    97.619  
 16.7692307692    97.753  
 0.0    97.888  
 15.6923076923    98.023  
 0.0    98.157  
 15.8461538462    98.301  
 0.0    98.436  
 16.0    98.571  
 0.0    98.705  
 16.1538461538    98.84  
 0.0    98.974  
 15.0769230769    99.119  
 0.0    99.254  
 15.2307692308    99.388  
 0.0    99.523  
 15.3846153846    99.657  
 0.0    99.791  
 15.5384615385    99.934  
 0.0    100.07  
 14.4615384615    100.205  
 0.0    100.339  
 14.6153846154    100.474  
 0.0    100.609  
 14.7692307692    100.753  
 0.0    100.888  
 14.9230769231    101.023  
 0.0    101.157  
 13.8461538462    101.291  
 0.0    101.426  
 14.0    101.57  
 0.0    101.705  
 14.1538461538    101.84  
 0.0    101.974  
 14.3076923077    102.109  
 0.0    102.243  
 13.2307692308    102.386  
 0.0    102.522  
 13.3846153846    102.656  
 0.0    102.791  
 13.5384615385    102.925  
 0.0    103.06  
 13.6923076923    103.194  
 0.0    103.338  
 12.6153846154    103.473  
 0.0    103.608  
 12.7692307692    103.743  
 0.0    103.879  
 12.9230769231    104.022  
 0.0    104.157  
 13.0769230769    104.292  
 0.0    104.427  
 12.0    104.563  
 0.0    104.704  
 12.1538461538    104.84  
 0.0    104.974  
 12.3076923077    105.109  
 0.0    105.243  
 12.4615384615    105.378  
 0.0    105.512  
 11.3846153846    105.657  
 0.0    105.791  
 11.5384615385    105.926  
 0.0    106.06  
 11.6923076923    106.195  
 0.0    106.339  
 11.8461538462    106.475  
 0.0    106.61  
 10.7692307692    106.745  
 0.0    106.879  
 10.9230769231    107.024  
 0.0    107.159  
 11.0769230769    107.294  
 0.0    107.428  
 11.2307692308    107.563  
 0.0    107.697  
 10.1538461538    107.842  
 0.0    107.976  
 10.3076923077    108.111  
 0.0    108.246  
 10.4615384615    108.38  
 0.0    108.515  
 10.6153846154    108.659  
 0.0    108.794  
 9.53846153846    108.928  
 0.0    109.063  
 9.69230769231    109.198  
 0.0    109.343  
 9.84615384615    109.478  
 0.0    109.612  
 10.0    109.747  
 0.0    109.881  
 8.92307692308    110.016  
 0.0    110.158  
 9.07692307692    110.294  
 0.0    110.428  
 9.23076923077    110.563  
 0.0    110.698  
 9.38461538462    110.833  
 0.0    110.977  
 8.30769230769    111.112  
 0.0    111.247  
 8.46153846154    111.382  
 0.0    111.517  
 8.61538461538    111.661  
 0.0    111.796  
 8.76923076923    111.93  
 0.0    112.065  
 7.69230769231    112.199  
 0.0    112.334  
 7.84615384615    112.478  
 0.0    112.613  
 8.0    112.747  
 0.0    112.882  
 8.15384615385    113.016  
 0.0    113.151  
 7.07692307692    113.294  
 0.0    113.43  
 7.23076923077    113.564  
 0.0    113.698  
 7.38461538462    113.833  
 0.0    113.967  
 7.53846153846    114.102  
 0.0    114.245  
 6.46153846154    114.381  
 0.0    114.515  
 6.61538461538    114.649  
 0.0    114.784  
 6.76923076923    114.918  
 0.0    115.053  
 6.92307692308    115.197  
 0.0    115.332  
 5.84615384615    115.467  
 0.0    115.601  
 6.0    115.736  
 0.0    115.881  
 6.15384615385    116.016  
 0.0    116.151  
 6.30769230769    116.285  
 0.0    116.42  
 5.23076923077    116.563  
 0.0    116.699  
 5.38461538462    116.834  
 0.0    116.969  
 5.53846153846    117.103  
 0.0    117.249  
 5.69230769231    117.383  
 0.0    117.518  
 4.61538461538    117.652  
 0.0    117.787  
 4.76923076923    117.921  
 0.0    118.064  
 4.92307692308    118.2  
 0.0    118.334  
 5.07692307692    118.469  
 0.0    118.603  
 4.0    118.738  
 0.0    118.872  
 4.15384615385    119.016  
 0.0    119.151  
 4.30769230769    119.287  
 0.0    119.422  
 4.46153846154    119.567  
 0.0    119.712  
 19.3846153846    119.85  
 0.0    119.985  
 19.5384615385    120.12  
 0.0    120.254  
 19.6923076923    120.389  
 0.0    120.524  
 19.8461538462    120.668  
 0.0    120.802  
 18.7692307692    120.937  
 0.0    121.072  
 18.9230769231    121.207  
 0.0    121.351  
 19.0769230769    121.486  
 0.0    121.621  
 19.2307692308    121.755  
 0.0    121.89  
 18.1538461538    122.024  
 0.0    122.169  
 18.3076923077    122.304  
 0.0    122.438  
 18.4615384615    122.573  
 0.0    122.707  
 18.6153846154    122.842  
 0.0    122.984  
 17.5384615385    123.121  
 0.0    123.255  
 17.6923076923    123.39  
 0.0    123.525  
 17.8461538462    123.67  
 0.0    123.805  
 18.0    123.94  
 0.0    124.075  
 16.9230769231    124.21  
 0.0    124.352  
 17.0769230769    124.489  
 0.0    124.623  
 17.2307692308    124.758  
 0.0    124.893  
 17.3846153846    125.038  
 0.0    125.172  
 16.3076923077    125.307  
 0.0    125.442  
 16.4615384615    125.576  
 0.0    125.721  
 16.6153846154    125.856  
 0.0    125.99  
 16.7692307692    126.125  
 0.0    126.259  
 15.6923076923    126.394  
 0.0    126.539  
 15.8461538462    126.673  
 0.0    126.808  
 16.0    126.942  
 0.0    127.077  
 16.1538461538    127.211  
 0.0    127.354  
 15.0769230769    127.491  
 0.0    127.625  
 15.2307692308    127.76  
 0.0    127.895  
 15.3846153846    128.04  
 0.0    128.174  
 15.5384615385    128.309  
 0.0    128.443  
 14.4615384615    128.578  
 0.0    128.712  
 14.6153846154    128.855  
 0.0    128.991  
 14.7692307692    129.126  
 0.0    129.26  
 14.9230769231    129.395  
 0.0    129.529  
 13.8461538462    129.674  
 0.0    129.809  
 14.0    129.943  
 0.0    130.078  
 14.1538461538    130.212  
 0.0    130.347  
 14.3076923077    130.491  
 0.0    130.626  
 13.2307692308    130.76  
 0.0    130.895  
 13.3846153846    131.03  
 0.0    131.164  
 13.5384615385    131.307  
 0.0    131.443  
 13.6923076923    131.577  
 0.0    131.712  
 12.6153846154    131.846  
 0.0    131.981  
 12.7692307692    132.115  
 0.0    132.259  
 12.9230769231    132.394  
 0.0    132.528  
 13.0769230769    132.663  
 0.0    132.798  
 12.0    132.932  
 0.0    133.077  
 12.1538461538    133.212  
 0.0    133.346  
 12.3076923077    133.482  
 0.0    133.627  
 12.4615384615    133.762  
 0.0    133.896  
 11.3846153846    134.031  
 0.0    134.165  
 11.5384615385    134.3  
 0.0    134.443  
 11.6923076923    134.579  
 0.0    134.714  
 11.8461538462    134.849  
 0.0    134.983  
 10.7692307692    135.128  
 0.0    135.263  
 10.9230769231    135.398  
 0.0    135.533  
 11.0769230769    135.668  
 0.0    135.812  
 11.2307692308    135.947  
 0.0    136.081  
 10.1538461538    136.216  
 0.0    136.35  
 10.3076923077    136.485  
 0.0    136.629  
 10.4615384615    136.765  
 0.0    136.899  
 10.6153846154    137.033  
 0.0    137.168  
 9.53846153846    137.302  
 0.0    137.445  
 9.69230769231    137.58  
 0.0    137.715  
 9.84615384615    137.85  
 0.0    137.984  
 10.0    138.119  
 0.0    138.264  
 8.92307692308    138.398  
 0.0    138.533  
 9.07692307692    138.667  
 0.0    138.802  
 9.23076923077    138.936  
 0.0    139.081  
 9.38461538462    139.216  
 0.0    139.35  
 8.30769230769    139.485  
 0.0    139.619  
 8.46153846154    139.754  
 0.0    139.898  
 8.61538461538    140.033  
 0.0    140.168  
 8.76923076923    140.303  
 0.0    140.437  
 7.69230769231    140.582  
 0.0    140.718  
 7.84615384615    140.852  
 0.0    140.987  
 8.0    141.122  
 0.0    141.266  
 8.15384615385    141.402  
 0.0    141.536  
 7.07692307692    141.671  
 0.0    141.816  
 7.23076923077    141.951  
 0.0    142.086  
 7.38461538462    142.22  
 0.0    142.355  
 7.53846153846    142.489  
 0.0    142.634  
 6.46153846154    142.768  
 0.0    142.903  
 6.61538461538    143.038  
 0.0    143.173  
 6.76923076923    143.318  
 0.0    143.452  
 6.92307692308    143.587  
 0.0    143.722  
 5.84615384615    143.856  
 0.0    144.0  
 6.0    144.136  
 0.0    144.27  
 6.15384615385    144.404  
 0.0    144.539  
 6.30769230769    144.674  
 0.0    144.819  
 5.23076923077    144.953  
 0.0    145.088  
 5.38461538462    145.223  
 0.0    145.358  
 5.53846153846    145.502  
 0.0    145.637  
 5.69230769231    145.772  
 0.0    145.906  
 4.61538461538    146.041  
 0.0    146.175  
 4.76923076923    146.32  
 0.0    146.454  
 4.92307692308    146.589  
 0.0    146.723  
 5.07692307692    146.858  
 0.0    146.992  
 4.0    147.135  
 0.0    147.271  
 4.15384615385    147.405  
 0.0    147.54  
 4.30769230769    147.674  
 0.0    147.808  
 4.46153846154    147.943  
 0.0    148.089  
 19.3846153846    148.224  
 0.0    148.359  
 19.5384615385    148.494  
 0.0    148.636  
 19.6923076923    148.773  
 0.0    148.907  
 19.8461538462    149.042  
 0.0    149.177  
 18.7692307692    149.32  
 0.0    149.456  
 18.9230769231    149.591  
 0.0    149.726  
 19.0769230769    149.86  
 0.0    149.995  
 19.2307692308    150.139  
 0.0    150.274  
 18.1538461538    150.408  
 0.0    150.543  
 18.3076923077    150.678  
 0.0    150.823  
 18.4615384615    150.958  
 0.0    151.093  
 18.6153846154    151.228  
 0.0    151.363  
 17.5384615385    151.507  
 0.0    151.641  
 17.6923076923    151.776  
 0.0    151.911  
 17.8461538462    152.046  
 0.0    152.189  
 18.0    152.326  
 0.0    152.46  
 16.9230769231    152.595  
 0.0    152.729  
 17.0769230769    152.864  
 0.0    153.008  
 17.2307692308    153.143  
 0.0    153.277  
 17.3846153846    153.412  
 0.0    153.546  
 16.3076923077    153.681  
 0.0    153.825  
 16.4615384615    153.96  
 0.0    154.095  
 16.6153846154    154.23  
 0.0    154.364  
 16.7692307692    154.509  
 0.0    154.643  
 15.6923076923    154.778  
 0.0    154.912  
 15.8461538462    155.047  
 0.0    155.182  
 16.0    155.326  
 0.0    155.461  
 16.1538461538    155.596  
 0.0    155.73  
 15.0769230769    155.865  
 0.0    156.01  
 15.2307692308    156.145  
 0.0    156.279  
 15.3846153846    156.414  
 0.0    156.549  
 15.5384615385    156.683  
 0.0    156.827  
 14.4615384615    156.962  
 0.0    157.097  
 14.6153846154    157.231  
 0.0    157.366  
 14.7692307692    157.5  
 0.0    157.645  
 14.9230769231    157.779  
 0.0    157.914  
 13.8461538462    158.048  
 0.0    158.183  
 14.0    158.317  
 0.0    158.462  
 14.1538461538    158.597  
 0.0    158.731  
 14.3076923077    158.866  
 0.0    159.0  
 13.2307692308    159.136  
 0.0    159.279  
 13.3846153846    159.414  
 0.0    159.549  
 13.5384615385    159.683  
 0.0    159.818  
 13.6923076923    159.963  
 0.0    160.097  
 12.6153846154    160.232  
 0.0    160.366  
 12.7692307692    160.501  
 0.0    160.636  
 12.9230769231    160.78  
 0.0    160.915  
 13.0769230769    161.049  
 0.0    161.185  
 12.0    161.319  
 0.0    161.464  
 12.1538461538    161.598  
 0.0    161.733  
 12.3076923077    161.868  
 0.0    162.002  
 12.4615384615    162.137  
 0.0    162.281  
 11.3846153846    162.416  
 0.0    162.551  
 11.5384615385    162.685  
 0.0    162.82  
 11.6923076923    162.955  
 0.0    163.099  
 11.8461538462    163.233  
 0.0    163.368  
 10.7692307692    163.503  
 0.0    163.637  
 10.9230769231    163.782  
 0.0    163.917  
 11.0769230769    164.052  
 0.0    164.187  
 11.2307692308    164.322  
 0.0    164.465  
 10.1538461538    164.601  
 0.0    164.736  
 10.3076923077    164.871  
 0.0    165.006  
 10.4615384615    165.148  
 0.0    165.284  
 10.6153846154    165.419  
 0.0    165.554  
 9.53846153846    165.688  
 0.0    165.823  
 9.69230769231    165.967  
 0.0    166.103  
 9.84615384615    166.238  
 0.0    166.372  
 10.0    166.507  
 0.0    166.65  
 8.92307692308    166.786  
 0.0    166.92  
 9.07692307692    167.055  
 0.0    167.19  
 9.23076923077    167.335  
 0.0    167.47  
 9.38461538462    167.605  
 0.0    167.739  
 8.30769230769    167.874  
 0.0    168.019  
 8.46153846154    168.153  
 0.0    168.289  
 8.61538461538    168.424  
 0.0    168.558  
 8.76923076923    168.703  
 0.0    168.837  
 7.69230769231    168.972  
 0.0    169.108  
 7.84615384615    169.242  
 0.0    169.385  
 8.0    169.521  
 0.0    169.655  
 8.15384615385    169.79  
 0.0    169.924  
 7.07692307692    170.059  
 0.0    170.202  
 7.23076923077    170.338  
 0.0    170.474  
 7.38461538462    170.608  
 0.0    170.743  
 7.53846153846    170.888  
 0.0    171.022  
 6.46153846154    171.157  
 0.0    171.292  
 6.61538461538    171.427  
 0.0    171.571  
 6.76923076923    171.706  
 0.0    171.841  
 6.92307692308    171.976  
 0.0    172.111  
 5.84615384615    172.255  
 0.0    172.39  
 6.0    172.524  
 0.0    172.659  
 6.15384615385    172.793  
 0.0    172.928  
 6.30769230769    173.072  
 0.0    173.207  
 5.23076923077    173.342  
 0.0    173.476  
 5.38461538462    173.611  
 0.0    173.756  
 5.53846153846    173.891  
 0.0    174.025  
 5.69230769231    174.161  
 0.0    174.296  
 4.61538461538    174.439  
 0.0    174.575  
 4.76923076923    174.71  
 0.0    174.845  
 4.92307692308    174.979  
 0.0    175.124  
 5.07692307692    175.259  
 0.0    175.393  
 4.0    175.528  
 0.0    175.663  
 4.15384615385    175.797  
 0.0    175.941  
 4.30769230769    176.076  
 0.0    176.211  
 4.46153846154    176.345  
 0.0    176.492  
 19.3846153846    176.627  
 0.0    176.762  
 19.5384615385    176.897  
 0.0    177.042  
 19.6923076923    177.178  
 0.0    177.312  
 19.8461538462    177.447  
 0.0    177.592  
 18.7692307692    177.728  
 0.0    177.863  
 18.9230769231    177.998  
 0.0    178.143  
 19.0769230769    178.278  
 0.0    178.413  
 19.2307692308    178.547  
 0.0    178.682  
 18.1538461538    178.825  
 0.0    178.961  
 18.3076923077    179.097  
 0.0    179.231  
 18.4615384615    179.366  
 0.0    179.51  
 18.6153846154    179.645  
 0.0    179.78  
 17.5384615385    179.915  
 0.0    180.05  
 17.6923076923    180.194  
 0.0    180.329  
 17.8461538462    180.463  
 0.0    180.598  
 18.0    180.733  
 0.0    180.867  
 16.9230769231    181.012  
 0.0    181.147  
 17.0769230769    181.282  
 0.0    181.416  
 17.2307692308    181.551  
 0.0    181.695  
 17.3846153846    181.83  
 0.0    181.965  
 16.3076923077    182.1  
 0.0    182.234  
 16.4615384615    182.369  
 0.0    182.513  
 16.6153846154    182.647  
 0.0    182.782  
 16.7692307692    182.916  
 0.0    183.051  
 15.6923076923    183.187  
 0.0    183.328  
 15.8461538462    183.464  
 0.0    183.6  
 16.0    183.734  
 0.0    183.869  
 16.1538461538    184.014  
 0.0    184.148  
 15.0769230769    184.283  
 0.0    184.418  
 15.2307692308    184.552  
 0.0    184.687  
 15.3846153846    184.829  
 0.0    184.966  
 15.5384615385    185.101  
 0.0    185.235  
 14.4615384615    185.371  
 0.0    185.513  
 14.6153846154    185.65  
 0.0    185.784  
 14.7692307692    185.919  
 0.0    186.054  
 14.9230769231    186.199  
 0.0    186.333  
 13.8461538462    186.468  
 0.0    186.602  
 14.0    186.737  
 0.0    186.872  
 14.1538461538    187.016  
 0.0    187.151  
 14.3076923077    187.285  
 0.0    187.421  
 13.2307692308    187.556  
 0.0    187.7  
 13.3846153846    187.835  
 0.0    187.97  
 13.5384615385    188.105  
 0.0    188.25  
 13.6923076923    188.385  
 0.0    188.52  
 12.6153846154    188.655  
 0.0    188.79  
 12.7692307692    188.934  
 0.0    189.069  
 12.9230769231    189.203  
 0.0    189.338  
 13.0769230769    189.473  
 0.0    189.618  
 12.0    189.753  
 0.0    189.888  
 12.1538461538    190.023  
 0.0    190.157  
 12.3076923077    190.3  
 0.0    190.436  
 12.4615384615    190.571  
 0.0    190.706  
 11.3846153846    190.841  
 0.0    190.985  
 11.5384615385    191.12  
 0.0    191.255  
 11.6923076923    191.39  
 0.0    191.525  
 11.8461538462    191.669  
 0.0    191.804  
 10.7692307692    191.939  
 0.0    192.074  
 10.9230769231    192.209  
 0.0    192.353  
 11.0769230769    192.488  
 0.0    192.623  
 11.2307692308    192.758  
 0.0    192.892  
 10.1538461538    193.037  
 0.0    193.172  
 10.3076923077    193.306  
 0.0    193.441  
 10.4615384615    193.576  
 0.0    193.721  
 10.6153846154    193.856  
 0.0    193.99  
 9.53846153846    194.125  
 0.0    194.259  
 9.69230769231    194.395  
 0.0    194.538  
 9.84615384615    194.673  
 0.0    194.808  
 10.0    194.943  
 0.0    195.078  
 8.92307692308    195.22  
 0.0    195.356  
 9.07692307692    195.491  
 0.0    195.626  
 9.23076923077    195.76  
 0.0    195.895  
 9.38461538462    196.038  
 0.0    196.174  
 8.30769230769    196.308  
 0.0    196.443  
 8.46153846154    196.578  
 0.0    196.712  
 8.61538461538    196.855  
 0.0    196.991  
 8.76923076923    197.126  
 0.0    197.26  
 7.69230769231    197.395  
 0.0    197.529  
 7.84615384615    197.674  
 0.0    197.808  
 8.0    197.943  
 0.0    198.077  
 8.15384615385    198.212  
 0.0    198.347  
 7.07692307692    198.489  
 0.0    198.626  
 7.23076923077    198.76  
 0.0    198.895  
 7.38461538462    199.03  
 0.0    199.165  
 7.53846153846    199.308  
 0.0    199.443  
 6.46153846154    199.578  
 0.0    199.712  
 6.61538461538    199.847  
 0.0    199.992  
 6.76923076923    200.127  
 0.0    200.262  
 6.92307692308    200.397  
 0.0    200.532  
 5.84615384615    200.674  
 0.0    200.811  
 6.0    200.945  
 0.0    201.08  
 6.15384615385    201.215  
 0.0    201.36  
 6.30769230769    201.494  
 0.0    201.63  
 5.23076923077    201.765  
 0.0    201.899  
 5.38461538462    202.044  
 0.0    202.178  
 5.53846153846    202.313  
 0.0    202.448  
 5.69230769231    202.582  
 0.0    202.727  
 4.61538461538    202.862  
 0.0    202.997  
 4.76923076923    203.132  
 0.0    203.267  
 4.92307692308    203.411  
 0.0    203.546  
 5.07692307692    203.681  
 0.0    203.816  
 4.0    203.951  
 0.0    204.095  
 4.15384615385    204.23  
 0.0    204.365  
 4.30769230769    204.499  
 0.0    204.634  
 4.46153846154    204.779  
 0.0    204.926  
 19.3846153846    205.062  
 0.0    205.197  
 19.5384615385    205.331  
 0.0    205.466  
 19.6923076923    205.602  
 0.0    205.745  
 19.8461538462    205.881  
 0.0    206.016  
 18.7692307692    206.151  
 0.0    206.286  
 18.9230769231    206.43  
 0.0    206.564  
 19.0769230769    206.699  
 0.0    206.834  
 19.2307692308    206.969  
 0.0    207.103  
 18.1538461538    207.246  
 0.0    207.382  
 18.3076923077    207.517  
 0.0    207.652  
 18.4615384615    207.787  
 0.0    207.931  
 18.6153846154    208.066  
 0.0    208.201  
 17.5384615385    208.336  
 0.0    208.482  
 17.6923076923    208.616  
 0.0    208.751  
 17.8461538462    208.886  
 0.0    209.021  
 18.0    209.165  
 0.0    209.3  
 16.9230769231    209.435  
 0.0    209.569  
 17.0769230769    209.704  
 0.0    209.849  
 17.2307692308    209.984  
 0.0    210.118  
 17.3846153846    210.253  
 0.0    210.399  
 16.3076923077    210.534  
 0.0    210.669  
 16.4615384615    210.804  
 0.0    210.938  
 16.6153846154    211.083  
 0.0    211.218  
 16.7692307692    211.353  
 0.0    211.488  
 15.6923076923    211.622  
 0.0    211.767  
 15.8461538462    211.903  
 0.0    212.037  
 16.0    212.172  
 0.0    212.307  
 16.1538461538    212.451  
 0.0    212.586  
 15.0769230769    212.721  
 0.0    212.855  
 15.2307692308    212.99  
 0.0    213.133  
 15.3846153846    213.269  
 0.0    213.404  
 15.5384615385    213.54  
 0.0    213.675  
 14.4615384615    213.819  
 0.0    213.954  
 14.6153846154    214.088  
 0.0    214.223  
 14.7692307692    214.358  
 0.0    214.501  
 14.9230769231    214.637  
 0.0    214.772  
 13.8461538462    214.907  
 0.0    215.041  
 14.0    215.185  
 0.0    215.321  
 14.1538461538    215.456  
 0.0    215.591  
 14.3076923077    215.726  
 0.0    215.87  
 13.2307692308    216.005  
 0.0    216.139  
 13.3846153846    216.275  
 0.0    216.41  
 13.5384615385    216.554  
 0.0    216.689  
 13.6923076923    216.824  
 0.0    216.958  
 12.6153846154    217.093  
 0.0    217.238  
 12.7692307692    217.372  
 0.0    217.507  
 12.9230769231    217.642  
 0.0    217.776  
 13.0769230769    217.911  
 0.0    218.055  
 12.0    218.19  
 0.0    218.325  
 12.1538461538    218.459  
 0.0    218.594  
 12.3076923077    218.739  
 0.0    218.874  
 12.4615384615    219.009  
 0.0    219.143  
 11.3846153846    219.279  
 0.0    219.421  
 11.5384615385    219.558  
 0.0    219.692  
 11.6923076923    219.827  
 0.0    219.962  
 11.8461538462    220.107  
 0.0    220.241  
 10.7692307692    220.376  
 0.0    220.511  
 10.9230769231    220.645  
 0.0    220.79  
 11.0769230769    220.925  
 0.0    221.06  
 11.2307692308    221.195  
 0.0    221.33  
 10.1538461538    221.473  
 0.0    221.609  
 10.3076923077    221.744  
 0.0    221.879  
 10.4615384615    222.014  
 0.0    222.158  
 10.6153846154    222.293  
 0.0    222.427  
 9.53846153846    222.562  
 0.0    222.697  
 9.69230769231    222.831  
 0.0    222.975  
 9.84615384615    223.11  
 0.0    223.245  
 10.0    223.38  
 0.0    223.515  
 8.92307692308    223.659  
 0.0    223.794  
 9.07692307692    223.929  
 0.0    224.063  
 9.23076923077    224.198  
 0.0    224.341  
 9.38461538462    224.478  
 0.0    224.613  
 8.30769230769    224.747  
 0.0    224.882  
 8.46153846154    225.027  
 0.0    225.162  
 8.61538461538    225.296  
 0.0    225.431  
 8.76923076923    225.566  
 0.0    225.711  
 7.69230769231    225.845  
 0.0    225.98  
 7.84615384615    226.115  
 0.0    226.249  
 8.0    226.384  
 0.0    226.528  
 8.15384615385    226.663  
 0.0    226.797  
 7.07692307692    226.932  
 0.0    227.067  
 7.23076923077    227.212  
 0.0    227.346  
 7.38461538462    227.481  
 0.0    227.616  
 7.53846153846    227.751  
 0.0    227.894  
 6.46153846154    228.03  
 0.0    228.165  
 6.61538461538    228.3  
 0.0    228.434  
 6.76923076923    228.578  
 0.0    228.714  
 6.92307692308    228.849  
 0.0    228.983  
 5.84615384615    229.118  
 0.0    229.253  
 6.0    229.395  
 0.0    229.532  
 6.15384615385    229.667  
 0.0    229.802  
 6.30769230769    229.947  
 0.0    230.082  
 5.23076923077    230.218  
 0.0    230.353  
 5.38461538462    230.497  
 0.0    230.632  
 5.53846153846    230.767  
 0.0    230.902  
 5.69230769231    231.037  
 0.0    231.181  
 4.61538461538    231.316  
 0.0    231.452  
 4.76923076923    231.587  
 0.0    231.721  
 4.92307692308    231.865  
 0.0    232.0  
 5.07692307692    232.135  
 0.0    232.27  
 4.0    232.405  
 0.0    232.549  
 4.15384615385    232.684  
 0.0    232.819  
 4.30769230769    232.954  
 0.0    233.089  
 4.46153846154    233.233  
 0.0    233.381  
 19.3846153846    233.518  
 0.0    233.653  
 19.5384615385    233.788  
 0.0    233.933  
 19.6923076923    234.069  
 0.0    234.203  
 19.8461538462    234.338  
 0.0    234.474  
 18.7692307692    234.617  
 0.0    234.752  
 18.9230769231    234.887  
 0.0    235.021  
 19.0769230769    235.156  
 0.0    235.301  
 19.2307692308    235.436  
 0.0    235.571  
 18.1538461538    235.706  
 0.0    235.851  
 18.3076923077    235.986  
 0.0    236.121  
 18.4615384615    236.256  
 0.0    236.391  
 18.6153846154    236.534  
 0.0    236.67  
 17.5384615385    236.805  
 0.0    236.939  
 17.6923076923    237.074  
 0.0    237.219  
 17.8461538462    237.354  
 0.0    237.489  
 18.0    237.624  
 0.0    237.759  
 16.9230769231    237.901  
 0.0    238.038  
 17.0769230769    238.172  
 0.0    238.307  
 17.2307692308    238.442  
 0.0    238.587  
 17.3846153846    238.722  
 0.0    238.857  
 16.3076923077    238.992  
 0.0    239.126  
 16.4615384615    239.27  
 0.0    239.405  
 16.6153846154    239.54  
 0.0    239.675  
 16.7692307692    239.81  
 0.0    239.953  
 15.6923076923    240.089  
 0.0    240.224  
 15.8461538462    240.359  
 0.0    240.494  
 16.0    240.638  
 0.0    240.773  
 16.1538461538    240.907  
 0.0    241.042  
 15.0769230769    241.177  
 0.0    241.322  
 15.2307692308    241.457  
 0.0    241.592  
 15.3846153846    241.727  
 0.0    241.862  
 15.5384615385    242.004  
 0.0    242.14  
 14.4615384615    242.275  
 0.0    242.41  
 14.6153846154    242.545  
 0.0    242.69  
 14.7692307692    242.825  
 0.0    242.96  
 14.9230769231    243.095  
 0.0    243.24  
 13.8461538462    243.375  
 0.0    243.509  
 14.0    243.644  
 0.0    243.779  
 14.1538461538    243.924  
 0.0    244.058  
 14.3076923077    244.193  
 0.0    244.328  
 13.2307692308    244.463  
 0.0    244.608  
 13.3846153846    244.743  
 0.0    244.877  
 13.5384615385    245.012  
 0.0    245.147  
 13.6923076923    245.292  
 0.0    245.426  
 12.6153846154    245.562  
 0.0    245.697  
 12.7692307692    245.832  
 0.0    245.975  
 12.9230769231    246.111  
 0.0    246.246  
 13.0769230769    246.381  
 0.0    246.526  
 12.0    246.661  
 0.0    246.796  
 12.1538461538    246.931  
 0.0    247.066  
 12.3076923077    247.208  
 0.0    247.344  
 12.4615384615    247.48  
 0.0    247.615  
 11.3846153846    247.759  
 0.0    247.895  
 11.5384615385    248.03  
 0.0    248.164  
 11.6923076923    248.299  
 0.0    248.444  
 11.8461538462    248.579  
 0.0    248.714  
 10.7692307692    248.848  
 0.0    248.983  
 10.9230769231    249.128  
 0.0    249.262  
 11.0769230769    249.397  
 0.0    249.533  
 11.2307692308    249.667  
 0.0    249.81  
 10.1538461538    249.946  
 0.0    250.081  
 10.3076923077    250.216  
 0.0    250.351  
 10.4615384615    250.495  
 0.0    250.63  
 10.6153846154    250.765  
 0.0    250.9  
 9.53846153846    251.035  
 0.0    251.178  
 9.69230769231    251.314  
 0.0    251.449  
 9.84615384615    251.584  
 0.0    251.718  
 10.0    251.863  
 0.0    251.998  
 8.92307692308    252.132  
 0.0    252.267  
 9.07692307692    252.402  
 0.0    252.547  
 9.23076923077    252.681  
 0.0    252.816  
 9.38461538462    252.951  
 0.0    253.086  
 8.30769230769    253.231  
 0.0    253.365  
 8.46153846154    253.501  
 0.0    253.636  
 8.61538461538    253.771  
 0.0    253.915  
 8.76923076923    254.049  
 0.0    254.184  
 7.69230769231    254.319  
 0.0    254.453  
 7.84615384615    254.598  
 0.0    254.733  
 8.0    254.868  
 0.0    255.003  
 8.15384615385    255.138  
 0.0    255.282  
 7.07692307692    255.417  
 0.0    255.552  
 7.23076923077    255.687  
 0.0    255.822  
 7.38461538462    255.965  
 0.0    256.101  
 7.53846153846    256.235  
 0.0    256.371  
 6.46153846154    256.506  
 0.0    256.65  
 6.61538461538    256.785  
 0.0    256.919  
 6.76923076923    257.054  
 0.0    257.189  
 6.92307692308    257.332  
 0.0    257.468  
 5.84615384615    257.603  
 0.0    257.738  
 6.0    257.873  
 0.0    258.018  
 6.15384615385    258.153  
 0.0    258.288  
 6.30769230769    258.423  
 0.0    258.568  
 5.23076923077    258.703  
 0.0    258.838  
 5.38461538462    258.973  
 0.0    259.118  
 5.53846153846    259.253  
 0.0    259.388  
 5.69230769231    259.523  
 0.0    259.658  
 4.61538461538    259.801  
 0.0    259.937  
 4.76923076923    260.072  
 0.0    260.207  
 4.92307692308    260.342  
 0.0    260.486  
 5.07692307692    260.621  
 0.0    260.756  
 4.0    260.891  
 0.0    261.026  
 4.15384615385    261.17  
 0.0    261.305  
 4.30769230769    261.44  
 0.0    261.574  
 4.46153846154    261.709  
 0.0    261.858  
 19.3846153846    261.993  
 0.0    262.137  
 19.5384615385    262.272  
 0.0    262.407  
 19.6923076923    262.542  
 0.0    262.677  
 19.8461538462    262.821  
 0.0    262.956  
 18.7692307692    263.091  
 0.0    263.226  
 18.9230769231    263.361  
 0.0    263.505  
 19.0769230769    263.64  
 0.0    263.775  
 19.2307692308    263.91  
 0.0    264.045  
 18.1538461538    264.187  
 0.0    264.323  
 18.3076923077    264.459  
 0.0    264.594  
 18.4615384615    264.729  
 0.0    264.873  
 18.6153846154    265.008  
 0.0    265.143  
 17.5384615385    265.278  
 0.0    265.423  
 17.6923076923    265.558  
 0.0    265.693  
 17.8461538462    265.829  
 0.0    265.973  
 18.0    266.109  
 0.0    266.244  
 16.9230769231    266.379  
 0.0    266.524  
 17.0769230769    266.66  
 0.0    266.795  
 17.2307692308    266.93  
 0.0    267.073  
 17.3846153846    267.209  
 0.0    267.344  
 16.3076923077    267.48  
 0.0    267.625  
 16.4615384615    267.76  
 0.0    267.895  
 16.6153846154    268.03  
 0.0    268.164  
 16.7692307692    268.307  
 0.0    268.443  
 15.6923076923    268.578  
 0.0    268.713  
 15.8461538462    268.848  
 0.0    268.991  
 16.0    269.127  
 0.0    269.262  
 16.1538461538    269.397  
 0.0    269.532  
 15.0769230769    269.676  
 0.0    269.811  
 15.2307692308    269.946  
 0.0    270.082  
 15.3846153846    270.226  
 0.0    270.361  
 15.5384615385    270.497  
 0.0    270.632  
 14.4615384615    270.777  
 0.0    270.912  
 14.6153846154    271.047  
 0.0    271.182  
 14.7692307692    271.317  
 0.0    271.461  
 14.9230769231    271.596  
 0.0    271.73  
 13.8461538462    271.865  
 0.0    272.0  
 14.0    272.144  
 0.0    272.279  
 14.1538461538    272.414  
 0.0    272.557  
 14.3076923077    272.693  
 0.0    272.829  
 13.2307692308    272.965  
 0.0    273.1  
 13.3846153846    273.235  
 0.0    273.379  
 13.5384615385    273.514  
 0.0    273.649  
 13.6923076923    273.784  
 0.0    273.919  
 12.6153846154    274.061  
 0.0    274.197  
 12.7692307692    274.332  
 0.0    274.467  
 12.9230769231    274.602  
 0.0    274.746  
 13.0769230769    274.882  
 0.0    275.018  
 12.0    275.163  
 0.0    275.298  
 12.1538461538    275.433  
 0.0    275.568  
 12.3076923077    275.703  
 0.0    275.847  
 12.4615384615    275.982  
 0.0    276.117  
 11.3846153846    276.253  
 0.0    276.398  
 11.5384615385    276.533  
 0.0    276.668  
 11.6923076923    276.803  
 0.0    276.946  
 11.8461538462    277.083  
 0.0    277.218  
 10.7692307692    277.353  
 0.0    277.488  
 10.9230769231    277.632  
 0.0    277.767  
 11.0769230769    277.901  
 0.0    278.036  
 11.2307692308    278.171  
 0.0    278.316  
 10.1538461538    278.45  
 0.0    278.586  
 10.3076923077    278.721  
 0.0    278.856  
 10.4615384615    278.999  
 0.0    279.134  
 10.6153846154    279.269  
 0.0    279.404  
 9.53846153846    279.539  
 0.0    279.683  
 9.69230769231    279.818  
 0.0    279.953  
 9.84615384615    280.088  
 0.0    280.222  
 10.0    280.367  
 0.0    280.502  
 8.92307692308    280.637  
 0.0    280.772  
 9.07692307692    280.907  
 0.0    281.051  
 9.23076923077    281.186  
 0.0    281.321  
 9.38461538462    281.455  
 0.0    281.59  
 8.30769230769    281.735  
 0.0    281.87  
 8.46153846154    282.004  
 0.0    282.139  
 8.61538461538    282.274  
 0.0    282.417  
 8.76923076923    282.553  
 0.0    282.689  
 7.69230769231    282.824  
 0.0    282.958  
 7.84615384615    283.102  
 0.0    283.237  
 8.0    283.372  
 0.0    283.507  
 8.15384615385    283.642  
 0.0    283.786  
 7.07692307692    283.921  
 0.0    284.056  
 7.23076923077    284.191  
 0.0    284.326  
 7.38461538462    284.47  
 0.0    284.605  
 7.53846153846    284.74  
 0.0    284.875  
 6.46153846154    285.01  
 0.0    285.154  
 6.61538461538    285.289  
 0.0    285.424  
 6.76923076923    285.559  
 0.0    285.694  
 6.92307692308    285.838  
 0.0    285.973  
 5.84615384615    286.108  
 0.0    286.243  
 6.0    286.378  
 0.0    286.522  
 6.15384615385    286.657  
 0.0    286.793  
 6.30769230769    286.927  
 0.0    287.072  
 5.23076923077    287.208  
 0.0    287.342  
 5.38461538462    287.478  
 0.0    287.622  
 5.53846153846    287.757  
 0.0    287.892  
 5.69230769231    288.027  
 0.0    288.162  
 4.61538461538    288.306  
 0.0    288.441  
 4.76923076923    288.576  
 0.0    288.711  
 4.92307692308    288.846  
 0.0    288.99  
 5.07692307692    289.125  
 0.0    289.26  
 4.0    289.395  
 0.0    289.529  
 4.15384615385    289.674  
 0.0    289.809  
 4.30769230769    289.944  
 0.0    290.079  
 4.46153846154    290.224  
 0.0    290.375  
 19.3846153846    290.511  
 0.0    290.646  
 19.5384615385    290.791  
 0.0    290.926  
 19.6923076923    291.062  
 0.0    291.197  
 19.8461538462    291.342  
 0.0    291.477  
 18.7692307692    291.612  
 0.0    291.747  
 18.9230769231    291.882  
 0.0    292.026  
 19.0769230769    292.161  
 0.0    292.296  
 19.2307692308    292.431  
 0.0    292.565  
 18.1538461538    292.708  
 0.0    292.844  
 18.3076923077    292.98  
 0.0    293.114  
 18.4615384615    293.25  
 0.0    293.393  
 18.6153846154    293.53  
 0.0    293.665  
 17.5384615385    293.8  
 0.0    293.944  
 17.6923076923    294.079  
 0.0    294.215  
 17.8461538462    294.35  
 0.0    294.494  
 18.0    294.63  
 0.0    294.765  
 16.9230769231    294.901  
 0.0    295.043  
 17.0769230769    295.179  
 0.0    295.314  
 17.2307692308    295.449  
 0.0    295.584  
 17.3846153846    295.728  
 0.0    295.863  
 16.3076923077    295.998  
 0.0    296.133  
 16.4615384615    296.268  
 0.0    296.411  
 16.6153846154    296.547  
 0.0    296.682  
 16.7692307692    296.817  
 0.0    296.952  
 15.6923076923    297.096  
 0.0    297.231  
 15.8461538462    297.366  
 0.0    297.502  
 16.0    297.646  
 0.0    297.781  
 16.1538461538    297.916  
 0.0    298.051  
 15.0769230769    298.187  
 0.0    298.33  
 15.2307692308    298.465  
 0.0    298.6  
 15.3846153846    298.735  
 0.0    298.87  
 15.5384615385    299.014  
 0.0    299.149  
 14.4615384615    299.284  
 0.0    299.419  
 14.6153846154    299.554  
 0.0    299.696  
 14.7692307692    299.833  
 0.0    299.968  
 14.9230769231    300.103  
 0.0    300.238  
 13.8461538462    300.38  
 0.0    300.516  
 14.0    300.651  
 0.0    300.786  
 14.1538461538    300.922  
 0.0    301.066  
 14.3076923077    301.2  
 0.0    301.335  
 13.2307692308    301.471  
 0.0    301.605  
 13.3846153846    301.748  
 0.0    301.884  
 13.5384615385    302.019  
 0.0    302.155  
 13.6923076923    302.3  
 0.0    302.435  
 12.6153846154    302.57  
 0.0    302.706  
 12.7692307692    302.85  
 0.0    302.985  
 12.9230769231    303.12  
 0.0    303.256  
 13.0769230769    303.401  
 0.0    303.536  
 12.0    303.671  
 0.0    303.806  
 12.1538461538    303.951  
 0.0    304.086  
 12.3076923077    304.221  
 0.0    304.356  
 12.4615384615    304.491  
 0.0    304.633  
 11.3846153846    304.77  
 0.0    304.905  
 11.5384615385    305.04  
 0.0    305.174  
 11.6923076923    305.319  
 0.0    305.453  
 11.8461538462    305.589  
 0.0    305.724  
 10.7692307692    305.859  
 0.0    306.002  
 10.9230769231    306.137  
 0.0    306.272  
 11.0769230769    306.407  
 0.0    306.542  
 11.2307692308    306.685  
 0.0    306.821  
 10.1538461538    306.956  
 0.0    307.092  
 10.3076923077    307.237  
 0.0    307.372  
 10.4615384615    307.507  
 0.0    307.642  
 10.6153846154    307.786  
 0.0    307.922  
 9.53846153846    308.057  
 0.0    308.192  
 9.69230769231    308.327  
 0.0    308.471  
 9.84615384615    308.606  
 0.0    308.741  
 10.0    308.876  
 0.0    309.011  
 8.92307692308    309.155  
 0.0    309.29  
 9.07692307692    309.424  
 0.0    309.559  
 9.23076923077    309.694  
 0.0    309.839  
 9.38461538462    309.973  
 0.0    310.108  
 8.30769230769    310.243  
 0.0    310.378  
 8.46153846154    310.521  
 0.0    310.657  
 8.61538461538    310.792  
 0.0    310.927  
 8.76923076923    311.062  
 0.0    311.206  
 7.69230769231    311.341  
 0.0    311.477  
 7.84615384615    311.612  
 0.0    311.757  
 8.0    311.891  
 0.0    312.026  
 8.15384615385    312.161  
 0.0    312.296  
 7.07692307692    312.441  
 0.0    312.575  
 7.23076923077    312.711  
 0.0    312.846  
 7.38461538462    312.989  
 0.0    313.126  
 7.53846153846    313.261  
 0.0    313.395  
 6.46153846154    313.53  
 0.0    313.675  
 6.61538461538    313.81  
 0.0    313.945  
 6.76923076923    314.08  
 0.0    314.225  
 6.92307692308    314.36  
 0.0    314.496  
 5.84615384615    314.632  
 0.0    314.776  
 6.0    314.911  
 0.0    315.046  
 6.15384615385    315.181  
 0.0    315.326  
 6.30769230769    315.461  
 0.0    315.596  
 5.23076923077    315.732  
 0.0    315.875  
 5.38461538462    316.011  
 0.0    316.146  
 5.53846153846    316.281  
 0.0    316.416  
 5.69230769231    316.56  
 0.0    316.695  
 4.61538461538    316.83  
 0.0    316.965  
 4.76923076923    317.1  
 0.0    317.244  
 4.92307692308    317.379  
 0.0    317.514  
 5.07692307692    317.649  
 0.0    317.784  
 4.0    317.928  
 0.0    318.063  
 4.15384615385    318.198  
 0.0    318.334  
 4.30769230769    318.478  
 0.0    318.613  
 4.46153846154    318.748  
