 [5.0769230769230766, 5.5384615384615374, 11.38461538461538, 15.846153846153838]  
 [41.576, 48.931, 60.375, 61.742]  
 [49.469, 60.924]  
 [5.0769230769230766, 13.84615384615384, 18.461538461538453, 18.615384615384606]  
 [65.844, 66.113, 72.921, 90.098]  
 [66.383, 73.603, 90.781]  
 [4.4615384615384617, 11.692307692307688, 11.846153846153841, 17.692307692307683]  
 [95.02, 106.193, 106.472, 119.555]  
 [96.116, 106.877]  
 [4.615384615384615, 15.07692307692307, 15.538461538461531, 18.615384615384606]  
 [122.84, 127.487, 128.307, 146.039]  
 [128.307, 128.988, 146.721]  
 [4.4615384615384617, 11.076923076923073, 14.615384615384608, 16.461538461538453]  
 [153.958, 157.23, 164.05, 176.343]  
 [158.181]  
 [8.9230769230769198, 10.615384615384611, 11.230769230769226, 15.538461538461531]  
 [185.099, 192.756, 193.853, 195.21]  
 [177.03, 185.782, 193.574, 194.671]  
 [11.846153846153841, 11.846153846153841, 14.461538461538455, 17.384615384615373]  
 [210.251, 213.808, 220.095]  
 [211.071, 220.643]  
 [6.3076923076923066, 6.9230769230769216, 16.307692307692299, 16.615384615384606]  
 [238.99, 239.538, 257.322, 258.421]  
 [239.538, 240.086, 259.106]  
 [7.846153846153844, 10.461538461538458, 11.999999999999995, 15.230769230769223]  
 [269.944, 275.152, 278.988, 283.091]  
 [275.701, 279.537, 283.64]  
 [6.6153846153846141, 9.6923076923076881, 10.461538461538458, 18.461538461538453]  
 [293.248, 307.505, 308.325, 313.808]  
 [293.798, 308.19]  
