 39.399    39.399  
 0.0    39.416  
 1.0    39.548  
 0.0    39.681  
 4.25    39.815  
 0.0    39.949  
 7.5    40.082  
 0.0    40.216  
 10.75    40.349  
 0.0    40.483  
 14.0    40.616  
 0.0    40.75  
 17.25    40.884  
 0.0    41.017  
 20.5    41.151  
 0.0    41.285  
 23.75    41.418  
 0.0    41.552  
 27.0    41.685  
 0.0    41.819  
 30.25    41.952  
 0.0    42.086  
 33.5    42.219  
 0.0    42.353  
 36.75    42.487  
 0.0    42.62  
 40.0    42.754  
 0.0    42.887  
 43.25    43.021  
 0.0    43.154  
 46.5    43.288  
 0.0    43.422  
 49.75    43.555  
 0.0    43.689  
 53.0    43.822  
 0.0    43.956  
 56.25    44.089  
 0.0    44.223  
 59.5    44.357  
 0.0    44.491  
 62.75    44.624  
 0.0    44.758  
 66.0    44.891  
 0.0    45.025  
 69.25    45.158  
 0.0    45.292  
 72.5    45.425  
 0.0    45.559  
 75.75    45.693  
 0.0    45.826  
 79.0    45.96  
 0.0    46.093  
 82.25    46.227  
 0.0    46.36  
 85.5    46.494  
 0.0    46.628  
 88.75    46.761  
 0.0    46.895  
 92.0    47.028  
 0.0    47.162  
 95.25    47.295  
 0.0    47.429  
 98.5    47.563  
 0.0    47.696  
 101.75    47.83  
 0.0    47.963  
 105.0    48.097  
 0.0    48.231  
 108.25    48.364  
 0.0    48.498  
 111.5    48.631  
 0.0    48.765  
 114.75    48.898  
 0.0    49.032  
 118.0    49.166  
 0.0    49.299  
 121.25    49.433  
 0.0    49.566  
 124.5    49.7  
 0.0    49.833  
 127.75    49.967  
 0.0    50.101  
 131.0    50.234  
 0.0    50.368  
 134.25    50.501  
 0.0    50.635  
 137.5    50.769  
 0.0    50.902  
 140.75    51.036  
 0.0    51.169  
 144.0    51.303  
 0.0    51.436  
 147.25    51.57  
 0.0    51.703  
 150.5    51.837  
 0.0    51.971  
 153.75    52.104  
 0.0    52.238  
 157.0    52.371  
 0.0    52.505  
 160.25    52.639  
 0.0    52.773  
 163.5    52.906  
 0.0    53.04  
 166.75    53.173  
 0.0    53.307  
 170.0    53.44  
 0.0    53.574  
 173.25    53.708  
 0.0    53.841  
 176.5    53.975  
 0.0    54.108  
 179.75    54.242  
 0.0    54.375  
 183.0    54.509  
 0.0    54.642  
 186.25    54.776  
 0.0    54.91  
 189.5    55.043  
 0.0    55.177  
 192.75    55.31  
 0.0    55.444  
 196.0    55.577  
 0.0    55.711  
 199.25    55.844  
 0.0    55.978  
 202.5    56.112  
 0.0    56.245  
 205.75    56.379  
 0.0    56.512  
 209.0    56.646  
 0.0    56.78  
 212.25    56.913  
 0.0    57.047  
 215.5    57.18  
 0.0    57.314  
 218.75    57.447  
 0.0    57.581  
 222.0    57.715  
 0.0    57.848  
 225.25    57.982  
 0.0    58.115  
 228.5    58.249  
 0.0    58.382  
 231.75    58.516  
 0.0    58.65  
 235.0    58.783  
 0.0    58.917  
 238.25    59.05  
 0.0    59.184  
 241.5    59.318  
 0.0    59.451  
 244.75    59.585  
 0.0    59.718  
 248.0    59.852  
 0.0    59.985  
 251.25    60.119  
 0.0    60.252  
 254.5    60.386  
 0.0    60.52  
 257.75    60.654  
 0.0    60.787  
 261.0    60.921  
 0.0    61.054  
 264.25    61.188  
 0.0    61.321  
 267.5    61.455  
 0.0    61.588  
 270.75    61.722  
 0.0    61.856  
 274.0    61.989  
 0.0    62.123  
 277.25    62.256  
 0.0    62.39  
 280.5    62.523  
 0.0    62.657  
 283.75    62.791  
 0.0    62.925  
 287.0    63.058  
 0.0    63.191  
 290.25    63.325  
 0.0    63.459  
 293.5    63.592  
 0.0    63.726  
 296.75    63.859  
 0.0    63.993  
 300.0    64.127  
 0.0    64.26  
 303.25    64.394  
 0.0    64.527  
 306.5    64.661  
 0.0    64.794  
 309.75    64.928  
 0.0    65.062  
 313.0    65.195  
 0.0    65.329  
 316.25    65.462  
 0.0    65.596  
 319.5    65.729  
 0.0    65.863  
 322.75    65.996  
 0.0    66.13  
 326.0    66.264  
 0.0    66.397  
 329.25    66.531  
 0.0    66.664  
 332.5    66.798  
 0.0    66.931  
 335.75    67.065  
 0.0    67.199  
 339.0    67.332  
 0.0    67.466  
 342.25    67.599  
 0.0    67.733  
 345.5    67.867  
 0.0    68.0  
 348.75    68.134  
 0.0    68.27  
 1.0    68.401  
 0.0    68.535  
 4.25    68.668  
 0.0    68.802  
 7.5    68.935  
 0.0    69.069  
 10.75    69.202  
 0.0    69.337  
 14.0    69.47  
 0.0    69.603  
 17.25    69.737  
 0.0    69.87  
 20.5    70.004  
 0.0    70.137  
 23.75    70.271  
 0.0    70.405  
 27.0    70.538  
 0.0    70.672  
 30.25    70.805  
 0.0    70.939  
 33.5    71.073  
 0.0    71.206  
 36.75    71.34  
 0.0    71.473  
 40.0    71.607  
 0.0    71.741  
 43.25    71.874  
 0.0    72.008  
 46.5    72.141  
 0.0    72.275  
 49.75    72.408  
 0.0    72.542  
 53.0    72.675  
 0.0    72.809  
 56.25    72.943  
 0.0    73.076  
 59.5    73.21  
 0.0    73.343  
 62.75    73.477  
 0.0    73.61  
 66.0    73.744  
 0.0    73.878  
 69.25    74.011  
 0.0    74.145  
 72.5    74.278  
 0.0    74.412  
 75.75    74.546  
 0.0    74.679  
 79.0    74.813  
 0.0    74.946  
 82.25    75.08  
 0.0    75.213  
 85.5    75.347  
 0.0    75.481  
 88.75    75.614  
 0.0    75.748  
 92.0    75.881  
 0.0    76.015  
 95.25    76.148  
 0.0    76.282  
 98.5    76.416  
 0.0    76.55  
 101.75    76.683  
 0.0    76.817  
 105.0    76.95  
 0.0    77.084  
 108.25    77.217  
 0.0    77.351  
 111.5    77.485  
 0.0    77.618  
 114.75    77.752  
 0.0    77.885  
 118.0    78.019  
 0.0    78.152  
 121.25    78.286  
 0.0    78.419  
 124.5    78.553  
 0.0    78.686  
 127.75    78.82  
 0.0    78.954  
 131.0    79.087  
 0.0    79.221  
 134.25    79.354  
 0.0    79.488  
 137.5    79.621  
 0.0    79.755  
 140.75    79.889  
 0.0    80.022  
 144.0    80.156  
 0.0    80.289  
 147.25    80.423  
 0.0    80.557  
 150.5    80.69  
 0.0    80.824  
 153.75    80.957  
 0.0    81.091  
 157.0    81.225  
 0.0    81.358  
 160.25    81.492  
 0.0    81.625  
 163.5    81.759  
 0.0    81.892  
 166.75    82.026  
 0.0    82.16  
 170.0    82.293  
 0.0    82.427  
 173.25    82.56  
 0.0    82.694  
 176.5    82.828  
 0.0    82.961  
 179.75    83.095  
 0.0    83.228  
 183.0    83.362  
 0.0    83.495  
 186.25    83.629  
 0.0    83.762  
 189.5    83.896  
 0.0    84.03  
 192.75    84.163  
 0.0    84.297  
 196.0    84.43  
 0.0    84.564  
 199.25    84.698  
 0.0    84.831  
 202.5    84.965  
 0.0    85.098  
 205.75    85.232  
 0.0    85.365  
 209.0    85.499  
 0.0    85.633  
 212.25    85.766  
 0.0    85.9  
 215.5    86.033  
 0.0    86.167  
 218.75    86.301  
 0.0    86.434  
 222.0    86.568  
 0.0    86.701  
 225.25    86.835  
 0.0    86.968  
 228.5    87.102  
 0.0    87.236  
 231.75    87.369  
 0.0    87.503  
 235.0    87.636  
 0.0    87.77  
 238.25    87.903  
 0.0    88.037  
 241.5    88.171  
 0.0    88.304  
 244.75    88.438  
 0.0    88.571  
 248.0    88.705  
 0.0    88.839  
 251.25    88.972  
 0.0    89.106  
 254.5    89.239  
 0.0    89.373  
 257.75    89.507  
 0.0    89.64  
 261.0    89.774  
 0.0    89.907  
 264.25    90.041  
 0.0    90.174  
 267.5    90.308  
 0.0    90.441  
 270.75    90.575  
 0.0    90.709  
 274.0    90.842  
 0.0    90.976  
 277.25    91.109  
 0.0    91.243  
 280.5    91.376  
 0.0    91.51  
 283.75    91.644  
 0.0    91.777  
 287.0    91.911  
 0.0    92.044  
 290.25    92.178  
 0.0    92.312  
 293.5    92.445  
 0.0    92.579  
 296.75    92.712  
 0.0    92.846  
 300.0    92.979  
 0.0    93.113  
 303.25    93.247  
 0.0    93.38  
 306.5    93.514  
 0.0    93.647  
 309.75    93.781  
 0.0    93.914  
 313.0    94.048  
 0.0    94.182  
 316.25    94.315  
 0.0    94.449  
 319.5    94.582  
 0.0    94.716  
 322.75    94.85  
 0.0    94.983  
 326.0    95.117  
 0.0    95.25  
 329.25    95.384  
 0.0    95.518  
 332.5    95.651  
 0.0    95.785  
 335.75    95.918  
 0.0    96.052  
 339.0    96.185  
 0.0    96.319  
 342.25    96.452  
 0.0    96.586  
 345.5    96.72  
 0.0    96.853  
 348.75    96.987  
 0.0    97.153  
 1.0    97.288  
 0.0    97.421  
 4.25    97.554  
 0.0    97.688  
 7.5    97.822  
 0.0    97.955  
 10.75    98.089  
 0.0    98.222  
 14.0    98.356  
 0.0    98.49  
 17.25    98.623  
 0.0    98.757  
 20.5    98.89  
 0.0    99.024  
 23.75    99.157  
 0.0    99.291  
 27.0    99.425  
 0.0    99.558  
 30.25    99.692  
 0.0    99.825  
 33.5    99.959  
 0.0    100.093  
 36.75    100.226  
 0.0    100.36  
 40.0    100.494  
 0.0    100.627  
 43.25    100.76  
 0.0    100.894  
 46.5    101.027  
 0.0    101.161  
 49.75    101.295  
 0.0    101.428  
 53.0    101.562  
 0.0    101.696  
 56.25    101.829  
 0.0    101.963  
 59.5    102.097  
 0.0    102.23  
 62.75    102.363  
 0.0    102.497  
 66.0    102.631  
 0.0    102.764  
 69.25    102.898  
 0.0    103.031  
 72.5    103.165  
 0.0    103.298  
 75.75    103.432  
 0.0    103.566  
 79.0    103.699  
 0.0    103.833  
 82.25    103.966  
 0.0    104.1  
 85.5    104.233  
 0.0    104.367  
 88.75    104.501  
 0.0    104.634  
 92.0    104.768  
 0.0    104.901  
 95.25    105.035  
 0.0    105.168  
 98.5    105.302  
 0.0    105.436  
 101.75    105.569  
 0.0    105.703  
 105.0    105.836  
 0.0    105.97  
 108.25    106.104  
 0.0    106.237  
 111.5    106.371  
 0.0    106.505  
 114.75    106.638  
 0.0    106.772  
 118.0    106.905  
 0.0    107.039  
 121.25    107.173  
 0.0    107.306  
 124.5    107.439  
 0.0    107.573  
 127.75    107.706  
 0.0    107.84  
 131.0    107.974  
 0.0    108.107  
 134.25    108.241  
 0.0    108.374  
 137.5    108.508  
 0.0    108.642  
 140.75    108.775  
 0.0    108.909  
 144.0    109.042  
 0.0    109.176  
 147.25    109.31  
 0.0    109.443  
 150.5    109.577  
 0.0    109.71  
 153.75    109.844  
 0.0    109.977  
 157.0    110.111  
 0.0    110.245  
 160.25    110.378  
 0.0    110.512  
 163.5    110.646  
 0.0    110.779  
 166.75    110.912  
 0.0    111.046  
 170.0    111.179  
 0.0    111.313  
 173.25    111.447  
 0.0    111.58  
 176.5    111.714  
 0.0    111.847  
 179.75    111.981  
 0.0    112.115  
 183.0    112.248  
 0.0    112.382  
 186.25    112.515  
 0.0    112.649  
 189.5    112.783  
 0.0    112.916  
 192.75    113.05  
 0.0    113.183  
 196.0    113.317  
 0.0    113.45  
 199.25    113.584  
 0.0    113.718  
 202.5    113.851  
 0.0    113.985  
 205.75    114.118  
 0.0    114.252  
 209.0    114.385  
 0.0    114.519  
 212.25    114.653  
 0.0    114.786  
 215.5    114.92  
 0.0    115.053  
 218.75    115.187  
 0.0    115.32  
 222.0    115.454  
 0.0    115.588  
 225.25    115.721  
 0.0    115.855  
 228.5    115.988  
 0.0    116.122  
 231.75    116.256  
 0.0    116.389  
 235.0    116.523  
 0.0    116.656  
 238.25    116.79  
 0.0    116.923  
 241.5    117.057  
 0.0    117.191  
 244.75    117.324  
 0.0    117.458  
 248.0    117.591  
 0.0    117.725  
 251.25    117.859  
 0.0    117.992  
 254.5    118.126  
 0.0    118.259  
 257.75    118.393  
 0.0    118.526  
 261.0    118.66  
 0.0    118.794  
 264.25    118.927  
 0.0    119.061  
 267.5    119.194  
 0.0    119.328  
 270.75    119.462  
 0.0    119.595  
 274.0    119.729  
 0.0    119.862  
 277.25    119.996  
 0.0    120.129  
 280.5    120.263  
 0.0    120.397  
 283.75    120.53  
 0.0    120.664  
 287.0    120.797  
 0.0    120.931  
 290.25    121.064  
 0.0    121.198  
 293.5    121.332  
 0.0    121.465  
 296.75    121.599  
 0.0    121.732  
 300.0    121.866  
 0.0    121.999  
 303.25    122.133  
 0.0    122.267  
 306.5    122.4  
 0.0    122.534  
 309.75    122.668  
 0.0    122.801  
 313.0    122.934  
 0.0    123.068  
 316.25    123.202  
 0.0    123.335  
 319.5    123.469  
 0.0    123.602  
 322.75    123.736  
 0.0    123.87  
 326.0    124.003  
 0.0    124.137  
 329.25    124.27  
 0.0    124.404  
 332.5    124.537  
 0.0    124.671  
 335.75    124.805  
 0.0    124.938  
 339.0    125.072  
 0.0    125.205  
 342.25    125.339  
 0.0    125.473  
 345.5    125.606  
 0.0    125.74  
 348.75    125.873  
 0.0    126.015  
 1.0    126.157  
 0.0    126.291  
 4.25    126.425  
 0.0    126.558  
 7.5    126.691  
 0.0    126.825  
 10.75    126.959  
 0.0    127.092  
 14.0    127.227  
 0.0    127.359  
 17.25    127.493  
 0.0    127.627  
 20.5    127.76  
 0.0    127.894  
 23.75    128.027  
 0.0    128.161  
 27.0    128.294  
 0.0    128.428  
 30.25    128.561  
 0.0    128.695  
 33.5    128.829  
 0.0    128.962  
 36.75    129.096  
 0.0    129.229  
 40.0    129.363  
 0.0    129.497  
 43.25    129.63  
 0.0    129.764  
 46.5    129.897  
 0.0    130.031  
 49.75    130.164  
 0.0    130.298  
 53.0    130.432  
 0.0    130.565  
 56.25    130.699  
 0.0    130.832  
 59.5    130.966  
 0.0    131.1  
 62.75    131.233  
 0.0    131.367  
 66.0    131.5  
 0.0    131.634  
 69.25    131.767  
 0.0    131.901  
 72.5    132.034  
 0.0    132.168  
 75.75    132.302  
 0.0    132.435  
 79.0    132.569  
 0.0    132.702  
 82.25    132.836  
 0.0    132.97  
 85.5    133.103  
 0.0    133.237  
 88.75    133.37  
 0.0    133.504  
 92.0    133.638  
 0.0    133.771  
 95.25    133.905  
 0.0    134.038  
 98.5    134.172  
 0.0    134.305  
 101.75    134.439  
 0.0    134.573  
 105.0    134.706  
 0.0    134.84  
 108.25    134.973  
 0.0    135.107  
 111.5    135.24  
 0.0    135.374  
 114.75    135.508  
 0.0    135.641  
 118.0    135.775  
 0.0    135.908  
 121.25    136.042  
 0.0    136.176  
 124.5    136.309  
 0.0    136.443  
 127.75    136.576  
 0.0    136.71  
 131.0    136.843  
 0.0    136.977  
 134.25    137.111  
 0.0    137.244  
 137.5    137.378  
 0.0    137.511  
 140.75    137.645  
 0.0    137.778  
 144.0    137.912  
 0.0    138.046  
 147.25    138.179  
 0.0    138.313  
 150.5    138.446  
 0.0    138.58  
 153.75    138.714  
 0.0    138.847  
 157.0    138.98  
 0.0    139.114  
 160.25    139.248  
 0.0    139.381  
 163.5    139.515  
 0.0    139.648  
 166.75    139.782  
 0.0    139.916  
 170.0    140.049  
 0.0    140.183  
 173.25    140.317  
 0.0    140.45  
 176.5    140.583  
 0.0    140.718  
 179.75    140.851  
 0.0    140.984  
 183.0    141.118  
 0.0    141.252  
 186.25    141.385  
 0.0    141.519  
 189.5    141.652  
 0.0    141.786  
 192.75    141.92  
 0.0    142.053  
 196.0    142.187  
 0.0    142.32  
 199.25    142.454  
 0.0    142.587  
 202.5    142.721  
 0.0    142.854  
 205.75    142.988  
 0.0    143.122  
 209.0    143.255  
 0.0    143.389  
 212.25    143.522  
 0.0    143.656  
 215.5    143.789  
 0.0    143.923  
 218.75    144.057  
 0.0    144.19  
 222.0    144.324  
 0.0    144.457  
 225.25    144.591  
 0.0    144.725  
 228.5    144.858  
 0.0    144.992  
 231.75    145.125  
 0.0    145.259  
 235.0    145.392  
 0.0    145.526  
 238.25    145.66  
 0.0    145.793  
 241.5    145.927  
 0.0    146.06  
 244.75    146.194  
 0.0    146.327  
 248.0    146.461  
 0.0    146.595  
 251.25    146.728  
 0.0    146.862  
 254.5    146.995  
 0.0    147.129  
 257.75    147.263  
 0.0    147.396  
 261.0    147.53  
 0.0    147.663  
 264.25    147.797  
 0.0    147.93  
 267.5    148.064  
 0.0    148.198  
 270.75    148.331  
 0.0    148.465  
 274.0    148.598  
 0.0    148.732  
 277.25    148.865  
 0.0    148.999  
 280.5    149.133  
 0.0    149.267  
 283.75    149.4  
 0.0    149.533  
 287.0    149.667  
 0.0    149.8  
 290.25    149.934  
 0.0    150.068  
 293.5    150.201  
 0.0    150.335  
 296.75    150.469  
 0.0    150.602  
 300.0    150.735  
 0.0    150.869  
 303.25    151.003  
 0.0    151.136  
 306.5    151.27  
 0.0    151.404  
 309.75    151.537  
 0.0    151.671  
 313.0    151.804  
 0.0    151.938  
 316.25    152.071  
 0.0    152.205  
 319.5    152.339  
 0.0    152.472  
 322.75    152.606  
 0.0    152.739  
 326.0    152.873  
 0.0    153.006  
 329.25    153.14  
 0.0    153.274  
 332.5    153.407  
 0.0    153.541  
 335.75    153.674  
 0.0    153.808  
 339.0    153.941  
 0.0    154.075  
 342.25    154.209  
 0.0    154.342  
 345.5    154.476  
 0.0    154.609  
 348.75    154.743  
 0.0    154.882  
 1.0    155.012  
 0.0    155.144  
 4.25    155.277  
 0.0    155.411  
 7.5    155.544  
 0.0    155.678  
 10.75    155.812  
 0.0    155.945  
 14.0    156.079  
 0.0    156.212  
 17.25    156.346  
 0.0    156.479  
 20.5    156.613  
 0.0    156.747  
 23.75    156.881  
 0.0    157.014  
 27.0    157.147  
 0.0    157.281  
 30.25    157.415  
 0.0    157.548  
 33.5    157.682  
 0.0    157.815  
 36.75    157.949  
 0.0    158.082  
 40.0    158.216  
 0.0    158.35  
 43.25    158.483  
 0.0    158.617  
 46.5    158.75  
 0.0    158.884  
 49.75    159.017  
 0.0    159.151  
 53.0    159.285  
 0.0    159.418  
 56.25    159.552  
 0.0    159.685  
 59.5    159.819  
 0.0    159.953  
 62.75    160.086  
 0.0    160.22  
 66.0    160.353  
 0.0    160.487  
 69.25    160.62  
 0.0    160.754  
 72.5    160.888  
 0.0    161.021  
 75.75    161.155  
 0.0    161.288  
 79.0    161.422  
 0.0    161.556  
 82.25    161.689  
 0.0    161.823  
 85.5    161.956  
 0.0    162.09  
 88.75    162.223  
 0.0    162.357  
 92.0    162.491  
 0.0    162.624  
 95.25    162.758  
 0.0    162.891  
 98.5    163.025  
 0.0    163.158  
 101.75    163.292  
 0.0    163.426  
 105.0    163.559  
 0.0    163.693  
 108.25    163.826  
 0.0    163.96  
 111.5    164.093  
 0.0    164.227  
 114.75    164.361  
 0.0    164.494  
 118.0    164.628  
 0.0    164.761  
 121.25    164.895  
 0.0    165.028  
 124.5    165.162  
 0.0    165.296  
 127.75    165.429  
 0.0    165.563  
 131.0    165.697  
 0.0    165.83  
 134.25    165.964  
 0.0    166.097  
 137.5    166.231  
 0.0    166.364  
 140.75    166.498  
 0.0    166.631  
 144.0    166.765  
 0.0    166.899  
 147.25    167.032  
 0.0    167.166  
 150.5    167.299  
 0.0    167.433  
 153.75    167.566  
 0.0    167.7  
 157.0    167.834  
 0.0    167.967  
 160.25    168.101  
 0.0    168.234  
 163.5    168.368  
 0.0    168.502  
 166.75    168.635  
 0.0    168.769  
 170.0    168.903  
 0.0    169.036  
 173.25    169.17  
 0.0    169.303  
 176.5    169.437  
 0.0    169.57  
 179.75    169.704  
 0.0    169.838  
 183.0    169.971  
 0.0    170.105  
 186.25    170.238  
 0.0    170.372  
 189.5    170.505  
 0.0    170.639  
 192.75    170.772  
 0.0    170.906  
 196.0    171.04  
 0.0    171.173  
 199.25    171.307  
 0.0    171.44  
 202.5    171.574  
 0.0    171.708  
 205.75    171.841  
 0.0    171.975  
 209.0    172.108  
 0.0    172.242  
 212.25    172.375  
 0.0    172.509  
 215.5    172.643  
 0.0    172.776  
 218.75    172.91  
 0.0    173.043  
 222.0    173.177  
 0.0    173.311  
 225.25    173.444  
 0.0    173.578  
 228.5    173.711  
 0.0    173.845  
 231.75    173.979  
 0.0    174.112  
 235.0    174.245  
 0.0    174.379  
 238.25    174.513  
 0.0    174.646  
 241.5    174.78  
 0.0    174.913  
 244.75    175.047  
 0.0    175.181  
 248.0    175.314  
 0.0    175.448  
 251.25    175.581  
 0.0    175.715  
 254.5    175.848  
 0.0    175.982  
 257.75    176.116  
 0.0    176.25  
 261.0    176.383  
 0.0    176.516  
 264.25    176.65  
 0.0    176.783  
 267.5    176.917  
 0.0    177.051  
 270.75    177.184  
 0.0    177.318  
 274.0    177.452  
 0.0    177.585  
 277.25    177.719  
 0.0    177.852  
 280.5    177.986  
 0.0    178.119  
 283.75    178.253  
 0.0    178.386  
 287.0    178.52  
 0.0    178.654  
 290.25    178.787  
 0.0    178.921  
 293.5    179.054  
 0.0    179.188  
 296.75    179.322  
 0.0    179.455  
 300.0    179.589  
 0.0    179.722  
 303.25    179.856  
 0.0    179.989  
 306.5    180.123  
 0.0    180.257  
 309.75    180.39  
 0.0    180.524  
 313.0    180.657  
 0.0    180.791  
 316.25    180.924  
 0.0    181.058  
 319.5    181.192  
 0.0    181.325  
 322.75    181.459  
 0.0    181.592  
 326.0    181.726  
 0.0    181.86  
 329.25    181.993  
 0.0    182.127  
 332.5    182.26  
 0.0    182.394  
 335.75    182.527  
 0.0    182.661  
 339.0    182.794  
 0.0    182.928  
 342.25    183.062  
 0.0    183.195  
 345.5    183.329  
 0.0    183.462  
 348.75    183.596  
 0.0    183.737  
 1.0    183.88  
 0.0    184.014  
 4.25    184.147  
 0.0    184.281  
 7.5    184.414  
 0.0    184.548  
 10.75    184.681  
 0.0    184.815  
 14.0    184.948  
 0.0    185.082  
 17.25    185.216  
 0.0    185.349  
 20.5    185.483  
 0.0    185.616  
 23.75    185.75  
 0.0    185.884  
 27.0    186.017  
 0.0    186.151  
 30.25    186.284  
 0.0    186.418  
 33.5    186.552  
 0.0    186.685  
 36.75    186.819  
 0.0    186.952  
 40.0    187.086  
 0.0    187.22  
 43.25    187.353  
 0.0    187.487  
 46.5    187.62  
 0.0    187.754  
 49.75    187.887  
 0.0    188.021  
 53.0    188.154  
 0.0    188.288  
 56.25    188.422  
 0.0    188.555  
 59.5    188.689  
 0.0    188.822  
 62.75    188.956  
 0.0    189.089  
 66.0    189.223  
 0.0    189.357  
 69.25    189.49  
 0.0    189.624  
 72.5    189.757  
 0.0    189.891  
 75.75    190.025  
 0.0    190.158  
 79.0    190.292  
 0.0    190.425  
 82.25    190.559  
 0.0    190.692  
 85.5    190.826  
 0.0    190.96  
 88.75    191.093  
 0.0    191.227  
 92.0    191.36  
 0.0    191.494  
 95.25    191.627  
 0.0    191.761  
 98.5    191.895  
 0.0    192.028  
 101.75    192.162  
 0.0    192.295  
 105.0    192.429  
 0.0    192.563  
 108.25    192.696  
 0.0    192.83  
 111.5    192.963  
 0.0    193.097  
 114.75    193.23  
 0.0    193.364  
 118.0    193.498  
 0.0    193.631  
 121.25    193.765  
 0.0    193.898  
 124.5    194.032  
 0.0    194.165  
 127.75    194.299  
 0.0    194.433  
 131.0    194.566  
 0.0    194.7  
 134.25    194.834  
 0.0    194.967  
 137.5    195.101  
 0.0    195.234  
 140.75    195.368  
 0.0    195.501  
 144.0    195.635  
 0.0    195.768  
 147.25    195.902  
 0.0    196.036  
 150.5    196.169  
 0.0    196.303  
 153.75    196.436  
 0.0    196.57  
 157.0    196.703  
 0.0    196.837  
 160.25    196.971  
 0.0    197.104  
 163.5    197.238  
 0.0    197.371  
 166.75    197.505  
 0.0    197.639  
 170.0    197.772  
 0.0    197.906  
 173.25    198.039  
 0.0    198.173  
 176.5    198.306  
 0.0    198.44  
 179.75    198.574  
 0.0    198.707  
 183.0    198.841  
 0.0    198.974  
 186.25    199.108  
 0.0    199.242  
 189.5    199.375  
 0.0    199.509  
 192.75    199.642  
 0.0    199.776  
 196.0    199.909  
 0.0    200.043  
 199.25    200.176  
 0.0    200.31  
 202.5    200.444  
 0.0    200.577  
 205.75    200.711  
 0.0    200.844  
 209.0    200.978  
 0.0    201.112  
 212.25    201.245  
 0.0    201.379  
 215.5    201.513  
 0.0    201.646  
 218.75    201.779  
 0.0    201.913  
 222.0    202.046  
 0.0    202.18  
 225.25    202.314  
 0.0    202.447  
 228.5    202.581  
 0.0    202.715  
 231.75    202.848  
 0.0    202.982  
 235.0    203.115  
 0.0    203.249  
 238.25    203.382  
 0.0    203.516  
 241.5    203.649  
 0.0    203.783  
 244.75    203.917  
 0.0    204.05  
 248.0    204.184  
 0.0    204.318  
 251.25    204.451  
 0.0    204.585  
 254.5    204.718  
 0.0    204.852  
 257.75    204.985  
 0.0    205.119  
 261.0    205.253  
 0.0    205.386  
 264.25    205.52  
 0.0    205.653  
 267.5    205.787  
 0.0    205.92  
 270.75    206.054  
 0.0    206.188  
 274.0    206.321  
 0.0    206.455  
 277.25    206.588  
 0.0    206.722  
 280.5    206.856  
 0.0    206.989  
 283.75    207.123  
 0.0    207.256  
 287.0    207.39  
 0.0    207.523  
 290.25    207.657  
 0.0    207.791  
 293.5    207.924  
 0.0    208.058  
 296.75    208.191  
 0.0    208.325  
 300.0    208.458  
 0.0    208.592  
 303.25    208.725  
 0.0    208.859  
 306.5    208.993  
 0.0    209.126  
 309.75    209.26  
 0.0    209.393  
 313.0    209.527  
 0.0    209.661  
 316.25    209.794  
 0.0    209.928  
 319.5    210.061  
 0.0    210.195  
 322.75    210.328  
 0.0    210.462  
 326.0    210.595  
 0.0    210.729  
 329.25    210.863  
 0.0    210.996  
 332.5    211.13  
 0.0    211.263  
 335.75    211.397  
 0.0    211.531  
 339.0    211.664  
 0.0    211.798  
 342.25    211.931  
 0.0    212.065  
 345.5    212.199  
 0.0    212.332  
 348.75    212.466  
 0.0    212.609  
 1.0    212.75  
 0.0    212.883  
 4.25    213.017  
 0.0    213.15  
 7.5    213.284  
 0.0    213.418  
 10.75    213.551  
 0.0    213.685  
 14.0    213.818  
 0.0    213.952  
 17.25    214.085  
 0.0    214.219  
 20.5    214.353  
 0.0    214.486  
 23.75    214.62  
 0.0    214.753  
 27.0    214.887  
 0.0    215.021  
 30.25    215.154  
 0.0    215.288  
 33.5    215.421  
 0.0    215.555  
 36.75    215.688  
 0.0    215.822  
 40.0    215.956  
 0.0    216.089  
 43.25    216.223  
 0.0    216.356  
 46.5    216.49  
 0.0    216.623  
 49.75    216.757  
 0.0    216.891  
 53.0    217.024  
 0.0    217.158  
 56.25    217.291  
 0.0    217.425  
 59.5    217.558  
 0.0    217.692  
 62.75    217.826  
 0.0    217.959  
 66.0    218.093  
 0.0    218.226  
 69.25    218.36  
 0.0    218.493  
 72.5    218.627  
 0.0    218.761  
 75.75    218.894  
 0.0    219.028  
 79.0    219.162  
 0.0    219.295  
 82.25    219.429  
 0.0    219.562  
 85.5    219.696  
 0.0    219.829  
 88.75    219.963  
 0.0    220.097  
 92.0    220.23  
 0.0    220.363  
 95.25    220.497  
 0.0    220.631  
 98.5    220.764  
 0.0    220.898  
 101.75    221.031  
 0.0    221.165  
 105.0    221.299  
 0.0    221.432  
 108.25    221.566  
 0.0    221.7  
 111.5    221.833  
 0.0    221.967  
 114.75    222.1  
 0.0    222.234  
 118.0    222.368  
 0.0    222.501  
 121.25    222.635  
 0.0    222.768  
 124.5    222.902  
 0.0    223.035  
 127.75    223.169  
 0.0    223.302  
 131.0    223.436  
 0.0    223.57  
 134.25    223.703  
 0.0    223.837  
 137.5    223.97  
 0.0    224.104  
 140.75    224.237  
 0.0    224.371  
 144.0    224.505  
 0.0    224.638  
 147.25    224.772  
 0.0    224.905  
 150.5    225.039  
 0.0    225.172  
 153.75    225.306  
 0.0    225.44  
 157.0    225.573  
 0.0    225.707  
 160.25    225.84  
 0.0    225.974  
 163.5    226.107  
 0.0    226.241  
 166.75    226.375  
 0.0    226.508  
 170.0    226.642  
 0.0    226.775  
 173.25    226.909  
 0.0    227.043  
 176.5    227.176  
 0.0    227.31  
 179.75    227.443  
 0.0    227.577  
 183.0    227.71  
 0.0    227.844  
 186.25    227.978  
 0.0    228.111  
 189.5    228.245  
 0.0    228.378  
 192.75    228.512  
 0.0    228.645  
 196.0    228.779  
 0.0    228.912  
 199.25    229.046  
 0.0    229.18  
 202.5    229.313  
 0.0    229.447  
 205.75    229.58  
 0.0    229.714  
 209.0    229.848  
 0.0    229.981  
 212.25    230.115  
 0.0    230.248  
 215.5    230.382  
 0.0    230.516  
 218.75    230.649  
 0.0    230.783  
 222.0    230.916  
 0.0    231.05  
 225.25    231.184  
 0.0    231.317  
 228.5    231.451  
 0.0    231.584  
 231.75    231.718  
 0.0    231.851  
 235.0    231.985  
 0.0    232.119  
 238.25    232.252  
 0.0    232.386  
 241.5    232.519  
 0.0    232.653  
 244.75    232.786  
 0.0    232.92  
 248.0    233.054  
 0.0    233.187  
 251.25    233.321  
 0.0    233.454  
 254.5    233.588  
 0.0    233.721  
 257.75    233.855  
 0.0    233.989  
 261.0    234.122  
 0.0    234.256  
 264.25    234.389  
 0.0    234.523  
 267.5    234.657  
 0.0    234.79  
 270.75    234.924  
 0.0    235.057  
 274.0    235.191  
 0.0    235.324  
 277.25    235.458  
 0.0    235.592  
 280.5    235.725  
 0.0    235.859  
 283.75    235.992  
 0.0    236.126  
 287.0    236.259  
 0.0    236.393  
 290.25    236.527  
 0.0    236.66  
 293.5    236.794  
 0.0    236.927  
 296.75    237.061  
 0.0    237.194  
 300.0    237.328  
 0.0    237.462  
 303.25    237.595  
 0.0    237.729  
 306.5    237.862  
 0.0    237.996  
 309.75    238.129  
 0.0    238.263  
 313.0    238.397  
 0.0    238.53  
 316.25    238.664  
 0.0    238.798  
 319.5    238.931  
 0.0    239.065  
 322.75    239.198  
 0.0    239.332  
 326.0    239.466  
 0.0    239.599  
 329.25    239.733  
 0.0    239.866  
 332.5    240.0  
 0.0    240.133  
 335.75    240.267  
 0.0    240.4  
 339.0    240.534  
 0.0    240.668  
 342.25    240.801  
 0.0    240.935  
 345.5    241.069  
 0.0    241.202  
 348.75    241.335  
 0.0    241.476  
 1.0    241.619  
 0.0    241.753  
 4.25    241.887  
 0.0    242.02  
 7.5    242.154  
 0.0    242.287  
 10.75    242.421  
 0.0    242.554  
 14.0    242.688  
 0.0    242.822  
 17.25    242.955  
 0.0    243.089  
 20.5    243.222  
 0.0    243.356  
 23.75    243.489  
 0.0    243.623  
 27.0    243.757  
 0.0    243.89  
 30.25    244.024  
 0.0    244.157  
 33.5    244.291  
 0.0    244.424  
 36.75    244.558  
 0.0    244.692  
 40.0    244.825  
 0.0    244.959  
 43.25    245.092  
 0.0    245.226  
 46.5    245.36  
 0.0    245.493  
 49.75    245.627  
 0.0    245.76  
 53.0    245.894  
 0.0    246.027  
 56.25    246.161  
 0.0    246.295  
 59.5    246.428  
 0.0    246.562  
 62.75    246.695  
 0.0    246.829  
 66.0    246.963  
 0.0    247.096  
 69.25    247.23  
 0.0    247.363  
 72.5    247.497  
 0.0    247.63  
 75.75    247.764  
 0.0    247.898  
 79.0    248.031  
 0.0    248.165  
 82.25    248.298  
 0.0    248.432  
 85.5    248.565  
 0.0    248.699  
 88.75    248.833  
 0.0    248.966  
 92.0    249.1  
 0.0    249.233  
 95.25    249.367  
 0.0    249.501  
 98.5    249.634  
 0.0    249.768  
 101.75    249.901  
 0.0    250.035  
 105.0    250.169  
 0.0    250.302  
 108.25    250.436  
 0.0    250.569  
 111.5    250.703  
 0.0    250.836  
 114.75    250.97  
 0.0    251.103  
 118.0    251.237  
 0.0    251.371  
 121.25    251.504  
 0.0    251.638  
 124.5    251.771  
 0.0    251.905  
 127.75    252.038  
 0.0    252.172  
 131.0    252.306  
 0.0    252.439  
 134.25    252.573  
 0.0    252.706  
 137.5    252.84  
 0.0    252.974  
 140.75    253.107  
 0.0    253.241  
 144.0    253.374  
 0.0    253.508  
 147.25    253.641  
 0.0    253.775  
 150.5    253.909  
 0.0    254.042  
 153.75    254.176  
 0.0    254.31  
 157.0    254.443  
 0.0    254.576  
 160.25    254.71  
 0.0    254.843  
 163.5    254.978  
 0.0    255.111  
 166.75    255.244  
 0.0    255.378  
 170.0    255.511  
 0.0    255.645  
 173.25    255.779  
 0.0    255.912  
 176.5    256.046  
 0.0    256.179  
 179.75    256.313  
 0.0    256.446  
 183.0    256.58  
 0.0    256.714  
 186.25    256.847  
 0.0    256.981  
 189.5    257.115  
 0.0    257.248  
 192.75    257.382  
 0.0    257.515  
 196.0    257.649  
 0.0    257.783  
 199.25    257.916  
 0.0    258.05  
 202.5    258.183  
 0.0    258.317  
 205.75    258.45  
 0.0    258.584  
 209.0    258.718  
 0.0    258.851  
 212.25    258.985  
 0.0    259.118  
 215.5    259.252  
 0.0    259.385  
 218.75    259.519  
 0.0    259.652  
 222.0    259.786  
 0.0    259.92  
 225.25    260.053  
 0.0    260.187  
 228.5    260.32  
 0.0    260.454  
 231.75    260.588  
 0.0    260.721  
 235.0    260.855  
 0.0    260.988  
 238.25    261.122  
 0.0    261.255  
 241.5    261.389  
 0.0    261.523  
 244.75    261.656  
 0.0    261.79  
 248.0    261.924  
 0.0    262.057  
 251.25    262.19  
 0.0    262.324  
 254.5    262.458  
 0.0    262.591  
 257.75    262.725  
 0.0    262.858  
 261.0    262.992  
 0.0    263.125  
 264.25    263.259  
 0.0    263.393  
 267.5    263.526  
 0.0    263.66  
 270.75    263.793  
 0.0    263.927  
 274.0    264.06  
 0.0    264.194  
 277.25    264.328  
 0.0    264.461  
 280.5    264.595  
 0.0    264.729  
 283.75    264.862  
 0.0    264.996  
 287.0    265.13  
 0.0    265.263  
 290.25    265.396  
 0.0    265.53  
 293.5    265.663  
 0.0    265.797  
 296.75    265.931  
 0.0    266.064  
 300.0    266.198  
 0.0    266.332  
 303.25    266.465  
 0.0    266.599  
 306.5    266.732  
 0.0    266.866  
 309.75    266.999  
 0.0    267.133  
 313.0    267.266  
 0.0    267.4  
 316.25    267.534  
 0.0    267.667  
 319.5    267.801  
 0.0    267.934  
 322.75    268.068  
 0.0    268.202  
 326.0    268.335  
 0.0    268.469  
 329.25    268.603  
 0.0    268.736  
 332.5    268.87  
 0.0    269.003  
 335.75    269.137  
 0.0    269.27  
 339.0    269.404  
 0.0    269.537  
 342.25    269.671  
 0.0    269.804  
 345.5    269.938  
 0.0    270.072  
 348.75    270.205  
 0.0    270.347  
 1.0    270.489  
 0.0    270.623  
 4.25    270.756  
 0.0    270.89  
 7.5    271.023  
 0.0    271.157  
 10.75    271.291  
 0.0    271.424  
 14.0    271.558  
 0.0    271.691  
 17.25    271.825  
 0.0    271.958  
 20.5    272.092  
 0.0    272.226  
 23.75    272.359  
 0.0    272.493  
 27.0    272.626  
 0.0    272.76  
 30.25    272.893  
 0.0    273.027  
 33.5    273.161  
 0.0    273.294  
 36.75    273.428  
 0.0    273.561  
 40.0    273.695  
 0.0    273.828  
 43.25    273.962  
 0.0    274.096  
 46.5    274.229  
 0.0    274.363  
 49.75    274.496  
 0.0    274.63  
 53.0    274.763  
 0.0    274.897  
 56.25    275.031  
 0.0    275.165  
 59.5    275.298  
 0.0    275.432  
 62.75    275.565  
 0.0    275.699  
 66.0    275.832  
 0.0    275.966  
 69.25    276.099  
 0.0    276.233  
 72.5    276.367  
 0.0    276.5  
 75.75    276.634  
 0.0    276.767  
 79.0    276.901  
 0.0    277.034  
 82.25    277.168  
 0.0    277.301  
 85.5    277.435  
 0.0    277.569  
 88.75    277.702  
 0.0    277.836  
 92.0    277.97  
 0.0    278.103  
 95.25    278.237  
 0.0    278.37  
 98.5    278.504  
 0.0    278.637  
 101.75    278.771  
 0.0    278.905  
 105.0    279.038  
 0.0    279.172  
 108.25    279.305  
 0.0    279.439  
 111.5    279.572  
 0.0    279.706  
 114.75    279.84  
 0.0    279.973  
 118.0    280.107  
 0.0    280.24  
 121.25    280.374  
 0.0    280.508  
 124.5    280.641  
 0.0    280.775  
 127.75    280.908  
 0.0    281.042  
 131.0    281.175  
 0.0    281.309  
 134.25    281.443  
 0.0    281.576  
 137.5    281.71  
 0.0    281.843  
 140.75    281.977  
 0.0    282.11  
 144.0    282.244  
 0.0    282.377  
 147.25    282.511  
 0.0    282.645  
 150.5    282.778  
 0.0    282.912  
 153.75    283.045  
 0.0    283.179  
 157.0    283.313  
 0.0    283.446  
 160.25    283.58  
 0.0    283.713  
 163.5    283.847  
 0.0    283.98  
 166.75    284.114  
 0.0    284.248  
 170.0    284.381  
 0.0    284.515  
 173.25    284.649  
 0.0    284.782  
 176.5    284.916  
 0.0    285.049  
 179.75    285.183  
 0.0    285.316  
 183.0    285.45  
 0.0    285.584  
 186.25    285.717  
 0.0    285.851  
 189.5    285.984  
 0.0    286.118  
 192.75    286.251  
 0.0    286.385  
 196.0    286.518  
 0.0    286.652  
 199.25    286.786  
 0.0    286.919  
 202.5    287.053  
 0.0    287.186  
 205.75    287.32  
 0.0    287.453  
 209.0    287.587  
 0.0    287.721  
 212.25    287.854  
 0.0    287.988  
 215.5    288.121  
 0.0    288.255  
 218.75    288.389  
 0.0    288.522  
 222.0    288.656  
 0.0    288.79  
 225.25    288.923  
 0.0    289.057  
 228.5    289.19  
 0.0    289.324  
 231.75    289.457  
 0.0    289.591  
 235.0    289.724  
 0.0    289.858  
 238.25    289.991  
 0.0    290.125  
 241.5    290.259  
 0.0    290.392  
 244.75    290.526  
 0.0    290.66  
 248.0    290.793  
 0.0    290.927  
 251.25    291.06  
 0.0    291.194  
 254.5    291.327  
 0.0    291.461  
 257.75    291.595  
 0.0    291.728  
 261.0    291.862  
 0.0    291.995  
 264.25    292.129  
 0.0    292.262  
 267.5    292.396  
 0.0    292.53  
 270.75    292.663  
 0.0    292.797  
 274.0    292.931  
 0.0    293.064  
 277.25    293.197  
 0.0    293.331  
 280.5    293.465  
 0.0    293.598  
 283.75    293.732  
 0.0    293.865  
 287.0    293.999  
 0.0    294.133  
 290.25    294.266  
 0.0    294.4  
 293.5    294.533  
 0.0    294.667  
 296.75    294.8  
 0.0    294.934  
 300.0    295.068  
 0.0    295.201  
 303.25    295.335  
 0.0    295.469  
 306.5    295.602  
 0.0    295.736  
 309.75    295.869  
 0.0    296.003  
 313.0    296.136  
 0.0    296.27  
 316.25    296.404  
 0.0    296.537  
 319.5    296.671  
 0.0    296.804  
 322.75    296.938  
 0.0    297.071  
 326.0    297.205  
 0.0    297.338  
 329.25    297.472  
 0.0    297.606  
 332.5    297.739  
 0.0    297.873  
 335.75    298.006  
 0.0    298.14  
 339.0    298.273  
 0.0    298.407  
 342.25    298.541  
 0.0    298.674  
 345.5    298.808  
 0.0    298.941  
 348.75    299.075  
 0.0    299.219  
 1.0    299.359  
 0.0    299.493  
 4.25    299.626  
 0.0    299.76  
 7.5    299.893  
 0.0    300.027  
 10.75    300.16  
 0.0    300.294  
 14.0    300.427  
 0.0    300.561  
 17.25    300.695  
 0.0    300.828  
 20.5    300.962  
 0.0    301.096  
 23.75    301.229  
 0.0    301.363  
 27.0    301.496  
 0.0    301.63  
 30.25    301.763  
 0.0    301.897  
 33.5    302.031  
 0.0    302.164  
 36.75    302.298  
 0.0    302.431  
 40.0    302.565  
 0.0    302.698  
 43.25    302.832  
 0.0    302.966  
 46.5    303.099  
 0.0    303.233  
 49.75    303.366  
 0.0    303.5  
 53.0    303.633  
 0.0    303.767  
 56.25    303.901  
 0.0    304.034  
 59.5    304.168  
 0.0    304.301  
 62.75    304.435  
 0.0    304.568  
 66.0    304.702  
 0.0    304.835  
 69.25    304.969  
 0.0    305.103  
 72.5    305.236  
 0.0    305.37  
 75.75    305.503  
 0.0    305.637  
 79.0    305.771  
 0.0    305.904  
 82.25    306.038  
 0.0    306.171  
 85.5    306.305  
 0.0    306.438  
 88.75    306.572  
 0.0    306.706  
 92.0    306.839  
 0.0    306.973  
 95.25    307.106  
 0.0    307.24  
 98.5    307.373  
 0.0    307.507  
 101.75    307.641  
 0.0    307.774  
 105.0    307.908  
 0.0    308.041  
 108.25    308.175  
 0.0    308.309  
 111.5    308.442  
 0.0    308.576  
 114.75    308.709  
 0.0    308.843  
 118.0    308.976  
 0.0    309.11  
 121.25    309.244  
 0.0    309.377  
 124.5    309.511  
 0.0    309.644  
 127.75    309.778  
 0.0    309.912  
 131.0    310.045  
 0.0    310.179  
 134.25    310.312  
 0.0    310.446  
 137.5    310.58  
 0.0    310.713  
 140.75    310.847  
 0.0    310.98  
 144.0    311.114  
 0.0    311.247  
 147.25    311.381  
 0.0    311.514  
 150.5    311.648  
 0.0    311.782  
 153.75    311.915  
 0.0    312.049  
 157.0    312.182  
 0.0    312.316  
 160.25    312.449  
 0.0    312.583  
 163.5    312.717  
 0.0    312.85  
 166.75    312.984  
 0.0    313.118  
 170.0    313.251  
 0.0    313.385  
 173.25    313.518  
 0.0    313.652  
 176.5    313.785  
 0.0    313.919  
 179.75    314.052  
 0.0    314.186  
 183.0    314.32  
 0.0    314.453  
 186.25    314.587  
 0.0    314.72  
 189.5    314.854  
 0.0    314.988  
 192.75    315.121  
 0.0    315.255  
 196.0    315.388  
 0.0    315.522  
 199.25    315.655  
 0.0    315.789  
 202.5    315.923  
 0.0    316.056  
 205.75    316.19  
 0.0    316.324  
 209.0    316.457  
 0.0    316.59  
 212.25    316.724  
 0.0    316.858  
 215.5    316.992  
 0.0    317.125  
 218.75    317.258  
 0.0    317.392  
 222.0    317.525  
 0.0    317.659  
 225.25    317.793  
 0.0    317.926  
 228.5    318.06  
 0.0    318.193  
 231.75    318.327  
 0.0    318.46  
 235.0    318.594  
 0.0    318.728  
 238.25    318.861  
 0.0    318.995  
 241.5    319.128  
 0.0    319.262  
 244.75    319.396  
 0.0    319.529  
 248.0    319.663  
 0.0    319.797  
 251.25    319.93  
 0.0    320.064  
 254.5    320.197  
 0.0    320.331  
 257.75    320.465  
 0.0    320.598  
 261.0    320.731  
 0.0    320.865  
 264.25    320.999  
 0.0    321.132  
 267.5    321.266  
 0.0    321.399  
 270.75    321.533  
 0.0    321.667  
 274.0    321.8  
 0.0    321.934  
 277.25    322.067  
 0.0    322.201  
 280.5    322.334  
 0.0    322.468  
 283.75    322.602  
 0.0    322.735  
 287.0    322.869  
 0.0    323.002  
 290.25    323.136  
 0.0    323.27  
 293.5    323.403  
 0.0    323.537  
 296.75    323.67  
 0.0    323.804  
 300.0    323.937  
 0.0    324.071  
 303.25    324.205  
 0.0    324.338  
 306.5    324.472  
 0.0    324.605  
 309.75    324.739  
 0.0    324.872  
 313.0    325.006  
 0.0    325.14  
 316.25    325.273  
 0.0    325.407  
 319.5    325.54  
 0.0    325.674  
 322.75    325.807  
 0.0    325.941  
 326.0    326.075  
 0.0    326.208  
 329.25    326.342  
 0.0    326.475  
 332.5    326.609  
 0.0    326.743  
 335.75    326.876  
 0.0    327.01  
 339.0    327.143  
 0.0    327.277  
 342.25    327.41  
 0.0    327.544  
 345.5    327.677  
 0.0    327.811  
 348.75    327.945  
