 [346.0, 261.5, 164.0, 63.25]  
 [40.61, 47.556, 55.571, 63.853]  
 [41.144, 48.091, 56.105, 64.387]  
 [359.0, 339.5, 209.5, 154.25]  
 [68.397, 69.997, 80.684, 85.225]  
 [70.666, 81.352, 85.893]  
 [313.5, 307.0, 108.75, 60.0]  
 [101.021, 101.555, 117.852, 121.859]  
 [101.556, 122.394]  
 [346.0, 251.75, 115.25, 17.75]  
 [127.219, 134.967, 146.187, 154.202]  
 [135.501, 146.722, 154.737]  
 [346.0, 258.25, 206.25, 108.75]  
 [156.072, 163.286, 167.56, 175.575]  
 [156.74, 163.82, 168.094]  
 [242.0, 128.25, 30.75, 17.75]  
 [193.491, 202.842, 210.857, 211.925]  
 [194.025, 203.376, 211.391, 212.46]  
 [281.0, 170.5, 134.75, 30.75]  
 [219.155, 228.238, 231.177, 239.726]  
 [219.689, 228.906]  
 [287.5, 248.5, 154.25, 69.75]  
 [247.49, 250.696, 258.444, 265.39]  
 [248.158, 251.364, 259.245]  
 [323.25, 320.0, 290.75, 21.0]  
 [273.421, 273.688, 276.093, 298.267]  
 [274.089, 298.935]  
 [333.0, 268.0, 180.25, 56.75]  
 [301.49, 306.833, 314.046, 324.198]  
 [302.158, 307.5, 314.58]  
