 [251.75, 193.25, 167.25, 17.75]  
 [32.199, 44.474, 46.609, 51.412]  
 [32.999, 45.008, 51.947]  
 [310.25, 131.5, 108.75, 37.25]  
 [62.621, 68.491, 70.359, 85.037]  
 [69.025, 70.893, 85.57]  
 [229.0, 144.5, 95.75, 79.5]  
 [94.911, 96.245, 100.248, 107.186]  
 [95.578, 100.781, 107.853]  
 [329.75, 316.75, 229.0, 89.25]  
 [124.532, 136.007, 143.212, 144.28]  
 []  
 [352.5, 326.5, 277.75, 180.25]  
 [160.825, 168.831, 172.834, 174.969]  
 [161.359]  
 [199.75, 102.25, 69.75, 66.5]  
 [180.306, 180.573, 183.241, 191.247]  
 [175.509, 180.839, 191.781]  
 [258.25, 151.0, 121.75, 73.0]  
 [209.66, 213.663, 216.065, 224.871]  
 [210.327, 214.197, 216.599]  
 [112.0, 82.75, 79.5, 34.0]  
 [235.296, 239.032, 239.299, 241.7]  
 [235.83, 239.699, 242.501]  
 [115.25, 115.25, 112.0, 82.75]  
 [268.136, 270.538, 270.805]  
 [268.67, 271.205, 271.872]  
 [339.5, 300.5, 290.75, 248.5]  
 [310.583, 314.053, 314.854, 318.055]  
 [311.117, 314.72, 315.787, 318.589]  
