 31.257    31.257  
 0.0    31.274  
 352.0    31.405  
 0.0    31.538  
 348.75    31.672  
 0.0    31.805  
 345.5    31.939  
 0.0    32.072  
 342.25    32.205  
 0.0    32.339  
 339.0    32.472  
 0.0    32.606  
 335.75    32.739  
 0.0    32.872  
 332.5    33.006  
 0.0    33.139  
 329.25    33.273  
 0.0    33.406  
 326.0    33.54  
 0.0    33.673  
 322.75    33.806  
 0.0    33.94  
 319.5    34.073  
 0.0    34.207  
 316.25    34.341  
 0.0    34.474  
 313.0    34.607  
 0.0    34.74  
 309.75    34.874  
 0.0    35.007  
 306.5    35.141  
 0.0    35.274  
 303.25    35.408  
 0.0    35.541  
 300.0    35.674  
 0.0    35.808  
 296.75    35.941  
 0.0    36.075  
 293.5    36.208  
 0.0    36.342  
 290.25    36.475  
 0.0    36.609  
 287.0    36.742  
 0.0    36.875  
 283.75    37.009  
 0.0    37.142  
 280.5    37.276  
 0.0    37.409  
 277.25    37.543  
 0.0    37.676  
 274.0    37.809  
 0.0    37.943  
 270.75    38.076  
 0.0    38.21  
 267.5    38.343  
 0.0    38.477  
 264.25    38.61  
 0.0    38.743  
 261.0    38.877  
 0.0    39.01  
 257.75    39.144  
 0.0    39.277  
 254.5    39.411  
 0.0    39.544  
 251.25    39.677  
 0.0    39.811  
 248.0    39.944  
 0.0    40.078  
 244.75    40.211  
 0.0    40.345  
 241.5    40.478  
 0.0    40.611  
 238.25    40.745  
 0.0    40.878  
 235.0    41.012  
 0.0    41.145  
 231.75    41.279  
 0.0    41.412  
 228.5    41.545  
 0.0    41.679  
 225.25    41.812  
 0.0    41.946  
 222.0    42.079  
 0.0    42.213  
 218.75    42.346  
 0.0    42.479  
 215.5    42.613  
 0.0    42.746  
 212.25    42.88  
 0.0    43.014  
 209.0    43.147  
 0.0    43.28  
 205.75    43.413  
 0.0    43.547  
 202.5    43.68  
 0.0    43.814  
 199.25    43.947  
 0.0    44.081  
 196.0    44.214  
 0.0    44.347  
 192.75    44.481  
 0.0    44.614  
 189.5    44.748  
 0.0    44.881  
 186.25    45.015  
 0.0    45.148  
 183.0    45.281  
 0.0    45.415  
 179.75    45.548  
 0.0    45.682  
 176.5    45.815  
 0.0    45.949  
 173.25    46.082  
 0.0    46.215  
 170.0    46.349  
 0.0    46.482  
 166.75    46.616  
 0.0    46.749  
 163.5    46.883  
 0.0    47.016  
 160.25    47.149  
 0.0    47.283  
 157.0    47.416  
 0.0    47.55  
 153.75    47.683  
 0.0    47.817  
 150.5    47.95  
 0.0    48.083  
 147.25    48.217  
 0.0    48.35  
 144.0    48.484  
 0.0    48.617  
 140.75    48.751  
 0.0    48.884  
 137.5    49.017  
 0.0    49.151  
 134.25    49.284  
 0.0    49.418  
 131.0    49.551  
 0.0    49.685  
 127.75    49.818  
 0.0    49.952  
 124.5    50.085  
 0.0    50.218  
 121.25    50.352  
 0.0    50.486  
 118.0    50.619  
 0.0    50.752  
 114.75    50.885  
 0.0    51.019  
 111.5    51.152  
 0.0    51.286  
 108.25    51.419  
 0.0    51.553  
 105.0    51.686  
 0.0    51.82  
 101.75    51.953  
 0.0    52.087  
 98.5    52.22  
 0.0    52.353  
 95.25    52.487  
 0.0    52.62  
 92.0    52.754  
 0.0    52.887  
 88.75    53.02  
 0.0    53.154  
 85.5    53.287  
 0.0    53.421  
 82.25    53.554  
 0.0    53.688  
 79.0    53.821  
 0.0    53.954  
 75.75    54.088  
 0.0    54.221  
 72.5    54.355  
 0.0    54.488  
 69.25    54.622  
 0.0    54.755  
 66.0    54.888  
 0.0    55.022  
 62.75    55.155  
 0.0    55.289  
 59.5    55.422  
 0.0    55.556  
 56.25    55.689  
 0.0    55.822  
 53.0    55.956  
 0.0    56.089  
 49.75    56.223  
 0.0    56.356  
 46.5    56.49  
 0.0    56.623  
 43.25    56.756  
 0.0    56.89  
 40.0    57.023  
 0.0    57.157  
 36.75    57.29  
 0.0    57.424  
 33.5    57.557  
 0.0    57.69  
 30.25    57.824  
 0.0    57.957  
 27.0    58.091  
 0.0    58.224  
 23.75    58.358  
 0.0    58.491  
 20.5    58.625  
 0.0    58.758  
 17.25    58.892  
 0.0    59.025  
 14.0    59.158  
 0.0    59.292  
 10.75    59.425  
 0.0    59.558  
 7.5    59.692  
 0.0    59.825  
 4.25    59.959  
 0.0    60.096  
 352.0    60.226  
 0.0    60.359  
 348.75    60.492  
 0.0    60.626  
 345.5    60.759  
 0.0    60.893  
 342.25    61.026  
 0.0    61.16  
 339.0    61.293  
 0.0    61.427  
 335.75    61.56  
 0.0    61.694  
 332.5    61.827  
 0.0    61.96  
 329.25    62.094  
 0.0    62.227  
 326.0    62.36  
 0.0    62.494  
 322.75    62.627  
 0.0    62.761  
 319.5    62.894  
 0.0    63.028  
 316.25    63.161  
 0.0    63.295  
 313.0    63.428  
 0.0    63.561  
 309.75    63.695  
 0.0    63.828  
 306.5    63.962  
 0.0    64.095  
 303.25    64.229  
 0.0    64.362  
 300.0    64.495  
 0.0    64.629  
 296.75    64.762  
 0.0    64.896  
 293.5    65.029  
 0.0    65.162  
 290.25    65.296  
 0.0    65.429  
 287.0    65.563  
 0.0    65.697  
 283.75    65.83  
 0.0    65.963  
 280.5    66.097  
 0.0    66.23  
 277.25    66.363  
 0.0    66.497  
 274.0    66.63  
 0.0    66.764  
 270.75    66.897  
 0.0    67.031  
 267.5    67.164  
 0.0    67.297  
 264.25    67.431  
 0.0    67.564  
 261.0    67.698  
 0.0    67.831  
 257.75    67.965  
 0.0    68.098  
 254.5    68.231  
 0.0    68.365  
 251.25    68.498  
 0.0    68.632  
 248.0    68.765  
 0.0    68.899  
 244.75    69.032  
 0.0    69.165  
 241.5    69.299  
 0.0    69.432  
 238.25    69.566  
 0.0    69.7  
 235.0    69.833  
 0.0    69.966  
 231.75    70.099  
 0.0    70.233  
 228.5    70.366  
 0.0    70.5  
 225.25    70.633  
 0.0    70.767  
 222.0    70.9  
 0.0    71.033  
 218.75    71.167  
 0.0    71.301  
 215.5    71.434  
 0.0    71.567  
 212.25    71.701  
 0.0    71.834  
 209.0    71.967  
 0.0    72.101  
 205.75    72.234  
 0.0    72.368  
 202.5    72.501  
 0.0    72.635  
 199.25    72.768  
 0.0    72.902  
 196.0    73.035  
 0.0    73.168  
 192.75    73.302  
 0.0    73.435  
 189.5    73.569  
 0.0    73.702  
 186.25    73.836  
 0.0    73.969  
 183.0    74.103  
 0.0    74.236  
 179.75    74.369  
 0.0    74.503  
 176.5    74.636  
 0.0    74.77  
 173.25    74.903  
 0.0    75.036  
 170.0    75.17  
 0.0    75.303  
 166.75    75.437  
 0.0    75.57  
 163.5    75.704  
 0.0    75.837  
 160.25    75.971  
 0.0    76.104  
 157.0    76.237  
 0.0    76.371  
 153.75    76.504  
 0.0    76.637  
 150.5    76.771  
 0.0    76.904  
 147.25    77.038  
 0.0    77.171  
 144.0    77.305  
 0.0    77.438  
 140.75    77.572  
 0.0    77.705  
 137.5    77.838  
 0.0    77.972  
 134.25    78.106  
 0.0    78.239  
 131.0    78.372  
 0.0    78.506  
 127.75    78.639  
 0.0    78.772  
 124.5    78.906  
 0.0    79.039  
 121.25    79.173  
 0.0    79.307  
 118.0    79.44  
 0.0    79.573  
 114.75    79.706  
 0.0    79.84  
 111.5    79.973  
 0.0    80.107  
 108.25    80.24  
 0.0    80.374  
 105.0    80.507  
 0.0    80.64  
 101.75    80.774  
 0.0    80.908  
 98.5    81.041  
 0.0    81.174  
 95.25    81.308  
 0.0    81.441  
 92.0    81.574  
 0.0    81.708  
 88.75    81.841  
 0.0    81.975  
 85.5    82.108  
 0.0    82.242  
 82.25    82.375  
 0.0    82.509  
 79.0    82.642  
 0.0    82.775  
 75.75    82.909  
 0.0    83.042  
 72.5    83.176  
 0.0    83.309  
 69.25    83.442  
 0.0    83.576  
 66.0    83.709  
 0.0    83.843  
 62.75    83.976  
 0.0    84.11  
 59.5    84.243  
 0.0    84.376  
 56.25    84.51  
 0.0    84.643  
 53.0    84.777  
 0.0    84.91  
 49.75    85.044  
 0.0    85.177  
 46.5    85.31  
 0.0    85.444  
 43.25    85.577  
 0.0    85.711  
 40.0    85.844  
 0.0    85.978  
 36.75    86.111  
 0.0    86.244  
 33.5    86.378  
 0.0    86.511  
 30.25    86.645  
 0.0    86.778  
 27.0    86.912  
 0.0    87.045  
 23.75    87.178  
 0.0    87.312  
 20.5    87.445  
 0.0    87.579  
 17.25    87.712  
 0.0    87.846  
 14.0    87.979  
 0.0    88.112  
 10.75    88.246  
 0.0    88.379  
 7.5    88.513  
 0.0    88.646  
 4.25    88.78  
 0.0    88.917  
 352.0    89.046  
 0.0    89.18  
 348.75    89.313  
 0.0    89.447  
 345.5    89.58  
 0.0    89.714  
 342.25    89.847  
 0.0    89.981  
 339.0    90.114  
 0.0    90.247  
 335.75    90.381  
 0.0    90.514  
 332.5    90.648  
 0.0    90.781  
 329.25    90.915  
 0.0    91.048  
 326.0    91.181  
 0.0    91.315  
 322.75    91.448  
 0.0    91.582  
 319.5    91.715  
 0.0    91.848  
 316.25    91.982  
 0.0    92.115  
 313.0    92.249  
 0.0    92.382  
 309.75    92.516  
 0.0    92.649  
 306.5    92.783  
 0.0    92.916  
 303.25    93.049  
 0.0    93.183  
 300.0    93.316  
 0.0    93.45  
 296.75    93.583  
 0.0    93.716  
 293.5    93.85  
 0.0    93.983  
 290.25    94.117  
 0.0    94.25  
 287.0    94.384  
 0.0    94.517  
 283.75    94.651  
 0.0    94.784  
 280.5    94.917  
 0.0    95.051  
 277.25    95.184  
 0.0    95.318  
 274.0    95.451  
 0.0    95.585  
 270.75    95.718  
 0.0    95.851  
 267.5    95.985  
 0.0    96.118  
 264.25    96.252  
 0.0    96.385  
 261.0    96.518  
 0.0    96.652  
 257.75    96.785  
 0.0    96.919  
 254.5    97.052  
 0.0    97.186  
 251.25    97.319  
 0.0    97.453  
 248.0    97.586  
 0.0    97.719  
 244.75    97.853  
 0.0    97.986  
 241.5    98.12  
 0.0    98.253  
 238.25    98.387  
 0.0    98.52  
 235.0    98.653  
 0.0    98.787  
 231.75    98.92  
 0.0    99.054  
 228.5    99.187  
 0.0    99.321  
 225.25    99.454  
 0.0    99.587  
 222.0    99.721  
 0.0    99.854  
 218.75    99.988  
 0.0    100.121  
 215.5    100.255  
 0.0    100.388  
 212.25    100.521  
 0.0    100.655  
 209.0    100.788  
 0.0    100.922  
 205.75    101.055  
 0.0    101.189  
 202.5    101.322  
 0.0    101.455  
 199.25    101.589  
 0.0    101.722  
 196.0    101.856  
 0.0    101.989  
 192.75    102.123  
 0.0    102.256  
 189.5    102.39  
 0.0    102.523  
 186.25    102.656  
 0.0    102.79  
 183.0    102.923  
 0.0    103.057  
 179.75    103.19  
 0.0    103.323  
 176.5    103.457  
 0.0    103.59  
 173.25    103.724  
 0.0    103.857  
 170.0    103.991  
 0.0    104.124  
 166.75    104.258  
 0.0    104.391  
 163.5    104.524  
 0.0    104.658  
 160.25    104.791  
 0.0    104.925  
 157.0    105.058  
 0.0    105.192  
 153.75    105.325  
 0.0    105.458  
 150.5    105.592  
 0.0    105.725  
 147.25    105.859  
 0.0    105.992  
 144.0    106.126  
 0.0    106.259  
 140.75    106.392  
 0.0    106.526  
 137.5    106.659  
 0.0    106.793  
 134.25    106.926  
 0.0    107.06  
 131.0    107.193  
 0.0    107.326  
 127.75    107.46  
 0.0    107.593  
 124.5    107.727  
 0.0    107.86  
 121.25    107.993  
 0.0    108.127  
 118.0    108.26  
 0.0    108.394  
 114.75    108.528  
 0.0    108.661  
 111.5    108.794  
 0.0    108.927  
 108.25    109.063  
 0.0    109.194  
 105.0    109.328  
 0.0    109.461  
 101.75    109.595  
 0.0    109.728  
 98.5    109.861  
 0.0    109.995  
 95.25    110.128  
 0.0    110.262  
 92.0    110.395  
 0.0    110.529  
 88.75    110.662  
 0.0    110.796  
 85.5    110.929  
 0.0    111.062  
 82.25    111.196  
 0.0    111.329  
 79.0    111.463  
 0.0    111.596  
 75.75    111.73  
 0.0    111.863  
 72.5    111.996  
 0.0    112.13  
 69.25    112.263  
 0.0    112.397  
 66.0    112.53  
 0.0    112.664  
 62.75    112.797  
 0.0    112.93  
 59.5    113.064  
 0.0    113.197  
 56.25    113.331  
 0.0    113.464  
 53.0    113.598  
 0.0    113.731  
 49.75    113.864  
 0.0    113.998  
 46.5    114.131  
 0.0    114.265  
 43.25    114.398  
 0.0    114.532  
 40.0    114.665  
 0.0    114.798  
 36.75    114.932  
 0.0    115.065  
 33.5    115.199  
 0.0    115.332  
 30.25    115.466  
 0.0    115.599  
 27.0    115.732  
 0.0    115.866  
 23.75    115.999  
 0.0    116.133  
 20.5    116.266  
 0.0    116.4  
 17.25    116.533  
 0.0    116.666  
 14.0    116.8  
 0.0    116.933  
 10.75    117.067  
 0.0    117.2  
 7.5    117.334  
 0.0    117.467  
 4.25    117.601  
 0.0    117.738  
 352.0    117.867  
 0.0    118.001  
 348.75    118.134  
 0.0    118.268  
 345.5    118.401  
 0.0    118.535  
 342.25    118.668  
 0.0    118.801  
 339.0    118.935  
 0.0    119.068  
 335.75    119.202  
 0.0    119.336  
 332.5    119.469  
 0.0    119.602  
 329.25    119.735  
 0.0    119.869  
 326.0    120.002  
 0.0    120.136  
 322.75    120.269  
 0.0    120.402  
 319.5    120.536  
 0.0    120.669  
 316.25    120.803  
 0.0    120.937  
 313.0    121.07  
 0.0    121.203  
 309.75    121.337  
 0.0    121.47  
 306.5    121.603  
 0.0    121.737  
 303.25    121.87  
 0.0    122.004  
 300.0    122.137  
 0.0    122.271  
 296.75    122.404  
 0.0    122.537  
 293.5    122.671  
 0.0    122.804  
 290.25    122.938  
 0.0    123.071  
 287.0    123.205  
 0.0    123.338  
 283.75    123.471  
 0.0    123.605  
 280.5    123.738  
 0.0    123.872  
 277.25    124.005  
 0.0    124.139  
 274.0    124.272  
 0.0    124.405  
 270.75    124.539  
 0.0    124.672  
 267.5    124.806  
 0.0    124.939  
 264.25    125.073  
 0.0    125.206  
 261.0    125.339  
 0.0    125.473  
 257.75    125.606  
 0.0    125.74  
 254.5    125.873  
 0.0    126.007  
 251.25    126.14  
 0.0    126.273  
 248.0    126.407  
 0.0    126.54  
 244.75    126.674  
 0.0    126.807  
 241.5    126.941  
 0.0    127.074  
 238.25    127.207  
 0.0    127.341  
 235.0    127.475  
 0.0    127.608  
 231.75    127.741  
 0.0    127.875  
 228.5    128.008  
 0.0    128.141  
 225.25    128.275  
 0.0    128.408  
 222.0    128.542  
 0.0    128.675  
 218.75    128.809  
 0.0    128.942  
 215.5    129.075  
 0.0    129.209  
 212.25    129.342  
 0.0    129.476  
 209.0    129.609  
 0.0    129.743  
 205.75    129.876  
 0.0    130.009  
 202.5    130.143  
 0.0    130.276  
 199.25    130.41  
 0.0    130.544  
 196.0    130.677  
 0.0    130.81  
 192.75    130.943  
 0.0    131.077  
 189.5    131.21  
 0.0    131.344  
 186.25    131.477  
 0.0    131.611  
 183.0    131.744  
 0.0    131.877  
 179.75    132.011  
 0.0    132.145  
 176.5    132.278  
 0.0    132.411  
 173.25    132.545  
 0.0    132.678  
 170.0    132.812  
 0.0    132.945  
 166.75    133.078  
 0.0    133.212  
 163.5    133.345  
 0.0    133.479  
 160.25    133.612  
 0.0    133.746  
 157.0    133.879  
 0.0    134.012  
 153.75    134.146  
 0.0    134.279  
 150.5    134.413  
 0.0    134.546  
 147.25    134.68  
 0.0    134.813  
 144.0    134.947  
 0.0    135.08  
 140.75    135.213  
 0.0    135.347  
 137.5    135.48  
 0.0    135.614  
 134.25    135.747  
 0.0    135.88  
 131.0    136.014  
 0.0    136.147  
 127.75    136.281  
 0.0    136.414  
 124.5    136.547  
 0.0    136.681  
 121.25    136.814  
 0.0    136.948  
 118.0    137.081  
 0.0    137.215  
 114.75    137.348  
 0.0    137.482  
 111.5    137.615  
 0.0    137.748  
 108.25    137.882  
 0.0    138.015  
 105.0    138.149  
 0.0    138.282  
 101.75    138.415  
 0.0    138.549  
 98.5    138.682  
 0.0    138.816  
 95.25    138.949  
 0.0    139.083  
 92.0    139.216  
 0.0    139.35  
 88.75    139.483  
 0.0    139.616  
 85.5    139.75  
 0.0    139.883  
 82.25    140.017  
 0.0    140.15  
 79.0    140.284  
 0.0    140.417  
 75.75    140.55  
 0.0    140.684  
 72.5    140.817  
 0.0    140.951  
 69.25    141.084  
 0.0    141.218  
 66.0    141.351  
 0.0    141.484  
 62.75    141.618  
 0.0    141.752  
 59.5    141.885  
 0.0    142.018  
 56.25    142.152  
 0.0    142.285  
 53.0    142.418  
 0.0    142.552  
 49.75    142.685  
 0.0    142.819  
 46.5    142.952  
 0.0    143.086  
 43.25    143.219  
 0.0    143.352  
 40.0    143.486  
 0.0    143.619  
 36.75    143.753  
 0.0    143.886  
 33.5    144.02  
 0.0    144.153  
 30.25    144.286  
 0.0    144.42  
 27.0    144.553  
 0.0    144.687  
 23.75    144.821  
 0.0    144.954  
 20.5    145.087  
 0.0    145.221  
 17.25    145.354  
 0.0    145.487  
 14.0    145.621  
 0.0    145.754  
 10.75    145.888  
 0.0    146.021  
 7.5    146.155  
 0.0    146.288  
 4.25    146.421  
 0.0    146.561  
 352.0    146.691  
 0.0    146.822  
 348.75    146.955  
 0.0    147.089  
 345.5    147.222  
 0.0    147.355  
 342.25    147.489  
 0.0    147.622  
 339.0    147.756  
 0.0    147.889  
 335.75    148.022  
 0.0    148.156  
 332.5    148.289  
 0.0    148.423  
 329.25    148.556  
 0.0    148.69  
 326.0    148.823  
 0.0    148.957  
 322.75    149.09  
 0.0    149.223  
 319.5    149.357  
 0.0    149.49  
 316.25    149.624  
 0.0    149.757  
 313.0    149.891  
 0.0    150.024  
 309.75    150.157  
 0.0    150.291  
 306.5    150.424  
 0.0    150.558  
 303.25    150.691  
 0.0    150.824  
 300.0    150.958  
 0.0    151.091  
 296.75    151.225  
 0.0    151.359  
 293.5    151.492  
 0.0    151.625  
 290.25    151.759  
 0.0    151.892  
 287.0    152.025  
 0.0    152.159  
 283.75    152.292  
 0.0    152.426  
 280.5    152.559  
 0.0    152.693  
 277.25    152.826  
 0.0    152.96  
 274.0    153.093  
 0.0    153.226  
 270.75    153.36  
 0.0    153.493  
 267.5    153.627  
 0.0    153.76  
 264.25    153.893  
 0.0    154.027  
 261.0    154.16  
 0.0    154.294  
 257.75    154.427  
 0.0    154.561  
 254.5    154.694  
 0.0    154.827  
 251.25    154.961  
 0.0    155.094  
 248.0    155.228  
 0.0    155.361  
 244.75    155.495  
 0.0    155.628  
 241.5    155.761  
 0.0    155.895  
 238.25    156.028  
 0.0    156.162  
 235.0    156.295  
 0.0    156.429  
 231.75    156.562  
 0.0    156.695  
 228.5    156.829  
 0.0    156.962  
 225.25    157.096  
 0.0    157.229  
 222.0    157.363  
 0.0    157.496  
 218.75    157.629  
 0.0    157.763  
 215.5    157.896  
 0.0    158.03  
 212.25    158.163  
 0.0    158.297  
 209.0    158.43  
 0.0    158.563  
 205.75    158.697  
 0.0    158.83  
 202.5    158.964  
 0.0    159.097  
 199.25    159.231  
 0.0    159.364  
 196.0    159.498  
 0.0    159.631  
 192.75    159.764  
 0.0    159.898  
 189.5    160.031  
 0.0    160.165  
 186.25    160.298  
 0.0    160.432  
 183.0    160.565  
 0.0    160.698  
 179.75    160.832  
 0.0    160.965  
 176.5    161.099  
 0.0    161.232  
 173.25    161.366  
 0.0    161.499  
 170.0    161.632  
 0.0    161.766  
 166.75    161.899  
 0.0    162.033  
 163.5    162.166  
 0.0    162.3  
 160.25    162.433  
 0.0    162.567  
 157.0    162.7  
 0.0    162.833  
 153.75    162.967  
 0.0    163.1  
 150.5    163.233  
 0.0    163.367  
 147.25    163.5  
 0.0    163.634  
 144.0    163.767  
 0.0    163.901  
 140.75    164.034  
 0.0    164.167  
 137.5    164.301  
 0.0    164.434  
 134.25    164.568  
 0.0    164.701  
 131.0    164.835  
 0.0    164.968  
 127.75    165.102  
 0.0    165.235  
 124.5    165.368  
 0.0    165.502  
 121.25    165.635  
 0.0    165.769  
 118.0    165.902  
 0.0    166.036  
 114.75    166.169  
 0.0    166.303  
 111.5    166.436  
 0.0    166.569  
 108.25    166.703  
 0.0    166.836  
 105.0    166.97  
 0.0    167.103  
 101.75    167.236  
 0.0    167.37  
 98.5    167.503  
 0.0    167.637  
 95.25    167.77  
 0.0    167.904  
 92.0    168.037  
 0.0    168.171  
 88.75    168.304  
 0.0    168.437  
 85.5    168.571  
 0.0    168.704  
 82.25    168.838  
 0.0    168.971  
 79.0    169.104  
 0.0    169.238  
 75.75    169.371  
 0.0    169.505  
 72.5    169.638  
 0.0    169.772  
 69.25    169.905  
 0.0    170.038  
 66.0    170.172  
 0.0    170.305  
 62.75    170.439  
 0.0    170.573  
 59.5    170.706  
 0.0    170.839  
 56.25    170.972  
 0.0    171.106  
 53.0    171.239  
 0.0    171.373  
 49.75    171.506  
 0.0    171.64  
 46.5    171.773  
 0.0    171.906  
 43.25    172.04  
 0.0    172.174  
 40.0    172.307  
 0.0    172.44  
 36.75    172.574  
 0.0    172.707  
 33.5    172.84  
 0.0    172.974  
 30.25    173.107  
 0.0    173.241  
 27.0    173.374  
 0.0    173.508  
 23.75    173.641  
 0.0    173.774  
 20.5    173.908  
 0.0    174.041  
 17.25    174.175  
 0.0    174.308  
 14.0    174.442  
 0.0    174.575  
 10.75    174.708  
 0.0    174.842  
 7.5    174.975  
 0.0    175.109  
 4.25    175.242  
 0.0    175.382  
 352.0    175.512  
 0.0    175.643  
 348.75    175.776  
 0.0    175.909  
 345.5    176.043  
 0.0    176.176  
 342.25    176.31  
 0.0    176.443  
 339.0    176.576  
 0.0    176.71  
 335.75    176.843  
 0.0    176.977  
 332.5    177.11  
 0.0    177.244  
 329.25    177.377  
 0.0    177.511  
 326.0    177.644  
 0.0    177.777  
 322.75    177.911  
 0.0    178.044  
 319.5    178.178  
 0.0    178.312  
 316.25    178.445  
 0.0    178.578  
 313.0    178.711  
 0.0    178.845  
 309.75    178.978  
 0.0    179.112  
 306.5    179.245  
 0.0    179.379  
 303.25    179.512  
 0.0    179.645  
 300.0    179.779  
 0.0    179.912  
 296.75    180.046  
 0.0    180.18  
 293.5    180.313  
 0.0    180.446  
 290.25    180.579  
 0.0    180.713  
 287.0    180.846  
 0.0    180.98  
 283.75    181.113  
 0.0    181.247  
 280.5    181.38  
 0.0    181.513  
 277.25    181.647  
 0.0    181.781  
 274.0    181.914  
 0.0    182.048  
 270.75    182.181  
 0.0    182.314  
 267.5    182.447  
 0.0    182.581  
 264.25    182.714  
 0.0    182.848  
 261.0    182.981  
 0.0    183.115  
 257.75    183.248  
 0.0    183.382  
 254.5    183.515  
 0.0    183.648  
 251.25    183.782  
 0.0    183.915  
 248.0    184.049  
 0.0    184.182  
 244.75    184.315  
 0.0    184.449  
 241.5    184.582  
 0.0    184.716  
 238.25    184.849  
 0.0    184.983  
 235.0    185.116  
 0.0    185.249  
 231.75    185.383  
 0.0    185.516  
 228.5    185.65  
 0.0    185.783  
 225.25    185.917  
 0.0    186.05  
 222.0    186.184  
 0.0    186.317  
 218.75    186.45  
 0.0    186.584  
 215.5    186.717  
 0.0    186.851  
 212.25    186.984  
 0.0    187.117  
 209.0    187.251  
 0.0    187.384  
 205.75    187.518  
 0.0    187.651  
 202.5    187.785  
 0.0    187.918  
 199.25    188.051  
 0.0    188.185  
 196.0    188.318  
 0.0    188.452  
 192.75    188.585  
 0.0    188.719  
 189.5    188.852  
 0.0    188.986  
 186.25    189.119  
 0.0    189.252  
 183.0    189.386  
 0.0    189.519  
 179.75    189.653  
 0.0    189.786  
 176.5    189.92  
 0.0    190.053  
 173.25    190.186  
 0.0    190.32  
 170.0    190.453  
 0.0    190.587  
 166.75    190.72  
 0.0    190.854  
 163.5    190.987  
 0.0    191.12  
 160.25    191.254  
 0.0    191.388  
 157.0    191.521  
 0.0    191.654  
 153.75    191.788  
 0.0    191.921  
 150.5    192.054  
 0.0    192.188  
 147.25    192.321  
 0.0    192.455  
 144.0    192.588  
 0.0    192.722  
 140.75    192.855  
 0.0    192.989  
 137.5    193.122  
 0.0    193.255  
 134.25    193.389  
 0.0    193.522  
 131.0    193.656  
 0.0    193.789  
 127.75    193.922  
 0.0    194.056  
 124.5    194.189  
 0.0    194.323  
 121.25    194.456  
 0.0    194.59  
 118.0    194.723  
 0.0    194.857  
 114.75    194.99  
 0.0    195.123  
 111.5    195.257  
 0.0    195.39  
 108.25    195.524  
 0.0    195.657  
 105.0    195.79  
 0.0    195.924  
 101.75    196.057  
 0.0    196.191  
 98.5    196.324  
 0.0    196.458  
 95.25    196.591  
 0.0    196.724  
 92.0    196.858  
 0.0    196.991  
 88.75    197.125  
 0.0    197.258  
 85.5    197.392  
 0.0    197.525  
 82.25    197.658  
 0.0    197.792  
 79.0    197.925  
 0.0    198.059  
 75.75    198.192  
 0.0    198.326  
 72.5    198.459  
 0.0    198.592  
 69.25    198.726  
 0.0    198.859  
 66.0    198.993  
 0.0    199.126  
 62.75    199.26  
 0.0    199.393  
 59.5    199.527  
 0.0    199.66  
 56.25    199.793  
 0.0    199.927  
 53.0    200.06  
 0.0    200.194  
 49.75    200.327  
 0.0    200.46  
 46.5    200.594  
 0.0    200.727  
 43.25    200.861  
 0.0    200.995  
 40.0    201.128  
 0.0    201.261  
 36.75    201.395  
 0.0    201.528  
 33.5    201.661  
 0.0    201.795  
 30.25    201.928  
 0.0    202.062  
 27.0    202.195  
 0.0    202.329  
 23.75    202.462  
 0.0    202.595  
 20.5    202.729  
 0.0    202.862  
 17.25    202.996  
 0.0    203.129  
 14.0    203.263  
 0.0    203.396  
 10.75    203.529  
 0.0    203.663  
 7.5    203.796  
 0.0    203.93  
 4.25    204.063  
 0.0    204.203  
 352.0    204.331  
 0.0    204.463  
 348.75    204.597  
 0.0    204.73  
 345.5    204.864  
 0.0    204.997  
 342.25    205.131  
 0.0    205.264  
 339.0    205.397  
 0.0    205.531  
 335.75    205.664  
 0.0    205.798  
 332.5    205.932  
 0.0    206.065  
 329.25    206.198  
 0.0    206.331  
 326.0    206.465  
 0.0    206.598  
 322.75    206.732  
 0.0    206.865  
 319.5    206.999  
 0.0    207.132  
 316.25    207.266  
 0.0    207.399  
 313.0    207.532  
 0.0    207.666  
 309.75    207.8  
 0.0    207.933  
 306.5    208.066  
 0.0    208.199  
 303.25    208.333  
 0.0    208.466  
 300.0    208.6  
 0.0    208.733  
 296.75    208.867  
 0.0    209.0  
 293.5    209.134  
 0.0    209.267  
 290.25    209.4  
 0.0    209.534  
 287.0    209.667  
 0.0    209.801  
 283.75    209.934  
 0.0    210.067  
 280.5    210.201  
 0.0    210.334  
 277.25    210.468  
 0.0    210.601  
 274.0    210.735  
 0.0    210.868  
 270.75    211.001  
 0.0    211.135  
 267.5    211.268  
 0.0    211.402  
 264.25    211.535  
 0.0    211.669  
 261.0    211.802  
 0.0    211.935  
 257.75    212.069  
 0.0    212.202  
 254.5    212.336  
 0.0    212.469  
 251.25    212.603  
 0.0    212.736  
 248.0    212.87  
 0.0    213.003  
 244.75    213.136  
 0.0    213.27  
 241.5    213.403  
 0.0    213.537  
 238.25    213.67  
 0.0    213.804  
 235.0    213.937  
 0.0    214.07  
 231.75    214.204  
 0.0    214.337  
 228.5    214.471  
 0.0    214.604  
 225.25    214.737  
 0.0    214.871  
 222.0    215.004  
 0.0    215.138  
 218.75    215.271  
 0.0    215.405  
 215.5    215.538  
 0.0    215.671  
 212.25    215.805  
 0.0    215.938  
 209.0    216.072  
 0.0    216.205  
 205.75    216.339  
 0.0    216.472  
 202.5    216.606  
 0.0    216.739  
 199.25    216.872  
 0.0    217.006  
 196.0    217.14  
 0.0    217.273  
 192.75    217.406  
 0.0    217.539  
 189.5    217.673  
 0.0    217.806  
 186.25    217.94  
 0.0    218.073  
 183.0    218.207  
 0.0    218.34  
 179.75    218.474  
 0.0    218.607  
 176.5    218.74  
 0.0    218.874  
 173.25    219.007  
 0.0    219.141  
 170.0    219.274  
 0.0    219.408  
 166.75    219.541  
 0.0    219.674  
 163.5    219.808  
 0.0    219.941  
 160.25    220.075  
 0.0    220.208  
 157.0    220.342  
 0.0    220.475  
 153.75    220.608  
 0.0    220.742  
 150.5    220.875  
 0.0    221.009  
 147.25    221.142  
 0.0    221.276  
 144.0    221.409  
 0.0    221.542  
 140.75    221.676  
 0.0    221.809  
 137.5    221.943  
 0.0    222.076  
 134.25    222.21  
 0.0    222.343  
 131.0    222.476  
 0.0    222.61  
 127.75    222.743  
 0.0    222.877  
 124.5    223.011  
 0.0    223.144  
 121.25    223.277  
 0.0    223.411  
 118.0    223.544  
 0.0    223.677  
 114.75    223.811  
 0.0    223.944  
 111.5    224.078  
 0.0    224.211  
 108.25    224.344  
 0.0    224.478  
 105.0    224.611  
 0.0    224.745  
 101.75    224.878  
 0.0    225.012  
 98.5    225.145  
 0.0    225.278  
 95.25    225.412  
 0.0    225.545  
 92.0    225.679  
 0.0    225.812  
 88.75    225.946  
 0.0    226.079  
 85.5    226.212  
 0.0    226.346  
 82.25    226.479  
 0.0    226.613  
 79.0    226.746  
 0.0    226.88  
 75.75    227.013  
 0.0    227.146  
 72.5    227.28  
 0.0    227.413  
 69.25    227.547  
 0.0    227.68  
 66.0    227.814  
 0.0    227.947  
 62.75    228.08  
 0.0    228.214  
 59.5    228.347  
 0.0    228.481  
 56.25    228.614  
 0.0    228.748  
 53.0    228.881  
 0.0    229.014  
 49.75    229.148  
 0.0    229.281  
 46.5    229.415  
 0.0    229.548  
 43.25    229.682  
 0.0    229.815  
 40.0    229.949  
 0.0    230.082  
 36.75    230.215  
 0.0    230.349  
 33.5    230.482  
 0.0    230.616  
 30.25    230.749  
 0.0    230.883  
 27.0    231.016  
 0.0    231.149  
 23.75    231.283  
 0.0    231.416  
 20.5    231.55  
 0.0    231.683  
 17.25    231.817  
 0.0    231.95  
 14.0    232.083  
 0.0    232.217  
 10.75    232.35  
 0.0    232.484  
 7.5    232.617  
 0.0    232.75  
 4.25    232.884  
 0.0    233.029  
 352.0    233.168  
 0.0    233.301  
 348.75    233.434  
 0.0    233.568  
 345.5    233.701  
 0.0    233.835  
 342.25    233.968  
 0.0    234.102  
 339.0    234.235  
 0.0    234.368  
 335.75    234.502  
 0.0    234.635  
 332.5    234.769  
 0.0    234.902  
 329.25    235.036  
 0.0    235.169  
 326.0    235.302  
 0.0    235.436  
 322.75    235.569  
 0.0    235.703  
 319.5    235.836  
 0.0    235.97  
 316.25    236.103  
 0.0    236.236  
 313.0    236.37  
 0.0    236.503  
 309.75    236.637  
 0.0    236.77  
 306.5    236.904  
 0.0    237.037  
 303.25    237.17  
 0.0    237.304  
 300.0    237.437  
 0.0    237.571  
 296.75    237.705  
 0.0    237.838  
 293.5    237.971  
 0.0    238.104  
 290.25    238.238  
 0.0    238.371  
 287.0    238.505  
 0.0    238.638  
 283.75    238.772  
 0.0    238.905  
 280.5    239.039  
 0.0    239.172  
 277.25    239.306  
 0.0    239.439  
 274.0    239.572  
 0.0    239.706  
 270.75    239.839  
 0.0    239.972  
 267.5    240.106  
 0.0    240.239  
 264.25    240.373  
 0.0    240.506  
 261.0    240.64  
 0.0    240.773  
 257.75    240.906  
 0.0    241.04  
 254.5    241.173  
 0.0    241.307  
 251.25    241.44  
 0.0    241.574  
 248.0    241.707  
 0.0    241.84  
 244.75    241.974  
 0.0    242.107  
 241.5    242.241  
 0.0    242.374  
 238.25    242.508  
 0.0    242.641  
 235.0    242.774  
 0.0    242.908  
 231.75    243.041  
 0.0    243.175  
 228.5    243.308  
 0.0    243.442  
 225.25    243.575  
 0.0    243.708  
 222.0    243.842  
 0.0    243.975  
 218.75    244.109  
 0.0    244.242  
 215.5    244.376  
 0.0    244.509  
 212.25    244.643  
 0.0    244.776  
 209.0    244.909  
 0.0    245.043  
 205.75    245.176  
 0.0    245.31  
 202.5    245.443  
 0.0    245.577  
 199.25    245.71  
 0.0    245.843  
 196.0    245.977  
 0.0    246.11  
 192.75    246.244  
 0.0    246.377  
 189.5    246.511  
 0.0    246.644  
 186.25    246.777  
 0.0    246.911  
 183.0    247.044  
 0.0    247.178  
 179.75    247.311  
 0.0    247.445  
 176.5    247.578  
 0.0    247.711  
 173.25    247.845  
 0.0    247.978  
 170.0    248.112  
 0.0    248.245  
 166.75    248.379  
 0.0    248.512  
 163.5    248.645  
 0.0    248.779  
 160.25    248.912  
 0.0    249.046  
 157.0    249.179  
 0.0    249.313  
 153.75    249.446  
 0.0    249.579  
 150.5    249.713  
 0.0    249.846  
 147.25    249.98  
 0.0    250.113  
 144.0    250.247  
 0.0    250.38  
 140.75    250.513  
 0.0    250.647  
 137.5    250.78  
 0.0    250.914  
 134.25    251.047  
 0.0    251.181  
 131.0    251.314  
 0.0    251.447  
 127.75    251.581  
 0.0    251.714  
 124.5    251.848  
 0.0    251.981  
 121.25    252.115  
 0.0    252.248  
 118.0    252.381  
 0.0    252.515  
 114.75    252.648  
 0.0    252.782  
 111.5    252.915  
 0.0    253.049  
 108.25    253.182  
 0.0    253.316  
 105.0    253.449  
 0.0    253.582  
 101.75    253.716  
 0.0    253.849  
 98.5    253.983  
 0.0    254.116  
 95.25    254.249  
 0.0    254.383  
 92.0    254.516  
 0.0    254.65  
 88.75    254.783  
 0.0    254.917  
 85.5    255.05  
 0.0    255.183  
 82.25    255.317  
 0.0    255.45  
 79.0    255.584  
 0.0    255.717  
 75.75    255.851  
 0.0    255.984  
 72.5    256.117  
 0.0    256.251  
 69.25    256.384  
 0.0    256.518  
 66.0    256.651  
 0.0    256.785  
 62.75    256.918  
 0.0    257.052  
 59.5    257.185  
 0.0    257.319  
 56.25    257.452  
 0.0    257.585  
 53.0    257.719  
 0.0    257.852  
 49.75    257.985  
 0.0    258.119  
 46.5    258.252  
 0.0    258.386  
 43.25    258.519  
 0.0    258.653  
 40.0    258.786  
 0.0    258.919  
 36.75    259.053  
 0.0    259.186  
 33.5    259.32  
 0.0    259.453  
 30.25    259.587  
 0.0    259.72  
 27.0    259.854  
 0.0    259.987  
 23.75    260.121  
 0.0    260.254  
 20.5    260.388  
 0.0    260.521  
 17.25    260.654  
 0.0    260.787  
 14.0    260.921  
 0.0    261.054  
 10.75    261.188  
 0.0    261.321  
 7.5    261.455  
 0.0    261.588  
 4.25    261.722  
 0.0    261.867  
 352.0    262.005  
 0.0    262.139  
 348.75    262.272  
 0.0    262.405  
 345.5    262.539  
 0.0    262.672  
 342.25    262.806  
 0.0    262.939  
 339.0    263.072  
 0.0    263.206  
 335.75    263.339  
 0.0    263.473  
 332.5    263.606  
 0.0    263.74  
 329.25    263.873  
 0.0    264.007  
 326.0    264.14  
 0.0    264.273  
 322.75    264.407  
 0.0    264.54  
 319.5    264.674  
 0.0    264.807  
 316.25    264.941  
 0.0    265.074  
 313.0    265.207  
 0.0    265.341  
 309.75    265.474  
 0.0    265.608  
 306.5    265.741  
 0.0    265.875  
 303.25    266.008  
 0.0    266.141  
 300.0    266.275  
 0.0    266.408  
 296.75    266.542  
 0.0    266.675  
 293.5    266.809  
 0.0    266.942  
 290.25    267.075  
 0.0    267.209  
 287.0    267.342  
 0.0    267.476  
 283.75    267.609  
 0.0    267.743  
 280.5    267.876  
 0.0    268.009  
 277.25    268.143  
 0.0    268.277  
 274.0    268.41  
 0.0    268.543  
 270.75    268.677  
 0.0    268.81  
 267.5    268.943  
 0.0    269.077  
 264.25    269.21  
 0.0    269.344  
 261.0    269.477  
 0.0    269.611  
 257.75    269.744  
 0.0    269.877  
 254.5    270.011  
 0.0    270.144  
 251.25    270.278  
 0.0    270.411  
 248.0    270.545  
 0.0    270.678  
 244.75    270.811  
 0.0    270.945  
 241.5    271.078  
 0.0    271.212  
 238.25    271.346  
 0.0    271.479  
 235.0    271.612  
 0.0    271.745  
 231.75    271.879  
 0.0    272.012  
 228.5    272.146  
 0.0    272.279  
 225.25    272.413  
 0.0    272.546  
 222.0    272.679  
 0.0    272.813  
 218.75    272.946  
 0.0    273.08  
 215.5    273.213  
 0.0    273.347  
 212.25    273.48  
 0.0    273.614  
 209.0    273.747  
 0.0    273.88  
 205.75    274.014  
 0.0    274.147  
 202.5    274.281  
 0.0    274.414  
 199.25    274.547  
 0.0    274.681  
 196.0    274.814  
 0.0    274.948  
 192.75    275.081  
 0.0    275.215  
 189.5    275.348  
 0.0    275.481  
 186.25    275.615  
 0.0    275.748  
 183.0    275.882  
 0.0    276.015  
 179.75    276.149  
 0.0    276.282  
 176.5    276.416  
 0.0    276.549  
 173.25    276.682  
 0.0    276.816  
 170.0    276.949  
 0.0    277.083  
 166.75    277.216  
 0.0    277.349  
 163.5    277.483  
 0.0    277.616  
 160.25    277.75  
 0.0    277.883  
 157.0    278.017  
 0.0    278.15  
 153.75    278.284  
 0.0    278.417  
 150.5    278.55  
 0.0    278.684  
 147.25    278.817  
 0.0    278.951  
 144.0    279.084  
 0.0    279.218  
 140.75    279.351  
 0.0    279.484  
 137.5    279.618  
 0.0    279.751  
 134.25    279.885  
 0.0    280.018  
 131.0    280.152  
 0.0    280.285  
 127.75    280.418  
 0.0    280.552  
 124.5    280.685  
 0.0    280.819  
 121.25    280.952  
 0.0    281.086  
 118.0    281.219  
 0.0    281.352  
 114.75    281.486  
 0.0    281.619  
 111.5    281.753  
 0.0    281.886  
 108.25    282.02  
 0.0    282.153  
 105.0    282.286  
 0.0    282.42  
 101.75    282.554  
 0.0    282.687  
 98.5    282.82  
 0.0    282.954  
 95.25    283.087  
 0.0    283.221  
 92.0    283.354  
 0.0    283.487  
 88.75    283.621  
 0.0    283.754  
 85.5    283.888  
 0.0    284.021  
 82.25    284.155  
 0.0    284.288  
 79.0    284.421  
 0.0    284.555  
 75.75    284.688  
 0.0    284.822  
 72.5    284.955  
 0.0    285.088  
 69.25    285.222  
 0.0    285.355  
 66.0    285.489  
 0.0    285.622  
 62.75    285.756  
 0.0    285.889  
 59.5    286.022  
 0.0    286.156  
 56.25    286.289  
 0.0    286.423  
 53.0    286.556  
 0.0    286.69  
 49.75    286.823  
 0.0    286.956  
 46.5    287.09  
 0.0    287.223  
 43.25    287.357  
 0.0    287.49  
 40.0    287.624  
 0.0    287.757  
 36.75    287.891  
 0.0    288.024  
 33.5    288.157  
 0.0    288.291  
 30.25    288.424  
 0.0    288.558  
 27.0    288.691  
 0.0    288.825  
 23.75    288.958  
 0.0    289.091  
 20.5    289.225  
 0.0    289.358  
 17.25    289.492  
 0.0    289.625  
 14.0    289.759  
 0.0    289.892  
 10.75    290.025  
 0.0    290.159  
 7.5    290.292  
 0.0    290.426  
 4.25    290.559  
 0.0    290.704  
 352.0    290.843  
 0.0    290.976  
 348.75    291.109  
 0.0    291.243  
 345.5    291.376  
 0.0    291.51  
 342.25    291.643  
 0.0    291.777  
 339.0    291.91  
 0.0    292.044  
 335.75    292.177  
 0.0    292.311  
 332.5    292.444  
 0.0    292.577  
 329.25    292.711  
 0.0    292.844  
 326.0    292.977  
 0.0    293.111  
 322.75    293.244  
 0.0    293.378  
 319.5    293.511  
 0.0    293.645  
 316.25    293.779  
 0.0    293.911  
 313.0    294.045  
 0.0    294.178  
 309.75    294.312  
 0.0    294.445  
 306.5    294.579  
 0.0    294.712  
 303.25    294.846  
 0.0    294.979  
 300.0    295.112  
 0.0    295.246  
 296.75    295.379  
 0.0    295.513  
 293.5    295.646  
 0.0    295.78  
 290.25    295.913  
 0.0    296.047  
 287.0    296.18  
 0.0    296.313  
 283.75    296.447  
 0.0    296.58  
 280.5    296.714  
 0.0    296.847  
 277.25    296.98  
 0.0    297.114  
 274.0    297.247  
 0.0    297.381  
 270.75    297.514  
 0.0    297.648  
 267.5    297.781  
 0.0    297.914  
 264.25    298.048  
 0.0    298.181  
 261.0    298.315  
 0.0    298.448  
 257.75    298.582  
 0.0    298.715  
 254.5    298.849  
 0.0    298.982  
 251.25    299.115  
 0.0    299.249  
 248.0    299.382  
 0.0    299.516  
 244.75    299.649  
 0.0    299.783  
 241.5    299.916  
 0.0    300.049  
 238.25    300.183  
 0.0    300.316  
 235.0    300.45  
 0.0    300.583  
 231.75    300.716  
 0.0    300.85  
 228.5    300.983  
 0.0    301.117  
 225.25    301.25  
 0.0    301.384  
 222.0    301.517  
 0.0    301.65  
 218.75    301.784  
 0.0    301.918  
 215.5    302.051  
 0.0    302.184  
 212.25    302.318  
 0.0    302.451  
 209.0    302.584  
 0.0    302.718  
 205.75    302.851  
 0.0    302.985  
 202.5    303.118  
 0.0    303.252  
 199.25    303.385  
 0.0    303.518  
 196.0    303.652  
 0.0    303.785  
 192.75    303.919  
 0.0    304.052  
 189.5    304.186  
 0.0    304.319  
 186.25    304.452  
 0.0    304.586  
 183.0    304.719  
 0.0    304.853  
 179.75    304.986  
 0.0    305.12  
 176.5    305.253  
 0.0    305.387  
 173.25    305.52  
 0.0    305.653  
 170.0    305.787  
 0.0    305.92  
 166.75    306.054  
 0.0    306.187  
 163.5    306.321  
 0.0    306.454  
 160.25    306.588  
 0.0    306.721  
 157.0    306.854  
 0.0    306.988  
 153.75    307.121  
 0.0    307.255  
 150.5    307.388  
 0.0    307.521  
 147.25    307.655  
 0.0    307.788  
 144.0    307.922  
 0.0    308.055  
 140.75    308.189  
 0.0    308.322  
 137.5    308.455  
 0.0    308.589  
 134.25    308.722  
 0.0    308.856  
 131.0    308.989  
 0.0    309.123  
 127.75    309.256  
 0.0    309.389  
 124.5    309.523  
 0.0    309.656  
 121.25    309.79  
 0.0    309.924  
 118.0    310.057  
 0.0    310.19  
 114.75    310.323  
 0.0    310.457  
 111.5    310.59  
 0.0    310.724  
 108.25    310.857  
 0.0    310.991  
 105.0    311.124  
 0.0    311.257  
 101.75    311.391  
 0.0    311.524  
 98.5    311.658  
 0.0    311.791  
 95.25    311.925  
 0.0    312.058  
 92.0    312.191  
 0.0    312.325  
 88.75    312.458  
 0.0    312.592  
 85.5    312.725  
 0.0    312.859  
 82.25    312.992  
 0.0    313.126  
 79.0    313.259  
 0.0    313.392  
 75.75    313.526  
 0.0    313.659  
 72.5    313.793  
 0.0    313.926  
 69.25    314.059  
 0.0    314.193  
 66.0    314.326  
 0.0    314.46  
 62.75    314.594  
 0.0    314.727  
 59.5    314.86  
 0.0    314.993  
 56.25    315.127  
 0.0    315.26  
 53.0    315.394  
 0.0    315.527  
 49.75    315.661  
 0.0    315.794  
 46.5    315.928  
 0.0    316.061  
 43.25    316.194  
 0.0    316.328  
 40.0    316.461  
 0.0    316.595  
 36.75    316.728  
 0.0    316.861  
 33.5    316.995  
 0.0    317.128  
 30.25    317.262  
 0.0    317.395  
 27.0    317.529  
 0.0    317.662  
 23.75    317.796  
 0.0    317.929  
 20.5    318.062  
 0.0    318.196  
 17.25    318.329  
 0.0    318.463  
 14.0    318.596  
 0.0    318.73  
 10.75    318.863  
 0.0    318.996  
 7.5    319.13  
 0.0    319.263  
 4.25    319.397  
