 33.025    33.025  
 0.0    33.042  
 19.3846153846    33.176  
 0.0    33.309  
 19.5384615385    33.443  
 0.0    33.576  
 19.6923076923    33.709  
 0.0    33.843  
 19.8461538462    33.976  
 0.0    34.11  
 18.7692307692    34.243  
 0.0    34.377  
 18.9230769231    34.51  
 0.0    34.643  
 19.0769230769    34.777  
 0.0    34.91  
 19.2307692308    35.044  
 0.0    35.177  
 18.1538461538    35.311  
 0.0    35.444  
 18.3076923077    35.578  
 0.0    35.711  
 18.4615384615    35.844  
 0.0    35.979  
 18.6153846154    36.112  
 0.0    36.245  
 17.5384615385    36.378  
 0.0    36.511  
 17.6923076923    36.645  
 0.0    36.778  
 17.8461538462    36.912  
 0.0    37.045  
 18.0    37.179  
 0.0    37.313  
 16.9230769231    37.445  
 0.0    37.579  
 17.0769230769    37.712  
 0.0    37.846  
 17.2307692308    37.979  
 0.0    38.112  
 17.3846153846    38.246  
 0.0    38.379  
 16.3076923077    38.513  
 0.0    38.646  
 16.4615384615    38.78  
 0.0    38.913  
 16.6153846154    39.047  
 0.0    39.18  
 16.7692307692    39.313  
 0.0    39.447  
 15.6923076923    39.58  
 0.0    39.714  
 15.8461538462    39.847  
 0.0    39.98  
 16.0    40.114  
 0.0    40.247  
 16.1538461538    40.381  
 0.0    40.514  
 15.0769230769    40.649  
 0.0    40.782  
 15.2307692308    40.915  
 0.0    41.048  
 15.3846153846    41.182  
 0.0    41.315  
 15.5384615385    41.448  
 0.0    41.582  
 14.4615384615    41.715  
 0.0    41.849  
 14.6153846154    41.982  
 0.0    42.115  
 14.7692307692    42.249  
 0.0    42.382  
 14.9230769231    42.516  
 0.0    42.649  
 13.8461538462    42.783  
 0.0    42.916  
 14.0    43.049  
 0.0    43.183  
 14.1538461538    43.316  
 0.0    43.45  
 14.3076923077    43.583  
 0.0    43.716  
 13.2307692308    43.85  
 0.0    43.984  
 13.3846153846    44.117  
 0.0    44.25  
 13.5384615385    44.384  
 0.0    44.517  
 13.6923076923    44.651  
 0.0    44.784  
 12.6153846154    44.917  
 0.0    45.051  
 12.7692307692    45.184  
 0.0    45.318  
 12.9230769231    45.451  
 0.0    45.584  
 13.0769230769    45.718  
 0.0    45.851  
 12.0    45.985  
 0.0    46.118  
 12.1538461538    46.252  
 0.0    46.385  
 12.3076923077    46.519  
 0.0    46.652  
 12.4615384615    46.786  
 0.0    46.919  
 11.3846153846    47.052  
 0.0    47.186  
 11.5384615385    47.32  
 0.0    47.453  
 11.6923076923    47.586  
 0.0    47.719  
 11.8461538462    47.853  
 0.0    47.986  
 10.7692307692    48.12  
 0.0    48.253  
 10.9230769231    48.387  
 0.0    48.52  
 11.0769230769    48.654  
 0.0    48.787  
 11.2307692308    48.929  
 0.0    49.07  
 10.1538461538    49.204  
 0.0    49.337  
 10.3076923077    49.47  
 0.0    49.604  
 10.4615384615    49.737  
 0.0    49.871  
 10.6153846154    50.004  
 0.0    50.138  
 9.53846153846    50.271  
 0.0    50.405  
 9.69230769231    50.538  
 0.0    50.673  
 9.84615384615    50.805  
 0.0    50.939  
 10.0    51.072  
 0.0    51.205  
 8.92307692308    51.339  
 0.0    51.472  
 9.07692307692    51.605  
 0.0    51.739  
 9.23076923077    51.873  
 0.0    52.006  
 9.38461538462    52.139  
 0.0    52.272  
 8.30769230769    52.406  
 0.0    52.539  
 8.46153846154    52.673  
 0.0    52.806  
 8.61538461538    52.94  
 0.0    53.073  
 8.76923076923    53.207  
 0.0    53.34  
 7.69230769231    53.474  
 0.0    53.607  
 7.84615384615    53.741  
 0.0    53.874  
 8.0    54.008  
 0.0    54.141  
 8.15384615385    54.274  
 0.0    54.407  
 7.07692307692    54.541  
 0.0    54.674  
 7.23076923077    54.808  
 0.0    54.941  
 7.38461538462    55.075  
 0.0    55.208  
 7.53846153846    55.342  
 0.0    55.475  
 6.46153846154    55.609  
 0.0    55.742  
 6.61538461538    55.876  
 0.0    56.009  
 6.76923076923    56.142  
 0.0    56.275  
 6.92307692308    56.409  
 0.0    56.542  
 5.84615384615    56.676  
 0.0    56.809  
 6.0    56.943  
 0.0    57.076  
 6.15384615385    57.21  
 0.0    57.344  
 6.30769230769    57.477  
 0.0    57.61  
 5.23076923077    57.744  
 0.0    57.876  
 5.38461538462    58.01  
 0.0    58.143  
 5.53846153846    58.277  
 0.0    58.41  
 5.69230769231    58.544  
 0.0    58.678  
 4.61538461538    58.811  
 0.0    58.944  
 4.76923076923    59.078  
 0.0    59.211  
 4.92307692308    59.345  
 0.0    59.478  
 5.07692307692    59.611  
 0.0    59.745  
 4.0    59.878  
 0.0    60.011  
 4.15384615385    60.145  
 0.0    60.278  
 4.30769230769    60.412  
 0.0    60.545  
 4.46153846154    60.68  
 0.0    60.82  
 19.3846153846    60.962  
 0.0    61.096  
 19.5384615385    61.229  
 0.0    61.363  
 19.6923076923    61.496  
 0.0    61.63  
 19.8461538462    61.763  
 0.0    61.896  
 18.7692307692    62.03  
 0.0    62.163  
 18.9230769231    62.297  
 0.0    62.43  
 19.0769230769    62.564  
 0.0    62.697  
 19.2307692308    62.831  
 0.0    62.964  
 18.1538461538    63.097  
 0.0    63.231  
 18.3076923077    63.364  
 0.0    63.498  
 18.4615384615    63.631  
 0.0    63.765  
 18.6153846154    63.898  
 0.0    64.032  
 17.5384615385    64.165  
 0.0    64.298  
 17.6923076923    64.432  
 0.0    64.565  
 17.8461538462    64.699  
 0.0    64.832  
 18.0    64.966  
 0.0    65.099  
 16.9230769231    65.232  
 0.0    65.366  
 17.0769230769    65.499  
 0.0    65.633  
 17.2307692308    65.766  
 0.0    65.899  
 17.3846153846    66.033  
 0.0    66.166  
 16.3076923077    66.3  
 0.0    66.433  
 16.4615384615    66.567  
 0.0    66.7  
 16.6153846154    66.833  
 0.0    66.967  
 16.7692307692    67.1  
 0.0    67.234  
 15.6923076923    67.368  
 0.0    67.501  
 15.8461538462    67.634  
 0.0    67.767  
 16.0    67.901  
 0.0    68.034  
 16.1538461538    68.168  
 0.0    68.303  
 15.0769230769    68.436  
 0.0    68.569  
 15.2307692308    68.702  
 0.0    68.835  
 15.3846153846    68.968  
 0.0    69.102  
 15.5384615385    69.235  
 0.0    69.368  
 14.4615384615    69.502  
 0.0    69.635  
 14.6153846154    69.769  
 0.0    69.902  
 14.7692307692    70.036  
 0.0    70.169  
 14.9230769231    70.303  
 0.0    70.436  
 13.8461538462    70.57  
 0.0    70.704  
 14.0    70.836  
 0.0    70.97  
 14.1538461538    71.103  
 0.0    71.237  
 14.3076923077    71.37  
 0.0    71.503  
 13.2307692308    71.637  
 0.0    71.77  
 13.3846153846    71.904  
 0.0    72.037  
 13.5384615385    72.171  
 0.0    72.304  
 13.6923076923    72.438  
 0.0    72.571  
 12.6153846154    72.704  
 0.0    72.838  
 12.7692307692    72.971  
 0.0    73.105  
 12.9230769231    73.238  
 0.0    73.371  
 13.0769230769    73.505  
 0.0    73.638  
 12.0    73.772  
 0.0    73.905  
 12.1538461538    74.04  
 0.0    74.172  
 12.3076923077    74.306  
 0.0    74.439  
 12.4615384615    74.572  
 0.0    74.706  
 11.3846153846    74.839  
 0.0    74.973  
 11.5384615385    75.106  
 0.0    75.239  
 11.6923076923    75.373  
 0.0    75.506  
 11.8461538462    75.64  
 0.0    75.773  
 10.7692307692    75.907  
 0.0    76.04  
 10.9230769231    76.174  
 0.0    76.307  
 11.0769230769    76.44  
 0.0    76.574  
 11.2307692308    76.707  
 0.0    76.841  
 10.1538461538    76.974  
 0.0    77.108  
 10.3076923077    77.241  
 0.0    77.375  
 10.4615384615    77.508  
 0.0    77.641  
 10.6153846154    77.775  
 0.0    77.908  
 9.53846153846    78.041  
 0.0    78.175  
 9.69230769231    78.308  
 0.0    78.442  
 9.84615384615    78.575  
 0.0    78.709  
 10.0    78.842  
 0.0    78.975  
 8.92307692308    79.109  
 0.0    79.242  
 9.07692307692    79.376  
 0.0    79.509  
 9.23076923077    79.643  
 0.0    79.776  
 9.38461538462    79.91  
 0.0    80.043  
 8.30769230769    80.177  
 0.0    80.31  
 8.46153846154    80.443  
 0.0    80.577  
 8.61538461538    80.711  
 0.0    80.844  
 8.76923076923    80.984  
 0.0    81.126  
 7.69230769231    81.26  
 0.0    81.394  
 7.84615384615    81.527  
 0.0    81.661  
 8.0    81.794  
 0.0    81.928  
 8.15384615385    82.061  
 0.0    82.195  
 7.07692307692    82.328  
 0.0    82.461  
 7.23076923077    82.595  
 0.0    82.728  
 7.38461538462    82.861  
 0.0    82.995  
 7.53846153846    83.128  
 0.0    83.262  
 6.46153846154    83.395  
 0.0    83.529  
 6.61538461538    83.662  
 0.0    83.796  
 6.76923076923    83.929  
 0.0    84.063  
 6.92307692308    84.197  
 0.0    84.329  
 5.84615384615    84.463  
 0.0    84.596  
 6.0    84.729  
 0.0    84.863  
 6.15384615385    84.996  
 0.0    85.13  
 6.30769230769    85.263  
 0.0    85.397  
 5.23076923077    85.53  
 0.0    85.664  
 5.38461538462    85.797  
 0.0    85.931  
 5.53846153846    86.064  
 0.0    86.198  
 5.69230769231    86.331  
 0.0    86.464  
 4.61538461538    86.597  
 0.0    86.731  
 4.76923076923    86.864  
 0.0    86.998  
 4.92307692308    87.131  
 0.0    87.265  
 5.07692307692    87.399  
 0.0    87.532  
 4.0    87.665  
 0.0    87.799  
 4.15384615385    87.932  
 0.0    88.065  
 4.30769230769    88.198  
 0.0    88.332  
 4.46153846154    88.465  
 0.0    88.608  
 19.3846153846    88.749  
 0.0    88.883  
 19.5384615385    89.016  
 0.0    89.15  
 19.6923076923    89.283  
 0.0    89.417  
 19.8461538462    89.55  
 0.0    89.683  
 18.7692307692    89.817  
 0.0    89.95  
 18.9230769231    90.084  
 0.0    90.217  
 19.0769230769    90.351  
 0.0    90.484  
 19.2307692308    90.617  
 0.0    90.752  
 18.1538461538    90.884  
 0.0    91.018  
 18.3076923077    91.151  
 0.0    91.284  
 18.4615384615    91.418  
 0.0    91.551  
 18.6153846154    91.685  
 0.0    91.818  
 17.5384615385    91.952  
 0.0    92.085  
 17.6923076923    92.219  
 0.0    92.352  
 17.8461538462    92.485  
 0.0    92.619  
 18.0    92.752  
 0.0    92.886  
 16.9230769231    93.019  
 0.0    93.152  
 17.0769230769    93.286  
 0.0    93.419  
 17.2307692308    93.553  
 0.0    93.686  
 17.3846153846    93.82  
 0.0    93.953  
 16.3076923077    94.088  
 0.0    94.22  
 16.4615384615    94.353  
 0.0    94.487  
 16.6153846154    94.62  
 0.0    94.754  
 16.7692307692    94.887  
 0.0    95.02  
 15.6923076923    95.154  
 0.0    95.287  
 15.8461538462    95.421  
 0.0    95.554  
 16.0    95.688  
 0.0    95.821  
 16.1538461538    95.955  
 0.0    96.088  
 15.0769230769    96.222  
 0.0    96.355  
 15.2307692308    96.488  
 0.0    96.622  
 15.3846153846    96.755  
 0.0    96.889  
 15.5384615385    97.022  
 0.0    97.155  
 14.4615384615    97.289  
 0.0    97.423  
 14.6153846154    97.556  
 0.0    97.689  
 14.7692307692    97.823  
 0.0    97.956  
 14.9230769231    98.09  
 0.0    98.223  
 13.8461538462    98.356  
 0.0    98.49  
 14.0    98.623  
 0.0    98.757  
 14.1538461538    98.891  
 0.0    99.024  
 14.3076923077    99.157  
 0.0    99.29  
 13.2307692308    99.424  
 0.0    99.557  
 13.3846153846    99.691  
 0.0    99.824  
 13.5384615385    99.957  
 0.0    100.091  
 13.6923076923    100.224  
 0.0    100.358  
 12.6153846154    100.491  
 0.0    100.625  
 12.7692307692    100.759  
 0.0    100.891  
 12.9230769231    101.025  
 0.0    101.158  
 13.0769230769    101.292  
 0.0    101.425  
 12.0    101.559  
 0.0    101.692  
 12.1538461538    101.825  
 0.0    101.959  
 12.3076923077    102.092  
 0.0    102.226  
 12.4615384615    102.359  
 0.0    102.492  
 11.3846153846    102.626  
 0.0    102.759  
 11.5384615385    102.893  
 0.0    103.026  
 11.6923076923    103.16  
 0.0    103.293  
 11.8461538462    103.427  
 0.0    103.56  
 10.7692307692    103.694  
 0.0    103.827  
 10.9230769231    103.96  
 0.0    104.095  
 11.0769230769    104.227  
 0.0    104.361  
 11.2307692308    104.494  
 0.0    104.628  
 10.1538461538    104.761  
 0.0    104.894  
 10.3076923077    105.028  
 0.0    105.161  
 10.4615384615    105.295  
 0.0    105.428  
 10.6153846154    105.561  
 0.0    105.695  
 9.53846153846    105.828  
 0.0    105.962  
 9.69230769231    106.095  
 0.0    106.229  
 9.84615384615    106.362  
 0.0    106.495  
 10.0    106.629  
 0.0    106.762  
 8.92307692308    106.896  
 0.0    107.029  
 9.07692307692    107.163  
 0.0    107.296  
 9.23076923077    107.43  
 0.0    107.563  
 9.38461538462    107.696  
 0.0    107.846  
 8.30769230769    107.98  
 0.0    108.113  
 8.46153846154    108.247  
 0.0    108.38  
 8.61538461538    108.514  
 0.0    108.647  
 8.76923076923    108.781  
 0.0    108.914  
 7.69230769231    109.047  
 0.0    109.18  
 7.84615384615    109.314  
 0.0    109.447  
 8.0    109.581  
 0.0    109.714  
 8.15384615385    109.848  
 0.0    109.981  
 7.07692307692    110.115  
 0.0    110.248  
 7.23076923077    110.382  
 0.0    110.515  
 7.38461538462    110.649  
 0.0    110.783  
 7.53846153846    110.915  
 0.0    111.048  
 6.46153846154    111.182  
 0.0    111.316  
 6.61538461538    111.449  
 0.0    111.583  
 6.76923076923    111.717  
 0.0    111.849  
 6.92307692308    111.983  
 0.0    112.116  
 5.84615384615    112.25  
 0.0    112.383  
 6.0    112.517  
 0.0    112.65  
 6.15384615385    112.784  
 0.0    112.917  
 6.30769230769    113.05  
 0.0    113.184  
 5.23076923077    113.317  
 0.0    113.45  
 5.38461538462    113.584  
 0.0    113.717  
 5.53846153846    113.851  
 0.0    113.984  
 5.69230769231    114.119  
 0.0    114.252  
 4.61538461538    114.385  
 0.0    114.518  
 4.76923076923    114.651  
 0.0    114.785  
 4.92307692308    114.918  
 0.0    115.052  
 5.07692307692    115.185  
 0.0    115.319  
 4.0    115.452  
 0.0    115.585  
 4.15384615385    115.719  
 0.0    115.852  
 4.30769230769    115.986  
 0.0    116.119  
 4.46153846154    116.253  
 0.0    116.397  
 19.3846153846    116.536  
 0.0    116.669  
 19.5384615385    116.803  
 0.0    116.936  
 19.6923076923    117.07  
 0.0    117.203  
 19.8461538462    117.337  
 0.0    117.471  
 18.7692307692    117.604  
 0.0    117.737  
 18.9230769231    117.871  
 0.0    118.004  
 19.0769230769    118.137  
 0.0    118.271  
 19.2307692308    118.404  
 0.0    118.537  
 18.1538461538    118.671  
 0.0    118.804  
 18.3076923077    118.938  
 0.0    119.071  
 18.4615384615    119.205  
 0.0    119.338  
 18.6153846154    119.472  
 0.0    119.605  
 17.5384615385    119.739  
 0.0    119.872  
 17.6923076923    120.005  
 0.0    120.138  
 17.8461538462    120.272  
 0.0    120.406  
 18.0    120.539  
 0.0    120.672  
 16.9230769231    120.807  
 0.0    120.94  
 17.0769230769    121.073  
 0.0    121.206  
 17.2307692308    121.34  
 0.0    121.473  
 17.3846153846    121.607  
 0.0    121.74  
 16.3076923077    121.874  
 0.0    122.006  
 16.4615384615    122.14  
 0.0    122.273  
 16.6153846154    122.407  
 0.0    122.54  
 16.7692307692    122.674  
 0.0    122.807  
 15.6923076923    122.941  
 0.0    123.074  
 15.8461538462    123.208  
 0.0    123.341  
 16.0    123.475  
 0.0    123.608  
 16.1538461538    123.742  
 0.0    123.874  
 15.0769230769    124.008  
 0.0    124.142  
 15.2307692308    124.275  
 0.0    124.408  
 15.3846153846    124.542  
 0.0    124.675  
 15.5384615385    124.809  
 0.0    124.942  
 14.4615384615    125.076  
 0.0    125.209  
 14.6153846154    125.343  
 0.0    125.476  
 14.7692307692    125.61  
 0.0    125.743  
 14.9230769231    125.876  
 0.0    126.009  
 13.8461538462    126.143  
 0.0    126.276  
 14.0    126.41  
 0.0    126.543  
 14.1538461538    126.677  
 0.0    126.81  
 14.3076923077    126.944  
 0.0    127.077  
 13.2307692308    127.211  
 0.0    127.344  
 13.3846153846    127.478  
 0.0    127.611  
 13.5384615385    127.744  
 0.0    127.877  
 13.6923076923    128.011  
 0.0    128.145  
 12.6153846154    128.278  
 0.0    128.411  
 12.7692307692    128.545  
 0.0    128.678  
 12.9230769231    128.812  
 0.0    128.945  
 13.0769230769    129.079  
 0.0    129.212  
 12.0    129.345  
 0.0    129.479  
 12.1538461538    129.612  
 0.0    129.745  
 12.3076923077    129.879  
 0.0    130.012  
 12.4615384615    130.146  
 0.0    130.279  
 11.3846153846    130.413  
 0.0    130.546  
 11.5384615385    130.68  
 0.0    130.814  
 11.6923076923    130.947  
 0.0    131.08  
 11.8461538462    131.214  
 0.0    131.347  
 10.7692307692    131.48  
 0.0    131.613  
 10.9230769231    131.747  
 0.0    131.88  
 11.0769230769    132.014  
 0.0    132.147  
 11.2307692308    132.281  
 0.0    132.414  
 10.1538461538    132.548  
 0.0    132.681  
 10.3076923077    132.815  
 0.0    132.948  
 10.4615384615    133.081  
 0.0    133.215  
 10.6153846154    133.348  
 0.0    133.482  
 9.53846153846    133.615  
 0.0    133.748  
 9.69230769231    133.882  
 0.0    134.015  
 9.84615384615    134.15  
 0.0    134.282  
 10.0    134.416  
 0.0    134.549  
 8.92307692308    134.683  
 0.0    134.816  
 9.07692307692    134.949  
 0.0    135.083  
 9.23076923077    135.216  
 0.0    135.349  
 9.38461538462    135.483  
 0.0    135.616  
 8.30769230769    135.75  
 0.0    135.883  
 8.46153846154    136.017  
 0.0    136.15  
 8.61538461538    136.284  
 0.0    136.417  
 8.76923076923    136.551  
 0.0    136.684  
 7.69230769231    136.818  
 0.0    136.951  
 7.84615384615    137.084  
 0.0    137.218  
 8.0    137.351  
 0.0    137.486  
 8.15384615385    137.619  
 0.0    137.752  
 7.07692307692    137.885  
 0.0    138.018  
 7.23076923077    138.152  
 0.0    138.285  
 7.38461538462    138.419  
 0.0    138.552  
 7.53846153846    138.686  
 0.0    138.819  
 6.46153846154    138.952  
 0.0    139.085  
 6.61538461538    139.219  
 0.0    139.352  
 6.76923076923    139.486  
 0.0    139.619  
 6.92307692308    139.753  
 0.0    139.886  
 5.84615384615    140.02  
 0.0    140.153  
 6.0    140.287  
 0.0    140.42  
 6.15384615385    140.553  
 0.0    140.687  
 6.30769230769    140.821  
 0.0    140.954  
 5.23076923077    141.087  
 0.0    141.221  
 5.38461538462    141.354  
 0.0    141.487  
 5.53846153846    141.621  
 0.0    141.754  
 5.69230769231    141.888  
 0.0    142.021  
 4.61538461538    142.155  
 0.0    142.288  
 4.76923076923    142.422  
 0.0    142.555  
 4.92307692308    142.688  
 0.0    142.821  
 5.07692307692    142.955  
 0.0    143.089  
 4.0    143.222  
 0.0    143.355  
 4.15384615385    143.489  
 0.0    143.622  
 4.30769230769    143.756  
 0.0    143.889  
 4.46153846154    144.023  
 0.0    144.168  
 19.3846153846    144.305  
 0.0    144.44  
 19.5384615385    144.573  
 0.0    144.707  
 19.6923076923    144.84  
 0.0    144.973  
 19.8461538462    145.107  
 0.0    145.24  
 18.7692307692    145.374  
 0.0    145.507  
 18.9230769231    145.641  
 0.0    145.774  
 19.0769230769    145.908  
 0.0    146.041  
 19.2307692308    146.174  
 0.0    146.308  
 18.1538461538    146.441  
 0.0    146.575  
 18.3076923077    146.708  
 0.0    146.841  
 18.4615384615    146.975  
 0.0    147.108  
 18.6153846154    147.242  
 0.0    147.375  
 17.5384615385    147.51  
 0.0    147.643  
 17.6923076923    147.776  
 0.0    147.909  
 17.8461538462    148.042  
 0.0    148.176  
 18.0    148.309  
 0.0    148.443  
 16.9230769231    148.576  
 0.0    148.709  
 17.0769230769    148.843  
 0.0    148.976  
 17.2307692308    149.11  
 0.0    149.243  
 17.3846153846    149.377  
 0.0    149.51  
 16.3076923077    149.644  
 0.0    149.777  
 16.4615384615    149.91  
 0.0    150.044  
 16.6153846154    150.177  
 0.0    150.311  
 16.7692307692    150.444  
 0.0    150.577  
 15.6923076923    150.711  
 0.0    150.845  
 15.8461538462    150.978  
 0.0    151.111  
 16.0    151.245  
 0.0    151.378  
 16.1538461538    151.512  
 0.0    151.645  
 15.0769230769    151.778  
 0.0    151.912  
 15.2307692308    152.045  
 0.0    152.179  
 15.3846153846    152.312  
 0.0    152.446  
 15.5384615385    152.579  
 0.0    152.712  
 14.4615384615    152.846  
 0.0    152.979  
 14.6153846154    153.113  
 0.0    153.246  
 14.7692307692    153.38  
 0.0    153.513  
 14.9230769231    153.647  
 0.0    153.78  
 13.8461538462    153.913  
 0.0    154.047  
 14.0    154.181  
 0.0    154.314  
 14.1538461538    154.447  
 0.0    154.58  
 14.3076923077    154.714  
 0.0    154.847  
 13.2307692308    154.981  
 0.0    155.114  
 13.3846153846    155.248  
 0.0    155.381  
 13.5384615385    155.515  
 0.0    155.648  
 13.6923076923    155.781  
 0.0    155.924  
 12.6153846154    156.065  
 0.0    156.198  
 12.7692307692    156.331  
 0.0    156.465  
 12.9230769231    156.598  
 0.0    156.732  
 13.0769230769    156.865  
 0.0    156.999  
 12.0    157.132  
 0.0    157.266  
 12.1538461538    157.399  
 0.0    157.534  
 12.3076923077    157.667  
 0.0    157.799  
 12.4615384615    157.933  
 0.0    158.066  
 11.3846153846    158.199  
 0.0    158.333  
 11.5384615385    158.466  
 0.0    158.6  
 11.6923076923    158.733  
 0.0    158.867  
 11.8461538462    159.0  
 0.0    159.134  
 10.7692307692    159.267  
 0.0    159.4  
 10.9230769231    159.534  
 0.0    159.667  
 11.0769230769    159.801  
 0.0    159.946  
 11.2307692308    160.083  
 0.0    160.218  
 10.1538461538    160.351  
 0.0    160.485  
 10.3076923077    160.618  
 0.0    160.752  
 10.4615384615    160.886  
 0.0    161.019  
 10.6153846154    161.152  
 0.0    161.285  
 9.53846153846    161.419  
 0.0    161.552  
 9.69230769231    161.686  
 0.0    161.819  
 9.84615384615    161.953  
 0.0    162.086  
 10.0    162.219  
 0.0    162.353  
 8.92307692308    162.486  
 0.0    162.619  
 9.07692307692    162.753  
 0.0    162.886  
 9.23076923077    163.02  
 0.0    163.153  
 9.38461538462    163.287  
 0.0    163.42  
 8.30769230769    163.554  
 0.0    163.687  
 8.46153846154    163.82  
 0.0    163.954  
 8.61538461538    164.087  
 0.0    164.222  
 8.76923076923    164.355  
 0.0    164.488  
 7.69230769231    164.622  
 0.0    164.754  
 7.84615384615    164.888  
 0.0    165.021  
 8.0    165.155  
 0.0    165.288  
 8.15384615385    165.422  
 0.0    165.555  
 7.07692307692    165.689  
 0.0    165.822  
 7.23076923077    165.955  
 0.0    166.089  
 7.38461538462    166.222  
 0.0    166.356  
 7.53846153846    166.489  
 0.0    166.622  
 6.46153846154    166.756  
 0.0    166.889  
 6.61538461538    167.023  
 0.0    167.156  
 6.76923076923    167.29  
 0.0    167.423  
 6.92307692308    167.558  
 0.0    167.69  
 5.84615384615    167.823  
 0.0    167.957  
 6.0    168.09  
 0.0    168.224  
 6.15384615385    168.357  
 0.0    168.491  
 6.30769230769    168.624  
 0.0    168.757  
 5.23076923077    168.891  
 0.0    169.024  
 5.38461538462    169.158  
 0.0    169.291  
 5.53846153846    169.425  
 0.0    169.558  
 5.69230769231    169.691  
 0.0    169.825  
 4.61538461538    169.974  
 0.0    170.108  
 4.76923076923    170.242  
 0.0    170.375  
 4.92307692308    170.509  
 0.0    170.642  
 5.07692307692    170.776  
 0.0    170.91  
 4.0    171.042  
 0.0    171.175  
 4.15384615385    171.309  
 0.0    171.442  
 4.30769230769    171.576  
 0.0    171.71  
 4.46153846154    171.843  
 0.0    171.986  
 19.3846153846    172.126  
 0.0    172.26  
 19.5384615385    172.394  
 0.0    172.527  
 19.6923076923    172.66  
 0.0    172.794  
 19.8461538462    172.927  
 0.0    173.06  
 18.7692307692    173.194  
 0.0    173.327  
 18.9230769231    173.461  
 0.0    173.594  
 19.0769230769    173.728  
 0.0    173.861  
 19.2307692308    173.995  
 0.0    174.128  
 18.1538461538    174.262  
 0.0    174.396  
 18.3076923077    174.529  
 0.0    174.662  
 18.4615384615    174.796  
 0.0    174.929  
 18.6153846154    175.062  
 0.0    175.195  
 17.5384615385    175.329  
 0.0    175.462  
 17.6923076923    175.596  
 0.0    175.729  
 17.8461538462    175.863  
 0.0    175.996  
 18.0    176.13  
 0.0    176.263  
 16.9230769231    176.396  
 0.0    176.53  
 17.0769230769    176.663  
 0.0    176.797  
 17.2307692308    176.93  
 0.0    177.063  
 17.3846153846    177.197  
 0.0    177.33  
 16.3076923077    177.464  
 0.0    177.598  
 16.4615384615    177.731  
 0.0    177.864  
 16.6153846154    177.997  
 0.0    178.131  
 16.7692307692    178.264  
 0.0    178.398  
 15.6923076923    178.531  
 0.0    178.665  
 15.8461538462    178.798  
 0.0    178.931  
 16.0    179.065  
 0.0    179.198  
 16.1538461538    179.332  
 0.0    179.465  
 15.0769230769    179.599  
 0.0    179.732  
 15.2307692308    179.866  
 0.0    179.999  
 15.3846153846    180.132  
 0.0    180.266  
 15.5384615385    180.399  
 0.0    180.533  
 14.4615384615    180.666  
 0.0    180.8  
 14.6153846154    180.934  
 0.0    181.066  
 14.7692307692    181.2  
 0.0    181.333  
 14.9230769231    181.467  
 0.0    181.6  
 13.8461538462    181.734  
 0.0    181.867  
 14.0    182.0  
 0.0    182.134  
 14.1538461538    182.267  
 0.0    182.401  
 14.3076923077    182.534  
 0.0    182.667  
 13.2307692308    182.801  
 0.0    182.934  
 13.3846153846    183.068  
 0.0    183.201  
 13.5384615385    183.335  
 0.0    183.468  
 13.6923076923    183.602  
 0.0    183.735  
 12.6153846154    183.868  
 0.0    184.002  
 12.7692307692    184.135  
 0.0    184.27  
 12.9230769231    184.403  
 0.0    184.535  
 13.0769230769    184.669  
 0.0    184.802  
 12.0    184.936  
 0.0    185.069  
 12.1538461538    185.203  
 0.0    185.336  
 12.3076923077    185.469  
 0.0    185.603  
 12.4615384615    185.736  
 0.0    185.87  
 11.3846153846    186.003  
 0.0    186.137  
 11.5384615385    186.27  
 0.0    186.404  
 11.6923076923    186.537  
 0.0    186.67  
 11.8461538462    186.804  
 0.0    186.937  
 10.7692307692    187.071  
 0.0    187.204  
 10.9230769231    187.338  
 0.0    187.471  
 11.0769230769    187.606  
 0.0    187.739  
 11.2307692308    187.872  
 0.0    188.005  
 10.1538461538    188.138  
 0.0    188.272  
 10.3076923077    188.405  
 0.0    188.538  
 10.4615384615    188.672  
 0.0    188.805  
 10.6153846154    188.954  
 0.0    189.088  
 9.53846153846    189.222  
 0.0    189.356  
 9.69230769231    189.489  
 0.0    189.623  
 9.84615384615    189.756  
 0.0    189.889  
 10.0    190.023  
 0.0    190.156  
 8.92307692308    190.29  
 0.0    190.423  
 9.07692307692    190.557  
 0.0    190.69  
 9.23076923077    190.823  
 0.0    190.958  
 9.38461538462    191.091  
 0.0    191.224  
 8.30769230769    191.358  
 0.0    191.49  
 8.46153846154    191.624  
 0.0    191.757  
 8.61538461538    191.891  
 0.0    192.024  
 8.76923076923    192.158  
 0.0    192.291  
 7.69230769231    192.425  
 0.0    192.558  
 7.84615384615    192.691  
 0.0    192.825  
 8.0    192.958  
 0.0    193.091  
 8.15384615385    193.225  
 0.0    193.358  
 7.07692307692    193.492  
 0.0    193.625  
 7.23076923077    193.759  
 0.0    193.892  
 7.38461538462    194.026  
 0.0    194.159  
 7.53846153846    194.293  
 0.0    194.426  
 6.46153846154    194.559  
 0.0    194.693  
 6.61538461538    194.826  
 0.0    194.96  
 6.76923076923    195.093  
 0.0    195.227  
 6.92307692308    195.36  
 0.0    195.493  
 5.84615384615    195.627  
 0.0    195.76  
 6.0    195.894  
 0.0    196.027  
 6.15384615385    196.161  
 0.0    196.294  
 6.30769230769    196.427  
 0.0    196.561  
 5.23076923077    196.694  
 0.0    196.828  
 5.38461538462    196.961  
 0.0    197.094  
 5.53846153846    197.228  
 0.0    197.361  
 5.69230769231    197.495  
 0.0    197.629  
 4.61538461538    197.762  
 0.0    197.895  
 4.76923076923    198.029  
 0.0    198.162  
 4.92307692308    198.295  
 0.0    198.429  
 5.07692307692    198.562  
 0.0    198.696  
 4.0    198.829  
 0.0    198.963  
 4.15384615385    199.096  
 0.0    199.229  
 4.30769230769    199.363  
 0.0    199.496  
 4.46153846154    199.63  
 0.0    199.776  
 19.3846153846    199.912  
 0.0    200.047  
 19.5384615385    200.18  
 0.0    200.314  
 19.6923076923    200.447  
 0.0    200.581  
 19.8461538462    200.714  
 0.0    200.847  
 18.7692307692    200.982  
 0.0    201.115  
 18.9230769231    201.248  
 0.0    201.381  
 19.0769230769    201.515  
 0.0    201.648  
 19.2307692308    201.781  
 0.0    201.915  
 18.1538461538    202.048  
 0.0    202.182  
 18.3076923077    202.315  
 0.0    202.448  
 18.4615384615    202.582  
 0.0    202.715  
 18.6153846154    202.849  
 0.0    202.982  
 17.5384615385    203.116  
 0.0    203.249  
 17.6923076923    203.383  
 0.0    203.516  
 17.8461538462    203.65  
 0.0    203.783  
 18.0    203.916  
 0.0    204.05  
 16.9230769231    204.183  
 0.0    204.317  
 17.0769230769    204.45  
 0.0    204.583  
 17.2307692308    204.717  
 0.0    204.85  
 17.3846153846    204.984  
 0.0    205.117  
 16.3076923077    205.251  
 0.0    205.384  
 16.4615384615    205.518  
 0.0    205.651  
 16.6153846154    205.784  
 0.0    205.918  
 16.7692307692    206.051  
 0.0    206.185  
 15.6923076923    206.318  
 0.0    206.451  
 15.8461538462    206.585  
 0.0    206.718  
 16.0    206.852  
 0.0    206.985  
 16.1538461538    207.119  
 0.0    207.252  
 15.0769230769    207.386  
 0.0    207.519  
 15.2307692308    207.653  
 0.0    207.787  
 15.3846153846    207.92  
 0.0    208.053  
 15.5384615385    208.186  
 0.0    208.319  
 14.4615384615    208.453  
 0.0    208.586  
 14.6153846154    208.72  
 0.0    208.853  
 14.7692307692    208.987  
 0.0    209.12  
 14.9230769231    209.254  
 0.0    209.387  
 13.8461538462    209.52  
 0.0    209.654  
 14.0    209.787  
 0.0    209.921  
 14.1538461538    210.054  
 0.0    210.188  
 14.3076923077    210.321  
 0.0    210.454  
 13.2307692308    210.588  
 0.0    210.721  
 13.3846153846    210.855  
 0.0    210.989  
 13.5384615385    211.122  
 0.0    211.256  
 13.6923076923    211.389  
 0.0    211.522  
 12.6153846154    211.656  
 0.0    211.789  
 12.7692307692    211.922  
 0.0    212.056  
 12.9230769231    212.189  
 0.0    212.322  
 13.0769230769    212.456  
 0.0    212.589  
 12.0    212.723  
 0.0    212.856  
 12.1538461538    212.99  
 0.0    213.123  
 12.3076923077    213.256  
 0.0    213.39  
 12.4615384615    213.523  
 0.0    213.657  
 11.3846153846    213.79  
 0.0    213.923  
 11.5384615385    214.057  
 0.0    214.191  
 11.6923076923    214.325  
 0.0    214.458  
 11.8461538462    214.591  
 0.0    214.725  
 10.7692307692    214.858  
 0.0    214.991  
 10.9230769231    215.125  
 0.0    215.258  
 11.0769230769    215.391  
 0.0    215.524  
 11.2307692308    215.658  
 0.0    215.791  
 10.1538461538    215.925  
 0.0    216.058  
 10.3076923077    216.192  
 0.0    216.325  
 10.4615384615    216.459  
 0.0    216.592  
 10.6153846154    216.725  
 0.0    216.859  
 9.53846153846    216.992  
 0.0    217.126  
 9.69230769231    217.259  
 0.0    217.393  
 9.84615384615    217.526  
 0.0    217.661  
 10.0    217.794  
 0.0    217.927  
 8.92307692308    218.061  
 0.0    218.194  
 9.07692307692    218.327  
 0.0    218.461  
 9.23076923077    218.594  
 0.0    218.727  
 9.38461538462    218.86  
 0.0    218.994  
 8.30769230769    219.127  
 0.0    219.261  
 8.46153846154    219.394  
 0.0    219.528  
 8.61538461538    219.661  
 0.0    219.794  
 8.76923076923    219.928  
 0.0    220.061  
 7.69230769231    220.195  
 0.0    220.328  
 7.84615384615    220.462  
 0.0    220.595  
 8.0    220.728  
 0.0    220.862  
 8.15384615385    220.996  
 0.0    221.129  
 7.07692307692    221.263  
 0.0    221.396  
 7.23076923077    221.529  
 0.0    221.662  
 7.38461538462    221.796  
 0.0    221.929  
 7.53846153846    222.063  
 0.0    222.196  
 6.46153846154    222.33  
 0.0    222.463  
 6.61538461538    222.596  
 0.0    222.73  
 6.76923076923    222.863  
 0.0    222.997  
 6.92307692308    223.13  
 0.0    223.263  
 5.84615384615    223.397  
 0.0    223.53  
 6.0    223.664  
 0.0    223.797  
 6.15384615385    223.931  
 0.0    224.064  
 6.30769230769    224.198  
 0.0    224.332  
 5.23076923077    224.465  
 0.0    224.599  
 5.38461538462    224.732  
 0.0    224.865  
 5.53846153846    224.998  
 0.0    225.132  
 5.69230769231    225.265  
 0.0    225.399  
 4.61538461538    225.532  
 0.0    225.665  
 4.76923076923    225.799  
 0.0    225.932  
 4.92307692308    226.066  
 0.0    226.199  
 5.07692307692    226.333  
 0.0    226.466  
 4.0    226.599  
 0.0    226.733  
 4.15384615385    226.866  
 0.0    227.0  
 4.30769230769    227.133  
 0.0    227.266  
 4.46153846154    227.4  
 0.0    227.546  
 19.3846153846    227.683  
 0.0    227.817  
 19.5384615385    227.951  
 0.0    228.084  
 19.6923076923    228.217  
 0.0    228.351  
 19.8461538462    228.484  
 0.0    228.617  
 18.7692307692    228.751  
 0.0    228.884  
 18.9230769231    229.018  
 0.0    229.151  
 19.0769230769    229.285  
 0.0    229.418  
 19.2307692308    229.552  
 0.0    229.685  
 18.1538461538    229.819  
 0.0    229.952  
 18.3076923077    230.085  
 0.0    230.219  
 18.4615384615    230.353  
 0.0    230.486  
 18.6153846154    230.619  
 0.0    230.752  
 17.5384615385    230.886  
 0.0    231.02  
 17.6923076923    231.153  
 0.0    231.287  
 17.8461538462    231.42  
 0.0    231.554  
 18.0    231.687  
 0.0    231.821  
 16.9230769231    231.954  
 0.0    232.087  
 17.0769230769    232.22  
 0.0    232.354  
 17.2307692308    232.487  
 0.0    232.62  
 17.3846153846    232.754  
 0.0    232.887  
 16.3076923077    233.021  
 0.0    233.154  
 16.4615384615    233.288  
 0.0    233.421  
 16.6153846154    233.555  
 0.0    233.688  
 16.7692307692    233.821  
 0.0    233.955  
 15.6923076923    234.088  
 0.0    234.222  
 15.8461538462    234.356  
 0.0    234.489  
 16.0    234.623  
 0.0    234.755  
 16.1538461538    234.889  
 0.0    235.023  
 15.0769230769    235.156  
 0.0    235.29  
 15.2307692308    235.423  
 0.0    235.556  
 15.3846153846    235.69  
 0.0    235.823  
 15.5384615385    235.956  
 0.0    236.09  
 14.4615384615    236.223  
 0.0    236.356  
 14.6153846154    236.49  
 0.0    236.623  
 14.7692307692    236.757  
 0.0    236.89  
 14.9230769231    237.024  
 0.0    237.157  
 13.8461538462    237.291  
 0.0    237.424  
 14.0    237.557  
 0.0    237.692  
 14.1538461538    237.825  
 0.0    237.958  
 14.3076923077    238.092  
 0.0    238.225  
 13.2307692308    238.358  
 0.0    238.491  
 13.3846153846    238.625  
 0.0    238.758  
 13.5384615385    238.892  
 0.0    239.025  
 13.6923076923    239.159  
 0.0    239.292  
 12.6153846154    239.425  
 0.0    239.559  
 12.7692307692    239.692  
 0.0    239.826  
 12.9230769231    239.959  
 0.0    240.092  
 13.0769230769    240.226  
 0.0    240.359  
 12.0    240.493  
 0.0    240.626  
 12.1538461538    240.76  
 0.0    240.893  
 12.3076923077    241.028  
 0.0    241.161  
 12.4615384615    241.294  
 0.0    241.427  
 11.3846153846    241.56  
 0.0    241.694  
 11.5384615385    241.827  
 0.0    241.961  
 11.6923076923    242.11  
 0.0    242.244  
 11.8461538462    242.378  
 0.0    242.511  
 10.7692307692    242.645  
 0.0    242.778  
 10.9230769231    242.911  
 0.0    243.045  
 11.0769230769    243.178  
 0.0    243.311  
 11.2307692308    243.445  
 0.0    243.578  
 10.1538461538    243.712  
 0.0    243.845  
 10.3076923077    243.979  
 0.0    244.112  
 10.4615384615    244.246  
 0.0    244.38  
 10.6153846154    244.513  
 0.0    244.646  
 9.53846153846    244.78  
 0.0    244.913  
 9.69230769231    245.046  
 0.0    245.179  
 9.84615384615    245.313  
 0.0    245.447  
 10.0    245.581  
 0.0    245.714  
 8.92307692308    245.847  
 0.0    245.981  
 9.07692307692    246.114  
 0.0    246.247  
 9.23076923077    246.38  
 0.0    246.514  
 9.38461538462    246.647  
 0.0    246.781  
 8.30769230769    246.914  
 0.0    247.047  
 8.46153846154    247.181  
 0.0    247.314  
 8.61538461538    247.448  
 0.0    247.581  
 8.76923076923    247.715  
 0.0    247.849  
 7.69230769231    247.982  
 0.0    248.115  
 7.84615384615    248.249  
 0.0    248.382  
 8.0    248.515  
 0.0    248.649  
 8.15384615385    248.782  
 0.0    248.916  
 7.07692307692    249.049  
 0.0    249.182  
 7.23076923077    249.316  
 0.0    249.449  
 7.38461538462    249.583  
 0.0    249.716  
 7.53846153846    249.85  
 0.0    249.983  
 6.46153846154    250.116  
 0.0    250.25  
 6.61538461538    250.383  
 0.0    250.517  
 6.76923076923    250.65  
 0.0    250.784  
 6.92307692308    250.917  
 0.0    251.052  
 5.84615384615    251.185  
 0.0    251.318  
 6.0    251.451  
 0.0    251.584  
 6.15384615385    251.718  
 0.0    251.851  
 6.30769230769    251.985  
 0.0    252.118  
 5.23076923077    252.251  
 0.0    252.385  
 5.38461538462    252.518  
 0.0    252.651  
 5.53846153846    252.785  
 0.0    252.919  
 5.69230769231    253.052  
 0.0    253.185  
 4.61538461538    253.319  
 0.0    253.452  
 4.76923076923    253.586  
 0.0    253.719  
 4.92307692308    253.852  
 0.0    253.986  
 5.07692307692    254.119  
 0.0    254.253  
 4.0    254.387  
 0.0    254.52  
 4.15384615385    254.653  
 0.0    254.787  
 4.30769230769    254.92  
 0.0    255.053  
 4.46153846154    255.187  
 0.0    255.332  
 19.3846153846    255.469  
 0.0    255.604  
 19.5384615385    255.737  
 0.0    255.871  
 19.6923076923    256.004  
 0.0    256.137  
 19.8461538462    256.271  
 0.0    256.404  
 18.7692307692    256.538  
 0.0    256.671  
 18.9230769231    256.805  
 0.0    256.938  
 19.0769230769    257.072  
 0.0    257.205  
 19.2307692308    257.339  
 0.0    257.472  
 18.1538461538    257.605  
 0.0    257.74  
 18.3076923077    257.873  
 0.0    258.006  
 18.4615384615    258.14  
 0.0    258.273  
 18.6153846154    258.406  
 0.0    258.539  
 17.5384615385    258.673  
 0.0    258.806  
 17.6923076923    258.94  
 0.0    259.073  
 17.8461538462    259.207  
 0.0    259.34  
 18.0    259.473  
 0.0    259.607  
 16.9230769231    259.74  
 0.0    259.873  
 17.0769230769    260.007  
 0.0    260.157  
 17.2307692308    260.291  
 0.0    260.424  
 17.3846153846    260.557  
 0.0    260.691  
 16.3076923077    260.824  
 0.0    260.958  
 16.4615384615    261.092  
 0.0    261.226  
 16.6153846154    261.359  
 0.0    261.492  
 16.7692307692    261.626  
 0.0    261.76  
 15.6923076923    261.893  
 0.0    262.027  
 15.8461538462    262.16  
 0.0    262.293  
 16.0    262.427  
 0.0    262.56  
 16.1538461538    262.693  
 0.0    262.826  
 15.0769230769    262.959  
 0.0    263.092  
 15.2307692308    263.226  
 0.0    263.359  
 15.3846153846    263.493  
 0.0    263.627  
 15.5384615385    263.76  
 0.0    263.894  
 14.4615384615    264.027  
 0.0    264.161  
 14.6153846154    264.294  
 0.0    264.427  
 14.7692307692    264.561  
 0.0    264.694  
 14.9230769231    264.828  
 0.0    264.961  
 13.8461538462    265.095  
 0.0    265.228  
 14.0    265.361  
 0.0    265.495  
 14.1538461538    265.628  
 0.0    265.762  
 14.3076923077    265.895  
 0.0    266.029  
 13.2307692308    266.162  
 0.0    266.296  
 13.3846153846    266.43  
 0.0    266.563  
 13.5384615385    266.696  
 0.0    266.83  
 13.6923076923    266.963  
 0.0    267.096  
 12.6153846154    267.23  
 0.0    267.363  
 12.7692307692    267.496  
 0.0    267.63  
 12.9230769231    267.764  
 0.0    267.897  
 13.0769230769    268.03  
 0.0    268.164  
 12.0    268.297  
 0.0    268.43  
 12.1538461538    268.563  
 0.0    268.697  
 12.3076923077    268.83  
 0.0    268.963  
 12.4615384615    269.097  
 0.0    269.231  
 11.3846153846    269.364  
 0.0    269.497  
 11.5384615385    269.631  
 0.0    269.765  
 11.6923076923    269.898  
 0.0    270.032  
 11.8461538462    270.165  
 0.0    270.299  
 10.7692307692    270.432  
 0.0    270.566  
 10.9230769231    270.699  
 0.0    270.833  
 11.0769230769    270.966  
 0.0    271.1  
 11.2307692308    271.233  
 0.0    271.367  
 10.1538461538    271.5  
 0.0    271.633  
 10.3076923077    271.767  
 0.0    271.9  
 10.4615384615    272.033  
 0.0    272.167  
 10.6153846154    272.3  
 0.0    272.433  
 9.53846153846    272.566  
 0.0    272.699  
 9.69230769231    272.833  
 0.0    272.966  
 9.84615384615    273.1  
 0.0    273.233  
 10.0    273.367  
 0.0    273.5  
 8.92307692308    273.633  
 0.0    273.767  
 9.07692307692    273.9  
 0.0    274.034  
 9.23076923077    274.167  
 0.0    274.301  
 9.38461538462    274.435  
 0.0    274.569  
 8.30769230769    274.702  
 0.0    274.835  
 8.46153846154    274.969  
 0.0    275.102  
 8.61538461538    275.236  
 0.0    275.369  
 8.76923076923    275.502  
 0.0    275.636  
 7.69230769231    275.769  
 0.0    275.902  
 7.84615384615    276.036  
 0.0    276.169  
 8.0    276.303  
 0.0    276.436  
 8.15384615385    276.57  
 0.0    276.703  
 7.07692307692    276.837  
 0.0    276.97  
 7.23076923077    277.104  
 0.0    277.237  
 7.38461538462    277.371  
 0.0    277.504  
 7.53846153846    277.637  
 0.0    277.771  
 6.46153846154    277.904  
 0.0    278.038  
 6.61538461538    278.171  
 0.0    278.304  
 6.76923076923    278.438  
 0.0    278.572  
 6.92307692308    278.705  
 0.0    278.839  
 5.84615384615    278.972  
 0.0    279.106  
 6.0    279.239  
 0.0    279.373  
 6.15384615385    279.506  
 0.0    279.64  
 6.30769230769    279.773  
 0.0    279.907  
 5.23076923077    280.041  
 0.0    280.174  
 5.38461538462    280.308  
 0.0    280.441  
 5.53846153846    280.575  
 0.0    280.708  
 5.69230769231    280.842  
 0.0    280.975  
 4.61538461538    281.109  
 0.0    281.243  
 4.76923076923    281.376  
 0.0    281.509  
 4.92307692308    281.643  
 0.0    281.776  
 5.07692307692    281.909  
 0.0    282.043  
 4.0    282.176  
 0.0    282.309  
 4.15384615385    282.443  
 0.0    282.576  
 4.30769230769    282.709  
 0.0    282.843  
 4.46153846154    282.976  
 0.0    283.122  
 19.3846153846    283.257  
 0.0    283.391  
 19.5384615385    283.524  
 0.0    283.657  
 19.6923076923    283.791  
 0.0    283.924  
 19.8461538462    284.058  
 0.0    284.191  
 18.7692307692    284.325  
 0.0    284.459  
 18.9230769231    284.592  
 0.0    284.725  
 19.0769230769    284.859  
 0.0    284.992  
 19.2307692308    285.126  
 0.0    285.259  
 18.1538461538    285.392  
 0.0    285.526  
 18.3076923077    285.66  
 0.0    285.793  
 18.4615384615    285.926  
 0.0    286.06  
 18.6153846154    286.193  
 0.0    286.326  
 17.5384615385    286.46  
 0.0    286.593  
 17.6923076923    286.726  
 0.0    286.86  
 17.8461538462    286.993  
 0.0    287.127  
 18.0    287.261  
 0.0    287.395  
 16.9230769231    287.528  
 0.0    287.662  
 17.0769230769    287.795  
 0.0    287.929  
 17.2307692308    288.062  
 0.0    288.196  
 17.3846153846    288.329  
 0.0    288.463  
 16.3076923077    288.596  
 0.0    288.729  
 16.4615384615    288.863  
 0.0    288.996  
 16.6153846154    289.13  
 0.0    289.263  
 16.7692307692    289.397  
 0.0    289.53  
 15.6923076923    289.663  
 0.0    289.797  
 15.8461538462    289.93  
 0.0    290.063  
 16.0    290.206  
 0.0    290.345  
 16.1538461538    290.479  
 0.0    290.613  
 15.0769230769    290.747  
 0.0    290.88  
 15.2307692308    291.014  
 0.0    291.148  
 15.3846153846    291.282  
 0.0    291.416  
 15.5384615385    291.549  
 0.0    291.683  
 14.4615384615    291.816  
 0.0    291.949  
 14.6153846154    292.083  
 0.0    292.216  
 14.7692307692    292.35  
 0.0    292.484  
 14.9230769231    292.617  
 0.0    292.75  
 13.8461538462    292.884  
 0.0    293.017  
 14.0    293.151  
 0.0    293.284  
 14.1538461538    293.418  
 0.0    293.551  
 14.3076923077    293.684  
 0.0    293.818  
 13.2307692308    293.951  
 0.0    294.085  
 13.3846153846    294.218  
 0.0    294.352  
 13.5384615385    294.485  
 0.0    294.619  
 13.6923076923    294.752  
 0.0    294.886  
 12.6153846154    295.019  
 0.0    295.152  
 12.7692307692    295.286  
 0.0    295.419  
 12.9230769231    295.553  
 0.0    295.686  
 13.0769230769    295.82  
 0.0    295.954  
 12.0    296.087  
 0.0    296.22  
 12.1538461538    296.354  
 0.0    296.487  
 12.3076923077    296.62  
 0.0    296.754  
 12.4615384615    296.887  
 0.0    297.02  
 11.3846153846    297.154  
 0.0    297.287  
 11.5384615385    297.421  
 0.0    297.554  
 11.6923076923    297.688  
 0.0    297.821  
 11.8461538462    297.955  
 0.0    298.088  
 10.7692307692    298.221  
 0.0    298.355  
 10.9230769231    298.488  
 0.0    298.621  
 11.0769230769    298.755  
 0.0    298.889  
 11.2307692308    299.022  
 0.0    299.156  
 10.1538461538    299.289  
 0.0    299.423  
 10.3076923077    299.556  
 0.0    299.689  
 10.4615384615    299.823  
 0.0    299.956  
 10.6153846154    300.09  
 0.0    300.223  
 9.53846153846    300.356  
 0.0    300.49  
 9.69230769231    300.623  
 0.0    300.757  
 9.84615384615    300.89  
 0.0    301.024  
 10.0    301.158  
 0.0    301.291  
 8.92307692308    301.424  
 0.0    301.558  
 9.07692307692    301.703  
 0.0    301.838  
 9.23076923077    301.971  
 0.0    302.105  
 9.38461538462    302.238  
 0.0    302.372  
 8.30769230769    302.505  
 0.0    302.638  
 8.46153846154    302.771  
 0.0    302.905  
 8.61538461538    303.038  
 0.0    303.172  
 8.76923076923    303.305  
 0.0    303.438  
 7.69230769231    303.572  
 0.0    303.705  
 7.84615384615    303.839  
 0.0    303.972  
 8.0    304.106  
 0.0    304.239  
 8.15384615385    304.373  
 0.0    304.507  
 7.07692307692    304.64  
 0.0    304.774  
 7.23076923077    304.907  
 0.0    305.041  
 7.38461538462    305.174  
 0.0    305.308  
 7.53846153846    305.441  
 0.0    305.575  
 6.46153846154    305.709  
 0.0    305.842  
 6.61538461538    305.976  
 0.0    306.109  
 6.76923076923    306.243  
 0.0    306.377  
 6.92307692308    306.51  
 0.0    306.644  
 5.84615384615    306.778  
 0.0    306.911  
 6.0    307.045  
 0.0    307.179  
 6.15384615385    307.312  
 0.0    307.445  
 6.30769230769    307.578  
 0.0    307.712  
 5.23076923077    307.846  
 0.0    307.979  
 5.38461538462    308.112  
 0.0    308.246  
 5.53846153846    308.379  
 0.0    308.512  
 5.69230769231    308.646  
 0.0    308.779  
 4.61538461538    308.913  
 0.0    309.046  
 4.76923076923    309.18  
 0.0    309.313  
 4.92307692308    309.447  
 0.0    309.58  
 5.07692307692    309.713  
 0.0    309.847  
 4.0    309.981  
 0.0    310.114  
 4.15384615385    310.26  
 0.0    310.394  
 4.30769230769    310.527  
 0.0    310.661  
 4.46153846154    310.794  
