 [4.0, 6.9230769230769216, 12.461538461538456, 14.769230769230763]  
 [42.246, 46.783, 56.406, 59.876]  
 [42.78, 47.319, 57.074, 60.409]  
 [7.6923076923076898, 7.9999999999999973, 8.9230769230769198, 19.846153846153832]  
 [61.761, 79.107, 81.257, 81.792]  
 [62.294, 64.563, 79.774, 81.792, 82.592]  
 [4.0, 4.4615384615384617, 13.384615384615378, 16.615384615384606]  
 [94.618, 99.688, 115.45, 116.25]  
 [95.151]  
 [7.9999999999999973, 9.0769230769230731, 12.61538461538461, 19.230769230769219]  
 [118.402, 128.276, 134.947, 137.349]  
 [119.202, 137.883]  
 [6.6153846153846141, 9.9999999999999964, 10.769230769230765, 16.615384615384606]  
 [150.175, 159.265, 162.217, 167.02]  
 [150.708, 159.798, 162.751, 167.556]  
 [8.7692307692307665, 10.15384615384615, 12.461538461538456, 18.923076923076913]  
 [173.459, 185.734, 188.136, 192.155]  
 [186.268, 188.803]  
 [6.3076923076923066, 11.076923076923073, 11.692307692307688, 13.076923076923071]  
 [212.454, 214.323, 215.389, 224.195]  
 [212.987, 214.856, 215.923, 224.73]  
 [5.0769230769230766, 6.6153846153846141, 7.3846153846153824, 15.07692307692307]  
 [235.154, 249.58, 250.381, 254.117]  
 [250.248, 254.784]  
 [4.7692307692307692, 6.7692307692307674, 13.076923076923071, 18.769230769230759]  
 [256.536, 268.028, 278.436, 281.374]  
 [257.07, 268.695, 279.104, 282.174]  
 [8.1538461538461515, 8.3076923076923048, 14.615384615384608, 15.384615384615378]  
 [291.28, 292.081, 302.503, 304.371]  
 [291.814, 303.837]  
