 [8.9230769230769198, 9.5384615384615348, 17.384615384615373, 19.538461538461526]  
 [33.223, 38.027, 50.035, 51.103]  
 [38.56, 50.436, 51.636]  
 [4.7692307692307692, 11.38461538461538, 11.999999999999995, 18.923076923076913]  
 [62.077, 73.552, 74.62, 86.628]  
 [62.611, 74.088, 75.287]  
 [5.2307692307692299, 14.923076923076916, 15.384615384615378, 15.692307692307685]  
 [94.918, 96.519, 97.853, 113.064]  
 [95.318, 97.053, 98.254, 113.598]  
 [5.8461538461538449, 8.9230769230769198, 12.307692307692303, 16.307692307692299]  
 [121.621, 129.626, 134.43, 139.767]  
 [122.154, 134.964, 140.301]  
 [8.3076923076923048, 13.538461538461533, 14.615384615384608, 16.461538461538453]  
 [149.658, 152.86, 155.262, 163.268]  
 [150.191, 153.394, 163.801]  
 [4.7692307692307692, 4.9230769230769225, 5.3846153846153841, 14.769230769230763]  
 [180.915, 196.659, 197.727, 197.993]  
 [181.447, 197.192, 198.26]  
 [5.5384615384615374, 12.769230769230763, 17.538461538461529, 19.538461538461526]  
 [199.877, 202.813, 211.619, 224.696]  
 [203.347, 212.153, 225.229]  
 [5.8461538461538449, 6.4615384615384599, 15.692307692307685, 19.538461538461526]  
 [227.649, 233.785, 249.797, 250.865]  
 [234.321, 250.331, 251.532]  
 [9.3846153846153815, 11.230769230769226, 14.615384615384608, 16.307692307692299]  
 [260.488, 263.957, 270.896, 274.099]  
 [261.023, 264.493, 271.43, 274.5]  
 [8.6153846153846132, 15.07692307692307, 17.999999999999989, 18.153846153846146]  
 [285.056, 286.924, 290.393, 302.671]  
 [285.59, 290.927, 303.339]  
