 32.808    32.808  
 0.0    32.825  
 19.3846153846    32.959  
 0.0    33.092  
 19.5384615385    33.226  
 0.0    33.359  
 19.6923076923    33.493  
 0.0    33.626  
 19.8461538462    33.76  
 0.0    33.893  
 18.7692307692    34.026  
 0.0    34.16  
 18.9230769231    34.293  
 0.0    34.426  
 19.0769230769    34.56  
 0.0    34.693  
 19.2307692308    34.827  
 0.0    34.96  
 18.1538461538    35.094  
 0.0    35.227  
 18.3076923077    35.361  
 0.0    35.494  
 18.4615384615    35.628  
 0.0    35.761  
 18.6153846154    35.894  
 0.0    36.028  
 17.5384615385    36.161  
 0.0    36.294  
 17.6923076923    36.428  
 0.0    36.561  
 17.8461538462    36.695  
 0.0    36.828  
 18.0    36.962  
 0.0    37.095  
 16.9230769231    37.229  
 0.0    37.363  
 17.0769230769    37.496  
 0.0    37.629  
 17.2307692308    37.762  
 0.0    37.896  
 17.3846153846    38.029  
 0.0    38.163  
 16.3076923077    38.296  
 0.0    38.429  
 16.4615384615    38.563  
 0.0    38.696  
 16.6153846154    38.83  
 0.0    38.963  
 16.7692307692    39.097  
 0.0    39.23  
 15.6923076923    39.363  
 0.0    39.497  
 15.8461538462    39.63  
 0.0    39.764  
 16.0    39.897  
 0.0    40.03  
 16.1538461538    40.164  
 0.0    40.297  
 15.0769230769    40.431  
 0.0    40.564  
 15.2307692308    40.699  
 0.0    40.831  
 15.3846153846    40.965  
 0.0    41.098  
 15.5384615385    41.231  
 0.0    41.365  
 14.4615384615    41.498  
 0.0    41.632  
 14.6153846154    41.765  
 0.0    41.898  
 14.7692307692    42.032  
 0.0    42.165  
 14.9230769231    42.299  
 0.0    42.432  
 13.8461538462    42.566  
 0.0    42.699  
 14.0    42.833  
 0.0    42.966  
 14.1538461538    43.1  
 0.0    43.233  
 14.3076923077    43.366  
 0.0    43.5  
 13.2307692308    43.633  
 0.0    43.767  
 13.3846153846    43.9  
 0.0    44.034  
 13.5384615385    44.167  
 0.0    44.3  
 13.6923076923    44.434  
 0.0    44.567  
 12.6153846154    44.701  
 0.0    44.834  
 12.7692307692    44.968  
 0.0    45.101  
 12.9230769231    45.234  
 0.0    45.368  
 13.0769230769    45.501  
 0.0    45.635  
 12.0    45.768  
 0.0    45.901  
 12.1538461538    46.035  
 0.0    46.168  
 12.3076923077    46.302  
 0.0    46.435  
 12.4615384615    46.569  
 0.0    46.702  
 11.3846153846    46.835  
 0.0    46.969  
 11.5384615385    47.102  
 0.0    47.236  
 11.6923076923    47.37  
 0.0    47.503  
 11.8461538462    47.636  
 0.0    47.769  
 10.7692307692    47.903  
 0.0    48.036  
 10.9230769231    48.17  
 0.0    48.303  
 11.0769230769    48.437  
 0.0    48.57  
 11.2307692308    48.704  
 0.0    48.837  
 10.1538461538    48.97  
 0.0    49.104  
 10.3076923077    49.237  
 0.0    49.371  
 10.4615384615    49.504  
 0.0    49.638  
 10.6153846154    49.771  
 0.0    49.904  
 9.53846153846    50.038  
 0.0    50.171  
 9.69230769231    50.305  
 0.0    50.438  
 9.84615384615    50.572  
 0.0    50.706  
 10.0    50.839  
 0.0    50.972  
 8.92307692308    51.105  
 0.0    51.239  
 9.07692307692    51.372  
 0.0    51.505  
 9.23076923077    51.639  
 0.0    51.772  
 9.38461538462    51.906  
 0.0    52.039  
 8.30769230769    52.173  
 0.0    52.306  
 8.46153846154    52.439  
 0.0    52.573  
 8.61538461538    52.706  
 0.0    52.84  
 8.76923076923    52.973  
 0.0    53.107  
 7.69230769231    53.24  
 0.0    53.374  
 7.84615384615    53.507  
 0.0    53.64  
 8.0    53.79  
 0.0    53.924  
 8.15384615385    54.058  
 0.0    54.191  
 7.07692307692    54.324  
 0.0    54.457  
 7.23076923077    54.591  
 0.0    54.724  
 7.38461538462    54.858  
 0.0    54.991  
 7.53846153846    55.125  
 0.0    55.258  
 6.46153846154    55.392  
 0.0    55.525  
 6.61538461538    55.659  
 0.0    55.791  
 6.76923076923    55.925  
 0.0    56.058  
 6.92307692308    56.192  
 0.0    56.325  
 5.84615384615    56.459  
 0.0    56.592  
 6.0    56.726  
 0.0    56.859  
 6.15384615385    56.993  
 0.0    57.126  
 6.30769230769    57.26  
 0.0    57.394  
 5.23076923077    57.526  
 0.0    57.659  
 5.38461538462    57.793  
 0.0    57.926  
 5.53846153846    58.06  
 0.0    58.193  
 5.69230769231    58.327  
 0.0    58.46  
 4.61538461538    58.594  
 0.0    58.727  
 4.76923076923    58.861  
 0.0    58.994  
 4.92307692308    59.128  
 0.0    59.261  
 5.07692307692    59.395  
 0.0    59.528  
 4.0    59.661  
 0.0    59.794  
 4.15384615385    59.928  
 0.0    60.061  
 4.30769230769    60.195  
 0.0    60.328  
 4.46153846154    60.462  
 0.0    60.603  
 19.3846153846    60.745  
 0.0    60.879  
 19.5384615385    61.013  
 0.0    61.146  
 19.6923076923    61.28  
 0.0    61.413  
 19.8461538462    61.546  
 0.0    61.68  
 18.7692307692    61.813  
 0.0    61.946  
 18.9230769231    62.08  
 0.0    62.213  
 19.0769230769    62.347  
 0.0    62.48  
 19.2307692308    62.614  
 0.0    62.747  
 18.1538461538    62.881  
 0.0    63.014  
 18.3076923077    63.147  
 0.0    63.281  
 18.4615384615    63.414  
 0.0    63.548  
 18.6153846154    63.681  
 0.0    63.814  
 17.5384615385    63.948  
 0.0    64.082  
 17.6923076923    64.215  
 0.0    64.348  
 17.8461538462    64.482  
 0.0    64.615  
 18.0    64.749  
 0.0    64.882  
 16.9230769231    65.015  
 0.0    65.149  
 17.0769230769    65.282  
 0.0    65.416  
 17.2307692308    65.549  
 0.0    65.683  
 17.3846153846    65.816  
 0.0    65.949  
 16.3076923077    66.083  
 0.0    66.216  
 16.4615384615    66.35  
 0.0    66.483  
 16.6153846154    66.617  
 0.0    66.75  
 16.7692307692    66.884  
 0.0    67.017  
 15.6923076923    67.15  
 0.0    67.284  
 15.8461538462    67.418  
 0.0    67.55  
 16.0    67.684  
 0.0    67.817  
 16.1538461538    67.951  
 0.0    68.087  
 15.0769230769    68.22  
 0.0    68.352  
 15.2307692308    68.485  
 0.0    68.618  
 15.3846153846    68.751  
 0.0    68.885  
 15.5384615385    69.018  
 0.0    69.152  
 14.4615384615    69.285  
 0.0    69.419  
 14.6153846154    69.552  
 0.0    69.685  
 14.7692307692    69.819  
 0.0    69.952  
 14.9230769231    70.086  
 0.0    70.219  
 13.8461538462    70.353  
 0.0    70.486  
 14.0    70.62  
 0.0    70.754  
 14.1538461538    70.886  
 0.0    71.02  
 14.3076923077    71.153  
 0.0    71.287  
 13.2307692308    71.42  
 0.0    71.553  
 13.3846153846    71.687  
 0.0    71.82  
 13.5384615385    71.954  
 0.0    72.087  
 13.6923076923    72.22  
 0.0    72.354  
 12.6153846154    72.487  
 0.0    72.621  
 12.7692307692    72.754  
 0.0    72.887  
 12.9230769231    73.021  
 0.0    73.155  
 13.0769230769    73.288  
 0.0    73.421  
 12.0    73.555  
 0.0    73.688  
 12.1538461538    73.822  
 0.0    73.955  
 12.3076923077    74.089  
 0.0    74.222  
 12.4615384615    74.356  
 0.0    74.489  
 11.3846153846    74.622  
 0.0    74.756  
 11.5384615385    74.889  
 0.0    75.023  
 11.6923076923    75.156  
 0.0    75.289  
 11.8461538462    75.423  
 0.0    75.556  
 10.7692307692    75.69  
 0.0    75.823  
 10.9230769231    75.957  
 0.0    76.09  
 11.0769230769    76.223  
 0.0    76.357  
 11.2307692308    76.49  
 0.0    76.624  
 10.1538461538    76.757  
 0.0    76.891  
 10.3076923077    77.024  
 0.0    77.157  
 10.4615384615    77.291  
 0.0    77.425  
 10.6153846154    77.558  
 0.0    77.691  
 9.53846153846    77.825  
 0.0    77.958  
 9.69230769231    78.092  
 0.0    78.225  
 9.84615384615    78.358  
 0.0    78.492  
 10.0    78.625  
 0.0    78.759  
 8.92307692308    78.892  
 0.0    79.025  
 9.07692307692    79.159  
 0.0    79.292  
 9.23076923077    79.426  
 0.0    79.559  
 9.38461538462    79.693  
 0.0    79.826  
 8.30769230769    79.96  
 0.0    80.093  
 8.46153846154    80.226  
 0.0    80.36  
 8.61538461538    80.493  
 0.0    80.627  
 8.76923076923    80.761  
 0.0    80.893  
 7.69230769231    81.027  
 0.0    81.16  
 7.84615384615    81.294  
 0.0    81.427  
 8.0    81.561  
 0.0    81.694  
 8.15384615385    81.828  
 0.0    81.961  
 7.07692307692    82.094  
 0.0    82.228  
 7.23076923077    82.361  
 0.0    82.495  
 7.38461538462    82.628  
 0.0    82.762  
 7.53846153846    82.895  
 0.0    83.028  
 6.46153846154    83.162  
 0.0    83.295  
 6.61538461538    83.429  
 0.0    83.562  
 6.76923076923    83.696  
 0.0    83.829  
 6.92307692308    83.962  
 0.0    84.097  
 5.84615384615    84.229  
 0.0    84.363  
 6.0    84.496  
 0.0    84.629  
 6.15384615385    84.763  
 0.0    84.896  
 6.30769230769    85.03  
 0.0    85.163  
 5.23076923077    85.297  
 0.0    85.43  
 5.38461538462    85.564  
 0.0    85.697  
 5.53846153846    85.83  
 0.0    85.963  
 5.69230769231    86.097  
 0.0    86.23  
 4.61538461538    86.364  
 0.0    86.497  
 4.76923076923    86.631  
 0.0    86.764  
 4.92307692308    86.898  
 0.0    87.031  
 5.07692307692    87.165  
 0.0    87.298  
 4.0    87.432  
 0.0    87.565  
 4.15384615385    87.698  
 0.0    87.831  
 4.30769230769    87.965  
 0.0    88.098  
 4.46153846154    88.232  
 0.0    88.376  
 19.3846153846    88.515  
 0.0    88.649  
 19.5384615385    88.783  
 0.0    88.916  
 19.6923076923    89.05  
 0.0    89.183  
 19.8461538462    89.317  
 0.0    89.45  
 18.7692307692    89.583  
 0.0    89.717  
 18.9230769231    89.85  
 0.0    89.983  
 19.0769230769    90.117  
 0.0    90.25  
 19.2307692308    90.384  
 0.0    90.517  
 18.1538461538    90.651  
 0.0    90.785  
 18.3076923077    90.918  
 0.0    91.051  
 18.4615384615    91.185  
 0.0    91.318  
 18.6153846154    91.451  
 0.0    91.585  
 17.5384615385    91.718  
 0.0    91.851  
 17.6923076923    91.985  
 0.0    92.118  
 17.8461538462    92.252  
 0.0    92.385  
 18.0    92.519  
 0.0    92.652  
 16.9230769231    92.786  
 0.0    92.919  
 17.0769230769    93.052  
 0.0    93.186  
 17.2307692308    93.319  
 0.0    93.453  
 17.3846153846    93.586  
 0.0    93.719  
 16.3076923077    93.853  
 0.0    93.986  
 16.4615384615    94.121  
 0.0    94.253  
 16.6153846154    94.387  
 0.0    94.52  
 16.7692307692    94.654  
 0.0    94.787  
 15.6923076923    94.921  
 0.0    95.054  
 15.8461538462    95.187  
 0.0    95.321  
 16.0    95.454  
 0.0    95.587  
 16.1538461538    95.721  
 0.0    95.854  
 15.0769230769    95.988  
 0.0    96.121  
 15.2307692308    96.255  
 0.0    96.388  
 15.3846153846    96.522  
 0.0    96.655  
 15.5384615385    96.788  
 0.0    96.922  
 14.4615384615    97.055  
 0.0    97.189  
 14.6153846154    97.322  
 0.0    97.456  
 14.7692307692    97.589  
 0.0    97.722  
 14.9230769231    97.856  
 0.0    97.989  
 13.8461538462    98.123  
 0.0    98.256  
 14.0    98.39  
 0.0    98.523  
 14.1538461538    98.656  
 0.0    98.79  
 14.3076923077    98.923  
 0.0    99.057  
 13.2307692308    99.19  
 0.0    99.323  
 13.3846153846    99.457  
 0.0    99.59  
 13.5384615385    99.724  
 0.0    99.857  
 13.6923076923    99.991  
 0.0    100.124  
 12.6153846154    100.258  
 0.0    100.391  
 12.7692307692    100.524  
 0.0    100.658  
 12.9230769231    100.792  
 0.0    100.925  
 13.0769230769    101.058  
 0.0    101.192  
 12.0    101.325  
 0.0    101.458  
 12.1538461538    101.592  
 0.0    101.725  
 12.3076923077    101.859  
 0.0    101.992  
 12.4615384615    102.126  
 0.0    102.259  
 11.3846153846    102.392  
 0.0    102.526  
 11.5384615385    102.659  
 0.0    102.793  
 11.6923076923    102.926  
 0.0    103.06  
 11.8461538462    103.193  
 0.0    103.326  
 10.7692307692    103.46  
 0.0    103.593  
 10.9230769231    103.727  
 0.0    103.86  
 11.0769230769    103.994  
 0.0    104.128  
 11.2307692308    104.26  
 0.0    104.394  
 10.1538461538    104.527  
 0.0    104.661  
 10.3076923077    104.794  
 0.0    104.928  
 10.4615384615    105.061  
 0.0    105.195  
 10.6153846154    105.328  
 0.0    105.461  
 9.53846153846    105.595  
 0.0    105.728  
 9.69230769231    105.862  
 0.0    105.995  
 9.84615384615    106.129  
 0.0    106.262  
 10.0    106.395  
 0.0    106.529  
 8.92307692308    106.662  
 0.0    106.796  
 9.07692307692    106.929  
 0.0    107.062  
 9.23076923077    107.196  
 0.0    107.329  
 9.38461538462    107.464  
 0.0    107.596  
 8.30769230769    107.73  
 0.0    107.863  
 8.46153846154    107.997  
 0.0    108.13  
 8.61538461538    108.263  
 0.0    108.397  
 8.76923076923    108.53  
 0.0    108.664  
 7.69230769231    108.797  
 0.0    108.931  
 7.84615384615    109.064  
 0.0    109.197  
 8.0    109.331  
 0.0    109.464  
 8.15384615385    109.598  
 0.0    109.731  
 7.07692307692    109.865  
 0.0    109.998  
 7.23076923077    110.131  
 0.0    110.265  
 7.38461538462    110.398  
 0.0    110.532  
 7.53846153846    110.665  
 0.0    110.799  
 6.46153846154    110.932  
 0.0    111.065  
 6.61538461538    111.199  
 0.0    111.332  
 6.76923076923    111.466  
 0.0    111.599  
 6.92307692308    111.733  
 0.0    111.866  
 5.84615384615    111.999  
 0.0    112.133  
 6.0    112.266  
 0.0    112.4  
 6.15384615385    112.533  
 0.0    112.667  
 6.30769230769    112.8  
 0.0    112.933  
 5.23076923077    113.067  
 0.0    113.2  
 5.38461538462    113.334  
 0.0    113.467  
 5.53846153846    113.601  
 0.0    113.734  
 5.69230769231    113.867  
 0.0    114.001  
 4.61538461538    114.135  
 0.0    114.268  
 4.76923076923    114.401  
 0.0    114.535  
 4.92307692308    114.668  
 0.0    114.801  
 5.07692307692    114.935  
 0.0    115.068  
 4.0    115.202  
 0.0    115.335  
 4.15384615385    115.469  
 0.0    115.602  
 4.30769230769    115.735  
 0.0    115.869  
 4.46153846154    116.002  
 0.0    116.144  
 19.3846153846    116.285  
 0.0    116.419  
 19.5384615385    116.553  
 0.0    116.686  
 19.6923076923    116.82  
 0.0    116.953  
 19.8461538462    117.087  
 0.0    117.22  
 18.7692307692    117.353  
 0.0    117.487  
 18.9230769231    117.62  
 0.0    117.754  
 19.0769230769    117.888  
 0.0    118.021  
 19.2307692308    118.154  
 0.0    118.289  
 18.1538461538    118.422  
 0.0    118.555  
 18.3076923077    118.688  
 0.0    118.821  
 18.4615384615    118.955  
 0.0    119.088  
 18.6153846154    119.222  
 0.0    119.355  
 17.5384615385    119.488  
 0.0    119.622  
 17.6923076923    119.755  
 0.0    119.888  
 17.8461538462    120.022  
 0.0    120.155  
 18.0    120.289  
 0.0    120.422  
 16.9230769231    120.556  
 0.0    120.689  
 17.0769230769    120.823  
 0.0    120.956  
 17.2307692308    121.09  
 0.0    121.223  
 17.3846153846    121.356  
 0.0    121.49  
 16.3076923077    121.623  
 0.0    121.756  
 16.4615384615    121.89  
 0.0    122.023  
 16.6153846154    122.157  
 0.0    122.29  
 16.7692307692    122.424  
 0.0    122.557  
 15.6923076923    122.691  
 0.0    122.824  
 15.8461538462    122.957  
 0.0    123.091  
 16.0    123.224  
 0.0    123.357  
 16.1538461538    123.491  
 0.0    123.624  
 15.0769230769    123.758  
 0.0    123.891  
 15.2307692308    124.025  
 0.0    124.159  
 15.3846153846    124.294  
 0.0    124.427  
 15.5384615385    124.56  
 0.0    124.693  
 14.4615384615    124.825  
 0.0    124.959  
 14.6153846154    125.092  
 0.0    125.226  
 14.7692307692    125.359  
 0.0    125.493  
 14.9230769231    125.626  
 0.0    125.759  
 13.8461538462    125.893  
 0.0    126.026  
 14.0    126.159  
 0.0    126.293  
 14.1538461538    126.426  
 0.0    126.56  
 14.3076923077    126.694  
 0.0    126.827  
 13.2307692308    126.96  
 0.0    127.094  
 13.3846153846    127.227  
 0.0    127.361  
 13.5384615385    127.495  
 0.0    127.627  
 13.6923076923    127.761  
 0.0    127.894  
 12.6153846154    128.027  
 0.0    128.161  
 12.7692307692    128.294  
 0.0    128.428  
 12.9230769231    128.561  
 0.0    128.695  
 13.0769230769    128.828  
 0.0    128.962  
 12.0    129.095  
 0.0    129.229  
 12.1538461538    129.362  
 0.0    129.495  
 12.3076923077    129.629  
 0.0    129.762  
 12.4615384615    129.895  
 0.0    130.029  
 11.3846153846    130.162  
 0.0    130.296  
 11.5384615385    130.429  
 0.0    130.563  
 11.6923076923    130.696  
 0.0    130.83  
 11.8461538462    130.963  
 0.0    131.097  
 10.7692307692    131.23  
 0.0    131.364  
 10.9230769231    131.497  
 0.0    131.63  
 11.0769230769    131.763  
 0.0    131.897  
 11.2307692308    132.03  
 0.0    132.164  
 10.1538461538    132.297  
 0.0    132.431  
 10.3076923077    132.564  
 0.0    132.698  
 10.4615384615    132.831  
 0.0    132.965  
 10.6153846154    133.098  
 0.0    133.231  
 9.53846153846    133.365  
 0.0    133.498  
 9.69230769231    133.631  
 0.0    133.765  
 9.84615384615    133.898  
 0.0    134.032  
 10.0    134.166  
 0.0    134.299  
 8.92307692308    134.432  
 0.0    134.566  
 9.07692307692    134.699  
 0.0    134.833  
 9.23076923077    134.966  
 0.0    135.1  
 9.38461538462    135.233  
 0.0    135.366  
 8.30769230769    135.499  
 0.0    135.633  
 8.46153846154    135.766  
 0.0    135.9  
 8.61538461538    136.033  
 0.0    136.167  
 8.76923076923    136.3  
 0.0    136.434  
 7.69230769231    136.567  
 0.0    136.701  
 7.84615384615    136.834  
 0.0    136.967  
 8.0    137.101  
 0.0    137.234  
 8.15384615385    137.367  
 0.0    137.502  
 7.07692307692    137.635  
 0.0    137.768  
 7.23076923077    137.901  
 0.0    138.035  
 7.38461538462    138.168  
 0.0    138.302  
 7.53846153846    138.435  
 0.0    138.569  
 6.46153846154    138.702  
 0.0    138.835  
 6.61538461538    138.969  
 0.0    139.102  
 6.76923076923    139.235  
 0.0    139.369  
 6.92307692308    139.502  
 0.0    139.636  
 5.84615384615    139.769  
 0.0    139.903  
 6.0    140.036  
 0.0    140.17  
 6.15384615385    140.303  
 0.0    140.437  
 6.30769230769    140.57  
 0.0    140.704  
 5.23076923077    140.838  
 0.0    140.97  
 5.38461538462    141.104  
 0.0    141.237  
 5.53846153846    141.37  
 0.0    141.504  
 5.69230769231    141.637  
 0.0    141.771  
 4.61538461538    141.904  
 0.0    142.038  
 4.76923076923    142.171  
 0.0    142.305  
 4.92307692308    142.438  
 0.0    142.572  
 5.07692307692    142.705  
 0.0    142.838  
 4.0    142.971  
 0.0    143.105  
 4.15384615385    143.238  
 0.0    143.372  
 4.30769230769    143.505  
 0.0    143.639  
 4.46153846154    143.772  
 0.0    143.917  
 19.3846153846    144.055  
 0.0    144.189  
 19.5384615385    144.323  
 0.0    144.456  
 19.6923076923    144.59  
 0.0    144.723  
 19.8461538462    144.857  
 0.0    144.99  
 18.7692307692    145.124  
 0.0    145.257  
 18.9230769231    145.39  
 0.0    145.524  
 19.0769230769    145.657  
 0.0    145.79  
 19.2307692308    145.924  
 0.0    146.057  
 18.1538461538    146.191  
 0.0    146.324  
 18.3076923077    146.458  
 0.0    146.591  
 18.4615384615    146.725  
 0.0    146.858  
 18.6153846154    146.992  
 0.0    147.125  
 17.5384615385    147.258  
 0.0    147.392  
 17.6923076923    147.526  
 0.0    147.659  
 17.8461538462    147.792  
 0.0    147.925  
 18.0    148.059  
 0.0    148.192  
 16.9230769231    148.326  
 0.0    148.459  
 17.0769230769    148.593  
 0.0    148.726  
 17.2307692308    148.86  
 0.0    148.993  
 17.3846153846    149.126  
 0.0    149.26  
 16.3076923077    149.393  
 0.0    149.527  
 16.4615384615    149.66  
 0.0    149.793  
 16.6153846154    149.927  
 0.0    150.06  
 16.7692307692    150.194  
 0.0    150.327  
 15.6923076923    150.461  
 0.0    150.594  
 15.8461538462    150.728  
 0.0    150.862  
 16.0    150.995  
 0.0    151.128  
 16.1538461538    151.261  
 0.0    151.395  
 15.0769230769    151.528  
 0.0    151.661  
 15.2307692308    151.795  
 0.0    151.928  
 15.3846153846    152.062  
 0.0    152.195  
 15.5384615385    152.329  
 0.0    152.462  
 14.4615384615    152.596  
 0.0    152.729  
 14.6153846154    152.862  
 0.0    152.996  
 14.7692307692    153.129  
 0.0    153.263  
 14.9230769231    153.396  
 0.0    153.529  
 13.8461538462    153.663  
 0.0    153.796  
 14.0    153.93  
 0.0    154.063  
 14.1538461538    154.198  
 0.0    154.33  
 14.3076923077    154.464  
 0.0    154.597  
 13.2307692308    154.73  
 0.0    154.864  
 13.3846153846    154.997  
 0.0    155.131  
 13.5384615385    155.264  
 0.0    155.398  
 13.6923076923    155.531  
 0.0    155.664  
 12.6153846154    155.798  
 0.0    155.931  
 12.7692307692    156.065  
 0.0    156.198  
 12.9230769231    156.332  
 0.0    156.466  
 13.0769230769    156.599  
 0.0    156.732  
 12.0    156.865  
 0.0    156.999  
 12.1538461538    157.132  
 0.0    157.266  
 12.3076923077    157.399  
 0.0    157.533  
 12.4615384615    157.666  
 0.0    157.799  
 11.3846153846    157.933  
 0.0    158.066  
 11.5384615385    158.2  
 0.0    158.333  
 11.6923076923    158.466  
 0.0    158.6  
 11.8461538462    158.733  
 0.0    158.867  
 10.7692307692    159.0  
 0.0    159.133  
 10.9230769231    159.267  
 0.0    159.4  
 11.0769230769    159.534  
 0.0    159.667  
 11.2307692308    159.801  
 0.0    159.934  
 10.1538461538    160.068  
 0.0    160.201  
 10.3076923077    160.335  
 0.0    160.468  
 10.4615384615    160.601  
 0.0    160.735  
 10.6153846154    160.869  
 0.0    161.002  
 9.53846153846    161.135  
 0.0    161.268  
 9.69230769231    161.402  
 0.0    161.535  
 9.84615384615    161.669  
 0.0    161.802  
 10.0    161.936  
 0.0    162.069  
 8.92307692308    162.203  
 0.0    162.336  
 9.07692307692    162.469  
 0.0    162.603  
 9.23076923077    162.736  
 0.0    162.87  
 9.38461538462    163.003  
 0.0    163.137  
 8.30769230769    163.27  
 0.0    163.403  
 8.46153846154    163.537  
 0.0    163.67  
 8.61538461538    163.804  
 0.0    163.937  
 8.76923076923    164.071  
 0.0    164.205  
 7.69230769231    164.337  
 0.0    164.471  
 7.84615384615    164.604  
 0.0    164.738  
 8.0    164.871  
 0.0    165.005  
 8.15384615385    165.138  
 0.0    165.271  
 7.07692307692    165.405  
 0.0    165.539  
 7.23076923077    165.672  
 0.0    165.805  
 7.38461538462    165.939  
 0.0    166.072  
 7.53846153846    166.205  
 0.0    166.339  
 6.46153846154    166.472  
 0.0    166.606  
 6.61538461538    166.739  
 0.0    166.872  
 6.76923076923    167.006  
 0.0    167.139  
 6.92307692308    167.273  
 0.0    167.406  
 5.84615384615    167.541  
 0.0    167.674  
 6.0    167.807  
 0.0    167.94  
 6.15384615385    168.073  
 0.0    168.207  
 6.30769230769    168.34  
 0.0    168.474  
 5.23076923077    168.607  
 0.0    168.741  
 5.38461538462    168.874  
 0.0    169.007  
 5.53846153846    169.141  
 0.0    169.274  
 5.69230769231    169.408  
 0.0    169.541  
 4.61538461538    169.675  
 0.0    169.808  
 4.76923076923    169.941  
 0.0    170.075  
 4.92307692308    170.208  
 0.0    170.342  
 5.07692307692    170.475  
 0.0    170.609  
 4.0    170.742  
 0.0    170.876  
 4.15384615385    171.009  
 0.0    171.142  
 4.30769230769    171.276  
 0.0    171.409  
 4.46153846154    171.543  
 0.0    171.687  
 19.3846153846    171.826  
 0.0    171.959  
 19.5384615385    172.093  
 0.0    172.226  
 19.6923076923    172.36  
 0.0    172.493  
 19.8461538462    172.627  
 0.0    172.76  
 18.7692307692    172.898  
 0.0    173.043  
 18.9230769231    173.177  
 0.0    173.311  
 19.0769230769    173.444  
 0.0    173.577  
 19.2307692308    173.711  
 0.0    173.844  
 18.1538461538    173.978  
 0.0    174.111  
 18.3076923077    174.246  
 0.0    174.379  
 18.4615384615    174.512  
 0.0    174.645  
 18.6153846154    174.778  
 0.0    174.912  
 17.5384615385    175.045  
 0.0    175.179  
 17.6923076923    175.312  
 0.0    175.445  
 17.8461538462    175.579  
 0.0    175.712  
 18.0    175.846  
 0.0    175.979  
 16.9230769231    176.113  
 0.0    176.246  
 17.0769230769    176.38  
 0.0    176.513  
 17.2307692308    176.646  
 0.0    176.78  
 17.3846153846    176.913  
 0.0    177.047  
 16.3076923077    177.18  
 0.0    177.313  
 16.4615384615    177.447  
 0.0    177.581  
 16.6153846154    177.714  
 0.0    177.847  
 16.7692307692    177.981  
 0.0    178.114  
 15.6923076923    178.247  
 0.0    178.381  
 15.8461538462    178.514  
 0.0    178.648  
 16.0    178.781  
 0.0    178.915  
 16.1538461538    179.048  
 0.0    179.181  
 15.0769230769    179.315  
 0.0    179.448  
 15.2307692308    179.582  
 0.0    179.715  
 15.3846153846    179.849  
 0.0    179.982  
 15.5384615385    180.116  
 0.0    180.249  
 14.4615384615    180.382  
 0.0    180.516  
 14.6153846154    180.649  
 0.0    180.783  
 14.7692307692    180.917  
 0.0    181.05  
 14.9230769231    181.183  
 0.0    181.316  
 13.8461538462    181.45  
 0.0    181.583  
 14.0    181.717  
 0.0    181.85  
 14.1538461538    181.984  
 0.0    182.117  
 14.3076923077    182.25  
 0.0    182.384  
 13.2307692308    182.517  
 0.0    182.651  
 13.3846153846    182.784  
 0.0    182.917  
 13.5384615385    183.051  
 0.0    183.184  
 13.6923076923    183.318  
 0.0    183.451  
 12.6153846154    183.585  
 0.0    183.718  
 12.7692307692    183.852  
 0.0    183.985  
 12.9230769231    184.118  
 0.0    184.253  
 13.0769230769    184.385  
 0.0    184.519  
 12.0    184.652  
 0.0    184.785  
 12.1538461538    184.919  
 0.0    185.052  
 12.3076923077    185.186  
 0.0    185.319  
 12.4615384615    185.453  
 0.0    185.586  
 11.3846153846    185.72  
 0.0    185.853  
 11.5384615385    185.986  
 0.0    186.12  
 11.6923076923    186.253  
 0.0    186.387  
 11.8461538462    186.52  
 0.0    186.653  
 10.7692307692    186.787  
 0.0    186.92  
 10.9230769231    187.054  
 0.0    187.187  
 11.0769230769    187.321  
 0.0    187.454  
 11.2307692308    187.588  
 0.0    187.721  
 10.1538461538    187.854  
 0.0    187.988  
 10.3076923077    188.121  
 0.0    188.255  
 10.4615384615    188.388  
 0.0    188.521  
 10.6153846154    188.655  
 0.0    188.788  
 9.53846153846    188.922  
 0.0    189.055  
 9.69230769231    189.189  
 0.0    189.322  
 9.84615384615    189.455  
 0.0    189.589  
 10.0    189.723  
 0.0    189.856  
 8.92307692308    189.989  
 0.0    190.123  
 9.07692307692    190.256  
 0.0    190.39  
 9.23076923077    190.523  
 0.0    190.656  
 9.38461538462    190.79  
 0.0    190.924  
 8.30769230769    191.057  
 0.0    191.19  
 8.46153846154    191.324  
 0.0    191.457  
 8.61538461538    191.591  
 0.0    191.724  
 8.76923076923    191.857  
 0.0    191.991  
 7.69230769231    192.124  
 0.0    192.258  
 7.84615384615    192.391  
 0.0    192.525  
 8.0    192.658  
 0.0    192.791  
 8.15384615385    192.925  
 0.0    193.058  
 7.07692307692    193.192  
 0.0    193.325  
 7.23076923077    193.459  
 0.0    193.592  
 7.38461538462    193.725  
 0.0    193.859  
 7.53846153846    193.992  
 0.0    194.126  
 6.46153846154    194.26  
 0.0    194.393  
 6.61538461538    194.526  
 0.0    194.659  
 6.76923076923    194.793  
 0.0    194.926  
 6.92307692308    195.06  
 0.0    195.193  
 5.84615384615    195.326  
 0.0    195.46  
 6.0    195.593  
 0.0    195.727  
 6.15384615385    195.86  
 0.0    195.994  
 6.30769230769    196.127  
 0.0    196.261  
 5.23076923077    196.394  
 0.0    196.527  
 5.38461538462    196.661  
 0.0    196.794  
 5.53846153846    196.928  
 0.0    197.061  
 5.69230769231    197.195  
 0.0    197.328  
 4.61538461538    197.461  
 0.0    197.596  
 4.76923076923    197.729  
 0.0    197.862  
 4.92307692308    197.995  
 0.0    198.128  
 5.07692307692    198.262  
 0.0    198.395  
 4.0    198.529  
 0.0    198.662  
 4.15384615385    198.796  
 0.0    198.929  
 4.30769230769    199.062  
 0.0    199.196  
 4.46153846154    199.329  
 0.0    199.473  
 19.3846153846    199.612  
 0.0    199.746  
 19.5384615385    199.88  
 0.0    200.013  
 19.6923076923    200.147  
 0.0    200.28  
 19.8461538462    200.414  
 0.0    200.547  
 18.7692307692    200.681  
 0.0    200.814  
 18.9230769231    200.948  
 0.0    201.082  
 19.0769230769    201.215  
 0.0    201.348  
 19.2307692308    201.481  
 0.0    201.615  
 18.1538461538    201.748  
 0.0    201.881  
 18.3076923077    202.015  
 0.0    202.148  
 18.4615384615    202.282  
 0.0    202.415  
 18.6153846154    202.549  
 0.0    202.682  
 17.5384615385    202.815  
 0.0    202.949  
 17.6923076923    203.082  
 0.0    203.216  
 17.8461538462    203.349  
 0.0    203.483  
 18.0    203.616  
 0.0    203.749  
 16.9230769231    203.883  
 0.0    204.016  
 17.0769230769    204.15  
 0.0    204.284  
 17.2307692308    204.417  
 0.0    204.55  
 17.3846153846    204.684  
 0.0    204.817  
 16.3076923077    204.95  
 0.0    205.083  
 16.4615384615    205.217  
 0.0    205.35  
 16.6153846154    205.484  
 0.0    205.617  
 16.7692307692    205.751  
 0.0    205.884  
 15.6923076923    206.018  
 0.0    206.151  
 15.8461538462    206.285  
 0.0    206.418  
 16.0    206.551  
 0.0    206.685  
 16.1538461538    206.818  
 0.0    206.952  
 15.0769230769    207.085  
 0.0    207.218  
 15.2307692308    207.352  
 0.0    207.485  
 15.3846153846    207.62  
 0.0    207.753  
 15.5384615385    207.886  
 0.0    208.019  
 14.4615384615    208.153  
 0.0    208.286  
 14.6153846154    208.419  
 0.0    208.553  
 14.7692307692    208.686  
 0.0    208.82  
 14.9230769231    208.953  
 0.0    209.087  
 13.8461538462    209.22  
 0.0    209.353  
 14.0    209.487  
 0.0    209.62  
 14.1538461538    209.754  
 0.0    209.887  
 14.3076923077    210.021  
 0.0    210.154  
 13.2307692308    210.287  
 0.0    210.421  
 13.3846153846    210.554  
 0.0    210.688  
 13.5384615385    210.821  
 0.0    210.955  
 13.6923076923    211.088  
 0.0    211.221  
 12.6153846154    211.355  
 0.0    211.488  
 12.7692307692    211.622  
 0.0    211.755  
 12.9230769231    211.889  
 0.0    212.022  
 13.0769230769    212.155  
 0.0    212.289  
 12.0    212.422  
 0.0    212.556  
 12.1538461538    212.689  
 0.0    212.822  
 12.3076923077    212.956  
 0.0    213.089  
 12.4615384615    213.223  
 0.0    213.356  
 11.3846153846    213.49  
 0.0    213.623  
 11.5384615385    213.757  
 0.0    213.89  
 11.6923076923    214.023  
 0.0    214.157  
 11.8461538462    214.291  
 0.0    214.424  
 10.7692307692    214.558  
 0.0    214.691  
 10.9230769231    214.825  
 0.0    214.958  
 11.0769230769    215.091  
 0.0    215.224  
 11.2307692308    215.358  
 0.0    215.491  
 10.1538461538    215.625  
 0.0    215.758  
 10.3076923077    215.891  
 0.0    216.025  
 10.4615384615    216.158  
 0.0    216.292  
 10.6153846154    216.425  
 0.0    216.559  
 9.53846153846    216.692  
 0.0    216.825  
 9.69230769231    216.959  
 0.0    217.092  
 9.84615384615    217.226  
 0.0    217.359  
 10.0    217.493  
 0.0    217.627  
 8.92307692308    217.76  
 0.0    217.893  
 9.07692307692    218.026  
 0.0    218.16  
 9.23076923077    218.293  
 0.0    218.427  
 9.38461538462    218.56  
 0.0    218.694  
 8.30769230769    218.827  
 0.0    218.96  
 8.46153846154    219.094  
 0.0    219.227  
 8.61538461538    219.361  
 0.0    219.494  
 8.76923076923    219.628  
 0.0    219.761  
 7.69230769231    219.894  
 0.0    220.028  
 7.84615384615    220.161  
 0.0    220.295  
 8.0    220.428  
 0.0    220.561  
 8.15384615385    220.695  
 0.0    220.828  
 7.07692307692    220.963  
 0.0    221.096  
 7.23076923077    221.229  
 0.0    221.362  
 7.38461538462    221.495  
 0.0    221.629  
 7.53846153846    221.762  
 0.0    221.896  
 6.46153846154    222.029  
 0.0    222.163  
 6.61538461538    222.296  
 0.0    222.429  
 6.76923076923    222.563  
 0.0    222.696  
 6.92307692308    222.83  
 0.0    222.963  
 5.84615384615    223.097  
 0.0    223.23  
 6.0    223.364  
 0.0    223.497  
 6.15384615385    223.63  
 0.0    223.764  
 6.30769230769    223.897  
 0.0    224.031  
 5.23076923077    224.164  
 0.0    224.298  
 5.38461538462    224.432  
 0.0    224.565  
 5.53846153846    224.698  
 0.0    224.831  
 5.69230769231    224.965  
 0.0    225.098  
 4.61538461538    225.231  
 0.0    225.365  
 4.76923076923    225.498  
 0.0    225.632  
 4.92307692308    225.765  
 0.0    225.899  
 5.07692307692    226.032  
 0.0    226.166  
 4.0    226.299  
 0.0    226.432  
 4.15384615385    226.566  
 0.0    226.699  
 4.30769230769    226.833  
 0.0    226.966  
 4.46153846154    227.1  
 0.0    227.245  
 19.3846153846    227.382  
 0.0    227.516  
 19.5384615385    227.651  
 0.0    227.784  
 19.6923076923    227.918  
 0.0    228.051  
 19.8461538462    228.184  
 0.0    228.317  
 18.7692307692    228.451  
 0.0    228.584  
 18.9230769231    228.718  
 0.0    228.851  
 19.0769230769    228.984  
 0.0    229.118  
 19.2307692308    229.251  
 0.0    229.385  
 18.1538461538    229.518  
 0.0    229.651  
 18.3076923077    229.785  
 0.0    229.918  
 18.4615384615    230.052  
 0.0    230.185  
 18.6153846154    230.319  
 0.0    230.452  
 17.5384615385    230.586  
 0.0    230.719  
 17.6923076923    230.852  
 0.0    230.986  
 17.8461538462    231.12  
 0.0    231.253  
 18.0    231.386  
 0.0    231.519  
 16.9230769231    231.653  
 0.0    231.786  
 17.0769230769    231.92  
 0.0    232.053  
 17.2307692308    232.187  
 0.0    232.32  
 17.3846153846    232.454  
 0.0    232.587  
 16.3076923077    232.72  
 0.0    232.854  
 16.4615384615    232.987  
 0.0    233.121  
 16.6153846154    233.254  
 0.0    233.387  
 16.7692307692    233.521  
 0.0    233.654  
 15.6923076923    233.788  
 0.0    233.921  
 15.8461538462    234.055  
 0.0    234.188  
 16.0    234.322  
 0.0    234.456  
 16.1538461538    234.589  
 0.0    234.722  
 15.0769230769    234.856  
 0.0    234.989  
 15.2307692308    235.122  
 0.0    235.255  
 15.3846153846    235.389  
 0.0    235.522  
 15.5384615385    235.656  
 0.0    235.789  
 14.4615384615    235.923  
 0.0    236.056  
 14.6153846154    236.19  
 0.0    236.323  
 14.7692307692    236.456  
 0.0    236.59  
 14.9230769231    236.723  
 0.0    236.857  
 13.8461538462    236.99  
 0.0    237.123  
 14.0    237.257  
 0.0    237.39  
 14.1538461538    237.524  
 0.0    237.658  
 14.3076923077    237.791  
 0.0    237.924  
 13.2307692308    238.057  
 0.0    238.191  
 13.3846153846    238.324  
 0.0    238.458  
 13.5384615385    238.591  
 0.0    238.725  
 13.6923076923    238.858  
 0.0    238.991  
 12.6153846154    239.125  
 0.0    239.258  
 12.7692307692    239.392  
 0.0    239.525  
 12.9230769231    239.659  
 0.0    239.792  
 13.0769230769    239.926  
 0.0    240.059  
 12.0    240.192  
 0.0    240.326  
 12.1538461538    240.459  
 0.0    240.593  
 12.3076923077    240.726  
 0.0    240.86  
 12.4615384615    240.994  
 0.0    241.127  
 11.3846153846    241.26  
 0.0    241.394  
 11.5384615385    241.527  
 0.0    241.66  
 11.6923076923    241.794  
 0.0    241.927  
 11.8461538462    242.061  
 0.0    242.194  
 10.7692307692    242.327  
 0.0    242.461  
 10.9230769231    242.594  
 0.0    242.727  
 11.0769230769    242.861  
 0.0    242.994  
 11.2307692308    243.128  
 0.0    243.261  
 10.1538461538    243.395  
 0.0    243.528  
 10.3076923077    243.662  
 0.0    243.795  
 10.4615384615    243.928  
 0.0    244.062  
 10.6153846154    244.195  
 0.0    244.329  
 9.53846153846    244.463  
 0.0    244.596  
 9.69230769231    244.729  
 0.0    244.862  
 9.84615384615    244.996  
 0.0    245.129  
 10.0    245.263  
 0.0    245.396  
 8.92307692308    245.529  
 0.0    245.663  
 9.07692307692    245.796  
 0.0    245.93  
 9.23076923077    246.063  
 0.0    246.197  
 9.38461538462    246.33  
 0.0    246.463  
 8.30769230769    246.597  
 0.0    246.73  
 8.46153846154    246.864  
 0.0    246.997  
 8.61538461538    247.131  
 0.0    247.264  
 8.76923076923    247.398  
 0.0    247.531  
 7.69230769231    247.665  
 0.0    247.799  
 7.84615384615    247.932  
 0.0    248.065  
 8.0    248.198  
 0.0    248.332  
 8.15384615385    248.465  
 0.0    248.598  
 7.07692307692    248.732  
 0.0    248.865  
 7.23076923077    248.999  
 0.0    249.132  
 7.38461538462    249.266  
 0.0    249.399  
 7.53846153846    249.533  
 0.0    249.666  
 6.46153846154    249.799  
 0.0    249.933  
 6.61538461538    250.066  
 0.0    250.2  
 6.76923076923    250.333  
 0.0    250.466  
 6.92307692308    250.6  
 0.0    250.733  
 5.84615384615    250.867  
 0.0    251.001  
 6.0    251.134  
 0.0    251.267  
 6.15384615385    251.4  
 0.0    251.534  
 6.30769230769    251.667  
 0.0    251.801  
 5.23076923077    251.934  
 0.0    252.068  
 5.38461538462    252.201  
 0.0    252.335  
 5.53846153846    252.468  
 0.0    252.601  
 5.69230769231    252.735  
 0.0    252.868  
 4.61538461538    253.002  
 0.0    253.135  
 4.76923076923    253.269  
 0.0    253.402  
 4.92307692308    253.535  
 0.0    253.669  
 5.07692307692    253.802  
 0.0    253.936  
 4.0    254.069  
 0.0    254.202  
 4.15384615385    254.337  
 0.0    254.47  
 4.30769230769    254.603  
 0.0    254.736  
 4.46153846154    254.87  
 0.0    255.017  
 19.3846153846    255.152  
 0.0    255.287  
 19.5384615385    255.42  
 0.0    255.553  
 19.6923076923    255.687  
 0.0    255.82  
 19.8461538462    255.954  
 0.0    256.087  
 18.7692307692    256.221  
 0.0    256.354  
 18.9230769231    256.488  
 0.0    256.621  
 19.0769230769    256.755  
 0.0    256.888  
 19.2307692308    257.021  
 0.0    257.155  
 18.1538461538    257.288  
 0.0    257.421  
 18.3076923077    257.555  
 0.0    257.689  
 18.4615384615    257.823  
 0.0    257.956  
 18.6153846154    258.089  
 0.0    258.222  
 17.5384615385    258.356  
 0.0    258.489  
 17.6923076923    258.623  
 0.0    258.756  
 17.8461538462    258.89  
 0.0    259.023  
 18.0    259.156  
 0.0    259.289  
 16.9230769231    259.423  
 0.0    259.556  
 17.0769230769    259.69  
 0.0    259.823  
 17.2307692308    259.957  
 0.0    260.09  
 17.3846153846    260.224  
 0.0    260.357  
 16.3076923077    260.491  
 0.0    260.624  
 16.4615384615    260.757  
 0.0    260.891  
 16.6153846154    261.025  
 0.0    261.158  
 16.7692307692    261.292  
 0.0    261.425  
 15.6923076923    261.558  
 0.0    261.691  
 15.8461538462    261.825  
 0.0    261.958  
 16.0    262.092  
 0.0    262.225  
 16.1538461538    262.359  
 0.0    262.492  
 15.0769230769    262.625  
 0.0    262.759  
 15.2307692308    262.892  
 0.0    263.026  
 15.3846153846    263.159  
 0.0    263.292  
 15.5384615385    263.426  
 0.0    263.559  
 14.4615384615    263.693  
 0.0    263.826  
 14.6153846154    263.96  
 0.0    264.093  
 14.7692307692    264.226  
 0.0    264.362  
 14.9230769231    264.495  
 0.0    264.628  
 13.8461538462    264.762  
 0.0    264.895  
 14.0    265.028  
 0.0    265.161  
 14.1538461538    265.295  
 0.0    265.428  
 14.3076923077    265.561  
 0.0    265.695  
 13.2307692308    265.828  
 0.0    265.961  
 13.3846153846    266.095  
 0.0    266.228  
 13.5384615385    266.361  
 0.0    266.495  
 13.6923076923    266.628  
 0.0    266.762  
 12.6153846154    266.895  
 0.0    267.028  
 12.7692307692    267.162  
 0.0    267.295  
 12.9230769231    267.429  
 0.0    267.562  
 13.0769230769    267.697  
 0.0    267.83  
 12.0    267.964  
 0.0    268.097  
 12.1538461538    268.23  
 0.0    268.363  
 12.3076923077    268.496  
 0.0    268.63  
 12.4615384615    268.763  
 0.0    268.897  
 11.3846153846    269.03  
 0.0    269.163  
 11.5384615385    269.297  
 0.0    269.43  
 11.6923076923    269.564  
 0.0    269.697  
 11.8461538462    269.831  
 0.0    269.964  
 10.7692307692    270.097  
 0.0    270.231  
 10.9230769231    270.364  
 0.0    270.498  
 11.0769230769    270.631  
 0.0    270.765  
 11.2307692308    270.898  
 0.0    271.032  
 10.1538461538    271.165  
 0.0    271.299  
 10.3076923077    271.432  
 0.0    271.566  
 10.4615384615    271.699  
 0.0    271.832  
 10.6153846154    271.966  
 0.0    272.099  
 9.53846153846    272.232  
 0.0    272.366  
 9.69230769231    272.499  
 0.0    272.633  
 9.84615384615    272.766  
 0.0    272.899  
 10.0    273.033  
 0.0    273.166  
 8.92307692308    273.3  
 0.0    273.433  
 9.07692307692    273.567  
 0.0    273.7  
 9.23076923077    273.834  
 0.0    273.967  
 9.38461538462    274.101  
 0.0    274.234  
 8.30769230769    274.368  
 0.0    274.501  
 8.46153846154    274.635  
 0.0    274.768  
 8.61538461538    274.901  
 0.0    275.034  
 8.76923076923    275.168  
 0.0    275.301  
 7.69230769231    275.435  
 0.0    275.568  
 7.84615384615    275.701  
 0.0    275.835  
 8.0    275.968  
 0.0    276.102  
 8.15384615385    276.235  
 0.0    276.369  
 7.07692307692    276.502  
 0.0    276.635  
 7.23076923077    276.769  
 0.0    276.902  
 7.38461538462    277.036  
 0.0    277.169  
 7.53846153846    277.303  
 0.0    277.436  
 6.46153846154    277.57  
 0.0    277.704  
 6.61538461538    277.837  
 0.0    277.97  
 6.76923076923    278.103  
 0.0    278.237  
 6.92307692308    278.37  
 0.0    278.503  
 5.84615384615    278.637  
 0.0    278.77  
 6.0    278.904  
 0.0    279.037  
 6.15384615385    279.171  
 0.0    279.304  
 6.30769230769    279.437  
 0.0    279.571  
 5.23076923077    279.704  
 0.0    279.838  
 5.38461538462    279.971  
 0.0    280.105  
 5.53846153846    280.238  
 0.0    280.371  
 5.69230769231    280.505  
 0.0    280.638  
 4.61538461538    280.772  
 0.0    280.905  
 4.76923076923    281.039  
 0.0    281.173  
 4.92307692308    281.306  
 0.0    281.439  
 5.07692307692    281.572  
 0.0    281.706  
 4.0    281.839  
 0.0    281.973  
 4.15384615385    282.106  
 0.0    282.24  
 4.30769230769    282.373  
 0.0    282.506  
 4.46153846154    282.64  
 0.0    282.787  
 19.3846153846    282.922  
 0.0    283.056  
 19.5384615385    283.19  
 0.0    283.324  
 19.6923076923    283.457  
 0.0    283.59  
 19.8461538462    283.724  
 0.0    283.857  
 18.7692307692    283.991  
 0.0    284.124  
 18.9230769231    284.258  
 0.0    284.392  
 19.0769230769    284.525  
 0.0    284.659  
 19.2307692308    284.792  
 0.0    284.925  
 18.1538461538    285.058  
 0.0    285.192  
 18.3076923077    285.325  
 0.0    285.459  
 18.4615384615    285.592  
 0.0    285.725  
 18.6153846154    285.859  
 0.0    285.992  
 17.5384615385    286.126  
 0.0    286.259  
 17.6923076923    286.393  
 0.0    286.526  
 17.8461538462    286.66  
 0.0    286.793  
 18.0    286.926  
 0.0    287.06  
 16.9230769231    287.193  
 0.0    287.327  
 17.0769230769    287.46  
 0.0    287.593  
 17.2307692308    287.728  
 0.0    287.862  
 17.3846153846    287.995  
 0.0    288.128  
 16.3076923077    288.262  
 0.0    288.395  
 16.4615384615    288.528  
 0.0    288.662  
 16.6153846154    288.795  
 0.0    288.929  
 16.7692307692    289.062  
 0.0    289.195  
 15.6923076923    289.329  
 0.0    289.462  
 15.8461538462    289.595  
 0.0    289.729  
 16.0    289.862  
 0.0    289.995  
 16.1538461538    290.129  
 0.0    290.262  
 15.0769230769    290.395  
 0.0    290.529  
 15.2307692308    290.662  
 0.0    290.796  
 15.3846153846    290.929  
 0.0    291.063  
 15.5384615385    291.197  
 0.0    291.33  
 14.4615384615    291.463  
 0.0    291.596  
 14.6153846154    291.73  
 0.0    291.864  
 14.7692307692    291.997  
 0.0    292.131  
 14.9230769231    292.265  
 0.0    292.398  
 13.8461538462    292.531  
 0.0    292.665  
 14.0    292.798  
 0.0    292.932  
 14.1538461538    293.065  
 0.0    293.199  
 14.3076923077    293.332  
 0.0    293.465  
 13.2307692308    293.599  
 0.0    293.732  
 13.3846153846    293.866  
 0.0    294.0  
 13.5384615385    294.134  
 0.0    294.267  
 13.6923076923    294.401  
 0.0    294.535  
 12.6153846154    294.668  
 0.0    294.802  
 12.7692307692    294.936  
 0.0    295.069  
 12.9230769231    295.202  
 0.0    295.336  
 13.0769230769    295.469  
 0.0    295.603  
 12.0    295.736  
 0.0    295.869  
 12.1538461538    296.003  
 0.0    296.136  
 12.3076923077    296.269  
 0.0    296.403  
 12.4615384615    296.536  
 0.0    296.669  
 11.3846153846    296.803  
 0.0    296.936  
 11.5384615385    297.07  
 0.0    297.203  
 11.6923076923    297.336  
 0.0    297.47  
 11.8461538462    297.603  
 0.0    297.737  
 10.7692307692    297.871  
 0.0    298.004  
 10.9230769231    298.138  
 0.0    298.271  
 11.0769230769    298.404  
 0.0    298.538  
 11.2307692308    298.671  
 0.0    298.804  
 10.1538461538    298.938  
 0.0    299.071  
 10.3076923077    299.205  
 0.0    299.338  
 10.4615384615    299.471  
 0.0    299.605  
 10.6153846154    299.739  
 0.0    299.872  
 9.53846153846    300.005  
 0.0    300.139  
 9.69230769231    300.272  
 0.0    300.405  
 9.84615384615    300.538  
 0.0    300.672  
 10.0    300.806  
 0.0    300.939  
 8.92307692308    301.073  
 0.0    301.206  
 9.07692307692    301.339  
 0.0    301.473  
 9.23076923077    301.606  
 0.0    301.74  
 9.38461538462    301.873  
 0.0    302.006  
 8.30769230769    302.14  
 0.0    302.273  
 8.46153846154    302.406  
 0.0    302.54  
 8.61538461538    302.673  
 0.0    302.807  
 8.76923076923    302.94  
 0.0    303.074  
 7.69230769231    303.207  
 0.0    303.341  
 7.84615384615    303.474  
 0.0    303.607  
 8.0    303.741  
 0.0    303.874  
 8.15384615385    304.008  
 0.0    304.141  
 7.07692307692    304.275  
 0.0    304.408  
 7.23076923077    304.542  
 0.0    304.675  
 7.38461538462    304.808  
 0.0    304.942  
 7.53846153846    305.075  
 0.0    305.208  
 6.46153846154    305.342  
 0.0    305.475  
 6.61538461538    305.609  
 0.0    305.742  
 6.76923076923    305.876  
 0.0    306.009  
 6.92307692308    306.143  
 0.0    306.276  
 5.84615384615    306.409  
 0.0    306.543  
 6.0    306.676  
 0.0    306.81  
 6.15384615385    306.943  
 0.0    307.076  
 6.30769230769    307.21  
 0.0    307.343  
 5.23076923077    307.476  
 0.0    307.61  
 5.38461538462    307.744  
 0.0    307.878  
 5.53846153846    308.011  
 0.0    308.145  
 5.69230769231    308.278  
 0.0    308.411  
 4.61538461538    308.545  
 0.0    308.678  
 4.76923076923    308.811  
 0.0    308.945  
 4.92307692308    309.078  
 0.0    309.212  
 5.07692307692    309.345  
 0.0    309.478  
 4.0    309.612  
 0.0    309.746  
 4.15384615385    309.879  
 0.0    310.012  
 4.30769230769    310.146  
 0.0    310.279  
 4.46153846154    310.412  
