 [170.5, 160.75, 157.5, 121.75]  
 [45.458, 48.394, 48.661, 49.461]  
 [45.992, 48.927, 49.995]  
 [349.25, 290.75, 82.75, 50.25]  
 [68.408, 71.077, 88.156, 92.959]  
 [68.942, 71.61, 88.689, 93.493]  
 [294.0, 277.75, 14.5, 11.25]  
 [94.027, 94.294, 115.909, 117.243]  
 [94.561, 94.961, 116.443, 117.777]  
 [303.75, 95.75, 76.25, 34.0]  
 [124.716, 128.185, 129.786, 146.865]  
 [125.249, 128.718, 130.32, 147.399]  
 [342.75, 196.5, 167.25, 14.5]  
 [151.935, 164.478, 166.88, 178.888]  
 [152.469, 167.413, 179.555]  
 [336.25, 248.5, 212.75, 164.0]  
 [193.032, 197.035, 199.97, 207.175]  
 [193.565, 197.568, 200.504]  
 [320.0, 307.0, 216.0, 154.25]  
 [221.052, 226.122, 233.594, 234.662]  
 [226.656, 234.128]  
 [287.5, 180.25, 121.75, 56.75]  
 [241.867, 247.204, 252.008, 260.814]  
 [242.401, 247.738, 252.541, 261.348]  
 [355.75, 352.5, 307.0, 229.0]  
 [284.832, 291.236, 294.972, 295.239]  
 [285.365, 291.77]  
 [310.25, 264.75, 160.75, 108.75]  
 [303.795, 308.065, 316.605, 320.341]  
 [304.329, 308.599, 317.138]  
