 35.977    35.977  
 0.0    35.994  
 352.0    36.125  
 0.0    36.258  
 348.75    36.392  
 0.0    36.525  
 345.5    36.659  
 0.0    36.792  
 342.25    36.925  
 0.0    37.059  
 339.0    37.192  
 0.0    37.326  
 335.75    37.459  
 0.0    37.592  
 332.5    37.726  
 0.0    37.859  
 329.25    37.993  
 0.0    38.126  
 326.0    38.26  
 0.0    38.393  
 322.75    38.527  
 0.0    38.66  
 319.5    38.793  
 0.0    38.927  
 316.25    39.06  
 0.0    39.194  
 313.0    39.327  
 0.0    39.46  
 309.75    39.594  
 0.0    39.727  
 306.5    39.861  
 0.0    39.994  
 303.25    40.128  
 0.0    40.261  
 300.0    40.395  
 0.0    40.528  
 296.75    40.661  
 0.0    40.795  
 293.5    40.928  
 0.0    41.062  
 290.25    41.195  
 0.0    41.328  
 287.0    41.462  
 0.0    41.595  
 283.75    41.729  
 0.0    41.862  
 280.5    41.996  
 0.0    42.129  
 277.25    42.262  
 0.0    42.396  
 274.0    42.529  
 0.0    42.663  
 270.75    42.796  
 0.0    42.93  
 267.5    43.063  
 0.0    43.197  
 264.25    43.33  
 0.0    43.463  
 261.0    43.597  
 0.0    43.731  
 257.75    43.864  
 0.0    43.997  
 254.5    44.131  
 0.0    44.264  
 251.25    44.397  
 0.0    44.531  
 248.0    44.664  
 0.0    44.798  
 244.75    44.931  
 0.0    45.065  
 241.5    45.198  
 0.0    45.331  
 238.25    45.465  
 0.0    45.598  
 235.0    45.732  
 0.0    45.865  
 231.75    45.999  
 0.0    46.132  
 228.5    46.266  
 0.0    46.399  
 225.25    46.532  
 0.0    46.666  
 222.0    46.799  
 0.0    46.933  
 218.75    47.066  
 0.0    47.199  
 215.5    47.333  
 0.0    47.466  
 212.25    47.6  
 0.0    47.733  
 209.0    47.867  
 0.0    48.0  
 205.75    48.133  
 0.0    48.267  
 202.5    48.4  
 0.0    48.534  
 199.25    48.667  
 0.0    48.801  
 196.0    48.934  
 0.0    49.068  
 192.75    49.201  
 0.0    49.334  
 189.5    49.468  
 0.0    49.601  
 186.25    49.735  
 0.0    49.868  
 183.0    50.002  
 0.0    50.135  
 179.75    50.268  
 0.0    50.402  
 176.5    50.535  
 0.0    50.669  
 173.25    50.802  
 0.0    50.935  
 170.0    51.069  
 0.0    51.202  
 166.75    51.336  
 0.0    51.469  
 163.5    51.603  
 0.0    51.736  
 160.25    51.87  
 0.0    52.003  
 157.0    52.136  
 0.0    52.27  
 153.75    52.403  
 0.0    52.537  
 150.5    52.67  
 0.0    52.804  
 147.25    52.937  
 0.0    53.07  
 144.0    53.204  
 0.0    53.337  
 140.75    53.471  
 0.0    53.604  
 137.5    53.737  
 0.0    53.871  
 134.25    54.004  
 0.0    54.138  
 131.0    54.271  
 0.0    54.405  
 127.75    54.538  
 0.0    54.672  
 124.5    54.805  
 0.0    54.938  
 121.25    55.072  
 0.0    55.205  
 118.0    55.339  
 0.0    55.473  
 114.75    55.606  
 0.0    55.739  
 111.5    55.872  
 0.0    56.006  
 108.25    56.139  
 0.0    56.273  
 105.0    56.406  
 0.0    56.539  
 101.75    56.673  
 0.0    56.806  
 98.5    56.94  
 0.0    57.073  
 95.25    57.207  
 0.0    57.34  
 92.0    57.474  
 0.0    57.607  
 88.75    57.74  
 0.0    57.874  
 85.5    58.007  
 0.0    58.141  
 82.25    58.274  
 0.0    58.408  
 79.0    58.541  
 0.0    58.674  
 75.75    58.808  
 0.0    58.941  
 72.5    59.075  
 0.0    59.208  
 69.25    59.342  
 0.0    59.475  
 66.0    59.608  
 0.0    59.742  
 62.75    59.875  
 0.0    60.009  
 59.5    60.142  
 0.0    60.276  
 56.25    60.409  
 0.0    60.543  
 53.0    60.676  
 0.0    60.809  
 49.75    60.943  
 0.0    61.076  
 46.5    61.21  
 0.0    61.343  
 43.25    61.476  
 0.0    61.61  
 40.0    61.743  
 0.0    61.877  
 36.75    62.01  
 0.0    62.144  
 33.5    62.277  
 0.0    62.411  
 30.25    62.544  
 0.0    62.677  
 27.0    62.811  
 0.0    62.944  
 23.75    63.078  
 0.0    63.211  
 20.5    63.344  
 0.0    63.478  
 17.25    63.611  
 0.0    63.745  
 14.0    63.878  
 0.0    64.012  
 10.75    64.145  
 0.0    64.279  
 7.5    64.412  
 0.0    64.545  
 4.25    64.679  
 0.0    64.815  
 352.0    64.946  
 0.0    65.079  
 348.75    65.212  
 0.0    65.346  
 345.5    65.479  
 0.0    65.613  
 342.25    65.746  
 0.0    65.88  
 339.0    66.013  
 0.0    66.147  
 335.75    66.28  
 0.0    66.413  
 332.5    66.547  
 0.0    66.68  
 329.25    66.814  
 0.0    66.947  
 326.0    67.081  
 0.0    67.214  
 322.75    67.347  
 0.0    67.481  
 319.5    67.614  
 0.0    67.748  
 316.25    67.881  
 0.0    68.015  
 313.0    68.148  
 0.0    68.281  
 309.75    68.415  
 0.0    68.548  
 306.5    68.682  
 0.0    68.815  
 303.25    68.949  
 0.0    69.082  
 300.0    69.216  
 0.0    69.349  
 296.75    69.482  
 0.0    69.616  
 293.5    69.749  
 0.0    69.882  
 290.25    70.016  
 0.0    70.149  
 287.0    70.283  
 0.0    70.416  
 283.75    70.55  
 0.0    70.683  
 280.5    70.817  
 0.0    70.95  
 277.25    71.084  
 0.0    71.217  
 274.0    71.35  
 0.0    71.484  
 270.75    71.618  
 0.0    71.751  
 267.5    71.884  
 0.0    72.017  
 264.25    72.151  
 0.0    72.284  
 261.0    72.418  
 0.0    72.551  
 257.75    72.685  
 0.0    72.818  
 254.5    72.951  
 0.0    73.085  
 251.25    73.218  
 0.0    73.352  
 248.0    73.485  
 0.0    73.619  
 244.75    73.752  
 0.0    73.885  
 241.5    74.019  
 0.0    74.152  
 238.25    74.286  
 0.0    74.419  
 235.0    74.553  
 0.0    74.686  
 231.75    74.819  
 0.0    74.953  
 228.5    75.086  
 0.0    75.22  
 225.25    75.353  
 0.0    75.487  
 222.0    75.62  
 0.0    75.753  
 218.75    75.887  
 0.0    76.02  
 215.5    76.154  
 0.0    76.287  
 212.25    76.421  
 0.0    76.554  
 209.0    76.687  
 0.0    76.821  
 205.75    76.955  
 0.0    77.088  
 202.5    77.221  
 0.0    77.355  
 199.25    77.488  
 0.0    77.621  
 196.0    77.755  
 0.0    77.888  
 192.75    78.022  
 0.0    78.155  
 189.5    78.289  
 0.0    78.422  
 186.25    78.556  
 0.0    78.689  
 183.0    78.822  
 0.0    78.956  
 179.75    79.089  
 0.0    79.223  
 176.5    79.356  
 0.0    79.49  
 173.25    79.623  
 0.0    79.757  
 170.0    79.89  
 0.0    80.023  
 166.75    80.157  
 0.0    80.29  
 163.5    80.424  
 0.0    80.557  
 160.25    80.69  
 0.0    80.824  
 157.0    80.957  
 0.0    81.091  
 153.75    81.224  
 0.0    81.358  
 150.5    81.491  
 0.0    81.624  
 147.25    81.758  
 0.0    81.891  
 144.0    82.025  
 0.0    82.158  
 140.75    82.292  
 0.0    82.425  
 137.5    82.558  
 0.0    82.692  
 134.25    82.825  
 0.0    82.959  
 131.0    83.092  
 0.0    83.226  
 127.75    83.359  
 0.0    83.493  
 124.5    83.626  
 0.0    83.759  
 121.25    83.893  
 0.0    84.026  
 118.0    84.16  
 0.0    84.293  
 114.75    84.426  
 0.0    84.56  
 111.5    84.693  
 0.0    84.827  
 108.25    84.96  
 0.0    85.094  
 105.0    85.227  
 0.0    85.36  
 101.75    85.494  
 0.0    85.627  
 98.5    85.761  
 0.0    85.894  
 95.25    86.028  
 0.0    86.161  
 92.0    86.294  
 0.0    86.428  
 88.75    86.561  
 0.0    86.695  
 85.5    86.828  
 0.0    86.962  
 82.25    87.095  
 0.0    87.228  
 79.0    87.362  
 0.0    87.495  
 75.75    87.629  
 0.0    87.762  
 72.5    87.896  
 0.0    88.029  
 69.25    88.163  
 0.0    88.296  
 66.0    88.429  
 0.0    88.563  
 62.75    88.696  
 0.0    88.83  
 59.5    88.963  
 0.0    89.097  
 56.25    89.23  
 0.0    89.363  
 53.0    89.497  
 0.0    89.63  
 49.75    89.764  
 0.0    89.897  
 46.5    90.03  
 0.0    90.164  
 43.25    90.297  
 0.0    90.431  
 40.0    90.564  
 0.0    90.698  
 36.75    90.831  
 0.0    90.964  
 33.5    91.098  
 0.0    91.231  
 30.25    91.365  
 0.0    91.498  
 27.0    91.632  
 0.0    91.765  
 23.75    91.899  
 0.0    92.032  
 20.5    92.165  
 0.0    92.299  
 17.25    92.432  
 0.0    92.566  
 14.0    92.699  
 0.0    92.833  
 10.75    92.966  
 0.0    93.099  
 7.5    93.233  
 0.0    93.366  
 4.25    93.5  
 0.0    93.637  
 352.0    93.766  
 0.0    93.9  
 348.75    94.033  
 0.0    94.167  
 345.5    94.3  
 0.0    94.434  
 342.25    94.567  
 0.0    94.701  
 339.0    94.834  
 0.0    94.968  
 335.75    95.101  
 0.0    95.234  
 332.5    95.368  
 0.0    95.502  
 329.25    95.635  
 0.0    95.768  
 326.0    95.901  
 0.0    96.035  
 322.75    96.168  
 0.0    96.302  
 319.5    96.435  
 0.0    96.569  
 316.25    96.702  
 0.0    96.835  
 313.0    96.969  
 0.0    97.102  
 309.75    97.236  
 0.0    97.369  
 306.5    97.503  
 0.0    97.636  
 303.25    97.769  
 0.0    97.903  
 300.0    98.036  
 0.0    98.17  
 296.75    98.303  
 0.0    98.437  
 293.5    98.57  
 0.0    98.703  
 290.25    98.837  
 0.0    98.97  
 287.0    99.104  
 0.0    99.237  
 283.75    99.37  
 0.0    99.504  
 280.5    99.637  
 0.0    99.771  
 277.25    99.904  
 0.0    100.038  
 274.0    100.171  
 0.0    100.305  
 270.75    100.438  
 0.0    100.571  
 267.5    100.705  
 0.0    100.838  
 264.25    100.972  
 0.0    101.105  
 261.0    101.239  
 0.0    101.372  
 257.75    101.505  
 0.0    101.639  
 254.5    101.772  
 0.0    101.906  
 251.25    102.039  
 0.0    102.173  
 248.0    102.306  
 0.0    102.44  
 244.75    102.573  
 0.0    102.706  
 241.5    102.84  
 0.0    102.973  
 238.25    103.107  
 0.0    103.24  
 235.0    103.373  
 0.0    103.507  
 231.75    103.641  
 0.0    103.774  
 228.5    103.907  
 0.0    104.041  
 225.25    104.174  
 0.0    104.308  
 222.0    104.441  
 0.0    104.574  
 218.75    104.708  
 0.0    104.841  
 215.5    104.975  
 0.0    105.108  
 212.25    105.242  
 0.0    105.375  
 209.0    105.508  
 0.0    105.642  
 205.75    105.775  
 0.0    105.909  
 202.5    106.042  
 0.0    106.176  
 199.25    106.309  
 0.0    106.443  
 196.0    106.576  
 0.0    106.709  
 192.75    106.843  
 0.0    106.976  
 189.5    107.11  
 0.0    107.243  
 186.25    107.376  
 0.0    107.51  
 183.0    107.643  
 0.0    107.777  
 179.75    107.91  
 0.0    108.043  
 176.5    108.177  
 0.0    108.31  
 173.25    108.444  
 0.0    108.577  
 170.0    108.711  
 0.0    108.844  
 166.75    108.978  
 0.0    109.111  
 163.5    109.244  
 0.0    109.378  
 160.25    109.511  
 0.0    109.645  
 157.0    109.778  
 0.0    109.912  
 153.75    110.045  
 0.0    110.178  
 150.5    110.312  
 0.0    110.445  
 147.25    110.579  
 0.0    110.712  
 144.0    110.845  
 0.0    110.979  
 140.75    111.113  
 0.0    111.246  
 137.5    111.379  
 0.0    111.513  
 134.25    111.646  
 0.0    111.78  
 131.0    111.913  
 0.0    112.047  
 127.75    112.18  
 0.0    112.313  
 124.5    112.447  
 0.0    112.58  
 121.25    112.714  
 0.0    112.847  
 118.0    112.981  
 0.0    113.114  
 114.75    113.247  
 0.0    113.381  
 111.5    113.514  
 0.0    113.648  
 108.25    113.781  
 0.0    113.914  
 105.0    114.048  
 0.0    114.181  
 101.75    114.315  
 0.0    114.448  
 98.5    114.582  
 0.0    114.715  
 95.25    114.848  
 0.0    114.982  
 92.0    115.115  
 0.0    115.249  
 88.75    115.382  
 0.0    115.516  
 85.5    115.649  
 0.0    115.783  
 82.25    115.916  
 0.0    116.049  
 79.0    116.183  
 0.0    116.316  
 75.75    116.45  
 0.0    116.583  
 72.5    116.717  
 0.0    116.85  
 69.25    116.983  
 0.0    117.117  
 66.0    117.25  
 0.0    117.384  
 62.75    117.517  
 0.0    117.651  
 59.5    117.784  
 0.0    117.918  
 56.25    118.051  
 0.0    118.184  
 53.0    118.318  
 0.0    118.451  
 49.75    118.585  
 0.0    118.718  
 46.5    118.851  
 0.0    118.985  
 43.25    119.118  
 0.0    119.252  
 40.0    119.385  
 0.0    119.519  
 36.75    119.652  
 0.0    119.785  
 33.5    119.919  
 0.0    120.052  
 30.25    120.186  
 0.0    120.319  
 27.0    120.453  
 0.0    120.586  
 23.75    120.719  
 0.0    120.853  
 20.5    120.986  
 0.0    121.12  
 17.25    121.253  
 0.0    121.387  
 14.0    121.52  
 0.0    121.653  
 10.75    121.787  
 0.0    121.92  
 7.5    122.054  
 0.0    122.187  
 4.25    122.321  
 0.0    122.459  
 352.0    122.587  
 0.0    122.721  
 348.75    122.854  
 0.0    122.988  
 345.5    123.121  
 0.0    123.255  
 342.25    123.388  
 0.0    123.521  
 339.0    123.655  
 0.0    123.789  
 335.75    123.922  
 0.0    124.055  
 332.5    124.189  
 0.0    124.322  
 329.25    124.455  
 0.0    124.589  
 326.0    124.722  
 0.0    124.856  
 322.75    124.989  
 0.0    125.123  
 319.5    125.256  
 0.0    125.389  
 316.25    125.523  
 0.0    125.656  
 313.0    125.79  
 0.0    125.923  
 309.75    126.057  
 0.0    126.19  
 306.5    126.323  
 0.0    126.457  
 303.25    126.59  
 0.0    126.724  
 300.0    126.857  
 0.0    126.991  
 296.75    127.124  
 0.0    127.258  
 293.5    127.391  
 0.0    127.524  
 290.25    127.658  
 0.0    127.791  
 287.0    127.925  
 0.0    128.058  
 283.75    128.192  
 0.0    128.325  
 280.5    128.458  
 0.0    128.592  
 277.25    128.725  
 0.0    128.859  
 274.0    128.992  
 0.0    129.125  
 270.75    129.259  
 0.0    129.392  
 267.5    129.526  
 0.0    129.659  
 264.25    129.793  
 0.0    129.926  
 261.0    130.059  
 0.0    130.193  
 257.75    130.326  
 0.0    130.46  
 254.5    130.594  
 0.0    130.727  
 251.25    130.86  
 0.0    130.993  
 248.0    131.127  
 0.0    131.26  
 244.75    131.394  
 0.0    131.527  
 241.5    131.661  
 0.0    131.794  
 238.25    131.927  
 0.0    132.061  
 235.0    132.194  
 0.0    132.328  
 231.75    132.461  
 0.0    132.595  
 228.5    132.728  
 0.0    132.862  
 225.25    132.995  
 0.0    133.128  
 222.0    133.262  
 0.0    133.395  
 218.75    133.529  
 0.0    133.662  
 215.5    133.796  
 0.0    133.929  
 212.25    134.062  
 0.0    134.196  
 209.0    134.329  
 0.0    134.463  
 205.75    134.596  
 0.0    134.729  
 202.5    134.863  
 0.0    134.996  
 199.25    135.13  
 0.0    135.263  
 196.0    135.397  
 0.0    135.53  
 192.75    135.664  
 0.0    135.797  
 189.5    135.93  
 0.0    136.064  
 186.25    136.197  
 0.0    136.331  
 183.0    136.464  
 0.0    136.598  
 179.75    136.731  
 0.0    136.864  
 176.5    136.998  
 0.0    137.131  
 173.25    137.265  
 0.0    137.398  
 170.0    137.532  
 0.0    137.665  
 166.75    137.799  
 0.0    137.932  
 163.5    138.065  
 0.0    138.199  
 160.25    138.332  
 0.0    138.466  
 157.0    138.599  
 0.0    138.732  
 153.75    138.866  
 0.0    138.999  
 150.5    139.133  
 0.0    139.266  
 147.25    139.4  
 0.0    139.533  
 144.0    139.666  
 0.0    139.8  
 140.75    139.933  
 0.0    140.067  
 137.5    140.2  
 0.0    140.334  
 134.25    140.467  
 0.0    140.6  
 131.0    140.734  
 0.0    140.867  
 127.75    141.001  
 0.0    141.134  
 124.5    141.268  
 0.0    141.401  
 121.25    141.535  
 0.0    141.668  
 118.0    141.801  
 0.0    141.935  
 114.75    142.068  
 0.0    142.202  
 111.5    142.335  
 0.0    142.469  
 108.25    142.602  
 0.0    142.736  
 105.0    142.869  
 0.0    143.002  
 101.75    143.136  
 0.0    143.269  
 98.5    143.402  
 0.0    143.536  
 95.25    143.669  
 0.0    143.803  
 92.0    143.936  
 0.0    144.07  
 88.75    144.203  
 0.0    144.337  
 85.5    144.47  
 0.0    144.603  
 82.25    144.737  
 0.0    144.87  
 79.0    145.004  
 0.0    145.137  
 75.75    145.271  
 0.0    145.404  
 72.5    145.537  
 0.0    145.671  
 69.25    145.804  
 0.0    145.938  
 66.0    146.071  
 0.0    146.204  
 62.75    146.338  
 0.0    146.471  
 59.5    146.605  
 0.0    146.738  
 56.25    146.872  
 0.0    147.005  
 53.0    147.139  
 0.0    147.272  
 49.75    147.405  
 0.0    147.539  
 46.5    147.673  
 0.0    147.806  
 43.25    147.939  
 0.0    148.073  
 40.0    148.206  
 0.0    148.339  
 36.75    148.473  
 0.0    148.606  
 33.5    148.74  
 0.0    148.873  
 30.25    149.007  
 0.0    149.14  
 27.0    149.273  
 0.0    149.407  
 23.75    149.54  
 0.0    149.674  
 20.5    149.807  
 0.0    149.941  
 17.25    150.074  
 0.0    150.207  
 14.0    150.341  
 0.0    150.474  
 10.75    150.608  
 0.0    150.741  
 7.5    150.875  
 0.0    151.008  
 4.25    151.141  
 0.0    151.281  
 352.0    151.41  
 0.0    151.542  
 348.75    151.675  
 0.0    151.809  
 345.5    151.942  
 0.0    152.075  
 342.25    152.209  
 0.0    152.342  
 339.0    152.476  
 0.0    152.609  
 335.75    152.743  
 0.0    152.876  
 332.5    153.009  
 0.0    153.143  
 329.25    153.276  
 0.0    153.41  
 326.0    153.543  
 0.0    153.677  
 322.75    153.81  
 0.0    153.943  
 319.5    154.077  
 0.0    154.21  
 316.25    154.344  
 0.0    154.477  
 313.0    154.611  
 0.0    154.744  
 309.75    154.878  
 0.0    155.011  
 306.5    155.144  
 0.0    155.278  
 303.25    155.411  
 0.0    155.545  
 300.0    155.678  
 0.0    155.811  
 296.75    155.945  
 0.0    156.078  
 293.5    156.212  
 0.0    156.345  
 290.25    156.479  
 0.0    156.612  
 287.0    156.746  
 0.0    156.879  
 283.75    157.012  
 0.0    157.146  
 280.5    157.279  
 0.0    157.413  
 277.25    157.546  
 0.0    157.68  
 274.0    157.813  
 0.0    157.946  
 270.75    158.08  
 0.0    158.213  
 267.5    158.347  
 0.0    158.48  
 264.25    158.613  
 0.0    158.747  
 261.0    158.88  
 0.0    159.014  
 257.75    159.147  
 0.0    159.281  
 254.5    159.414  
 0.0    159.548  
 251.25    159.681  
 0.0    159.814  
 248.0    159.948  
 0.0    160.081  
 244.75    160.215  
 0.0    160.348  
 241.5    160.482  
 0.0    160.615  
 238.25    160.748  
 0.0    160.882  
 235.0    161.015  
 0.0    161.149  
 231.75    161.282  
 0.0    161.416  
 228.5    161.549  
 0.0    161.682  
 225.25    161.816  
 0.0    161.949  
 222.0    162.083  
 0.0    162.216  
 218.75    162.35  
 0.0    162.483  
 215.5    162.616  
 0.0    162.75  
 212.25    162.883  
 0.0    163.017  
 209.0    163.15  
 0.0    163.284  
 205.75    163.417  
 0.0    163.55  
 202.5    163.684  
 0.0    163.817  
 199.25    163.951  
 0.0    164.084  
 196.0    164.218  
 0.0    164.351  
 192.75    164.484  
 0.0    164.618  
 189.5    164.751  
 0.0    164.885  
 186.25    165.018  
 0.0    165.152  
 183.0    165.285  
 0.0    165.419  
 179.75    165.552  
 0.0    165.685  
 176.5    165.819  
 0.0    165.952  
 173.25    166.086  
 0.0    166.219  
 170.0    166.352  
 0.0    166.486  
 166.75    166.619  
 0.0    166.753  
 163.5    166.886  
 0.0    167.02  
 160.25    167.153  
 0.0    167.286  
 157.0    167.42  
 0.0    167.554  
 153.75    167.687  
 0.0    167.82  
 150.5    167.954  
 0.0    168.087  
 147.25    168.221  
 0.0    168.354  
 144.0    168.487  
 0.0    168.621  
 140.75    168.754  
 0.0    168.888  
 137.5    169.021  
 0.0    169.154  
 134.25    169.288  
 0.0    169.421  
 131.0    169.555  
 0.0    169.688  
 127.75    169.822  
 0.0    169.955  
 124.5    170.089  
 0.0    170.222  
 121.25    170.355  
 0.0    170.489  
 118.0    170.622  
 0.0    170.756  
 114.75    170.889  
 0.0    171.023  
 111.5    171.156  
 0.0    171.289  
 108.25    171.423  
 0.0    171.556  
 105.0    171.69  
 0.0    171.823  
 101.75    171.956  
 0.0    172.09  
 98.5    172.223  
 0.0    172.357  
 95.25    172.49  
 0.0    172.624  
 92.0    172.757  
 0.0    172.891  
 88.75    173.024  
 0.0    173.157  
 85.5    173.291  
 0.0    173.424  
 82.25    173.558  
 0.0    173.691  
 79.0    173.825  
 0.0    173.958  
 75.75    174.091  
 0.0    174.225  
 72.5    174.358  
 0.0    174.492  
 69.25    174.625  
 0.0    174.759  
 66.0    174.892  
 0.0    175.025  
 62.75    175.159  
 0.0    175.292  
 59.5    175.426  
 0.0    175.559  
 56.25    175.693  
 0.0    175.826  
 53.0    175.959  
 0.0    176.093  
 49.75    176.226  
 0.0    176.36  
 46.5    176.493  
 0.0    176.626  
 43.25    176.76  
 0.0    176.893  
 40.0    177.027  
 0.0    177.16  
 36.75    177.294  
 0.0    177.427  
 33.5    177.561  
 0.0    177.694  
 30.25    177.827  
 0.0    177.961  
 27.0    178.094  
 0.0    178.228  
 23.75    178.361  
 0.0    178.495  
 20.5    178.628  
 0.0    178.761  
 17.25    178.895  
 0.0    179.028  
 14.0    179.162  
 0.0    179.295  
 10.75    179.429  
 0.0    179.562  
 7.5    179.696  
 0.0    179.829  
 4.25    179.962  
 0.0    180.101  
 352.0    180.229  
 0.0    180.363  
 348.75    180.496  
 0.0    180.629  
 345.5    180.763  
 0.0    180.896  
 342.25    181.03  
 0.0    181.163  
 339.0    181.297  
 0.0    181.43  
 335.75    181.564  
 0.0    181.697  
 332.5    181.83  
 0.0    181.964  
 329.25    182.097  
 0.0    182.231  
 326.0    182.364  
 0.0    182.498  
 322.75    182.631  
 0.0    182.764  
 319.5    182.898  
 0.0    183.031  
 316.25    183.165  
 0.0    183.298  
 313.0    183.432  
 0.0    183.565  
 309.75    183.698  
 0.0    183.832  
 306.5    183.965  
 0.0    184.099  
 303.25    184.232  
 0.0    184.366  
 300.0    184.499  
 0.0    184.632  
 296.75    184.766  
 0.0    184.899  
 293.5    185.033  
 0.0    185.166  
 290.25    185.299  
 0.0    185.433  
 287.0    185.566  
 0.0    185.7  
 283.75    185.833  
 0.0    185.967  
 280.5    186.1  
 0.0    186.234  
 277.25    186.367  
 0.0    186.5  
 274.0    186.634  
 0.0    186.767  
 270.75    186.901  
 0.0    187.034  
 267.5    187.168  
 0.0    187.301  
 264.25    187.434  
 0.0    187.568  
 261.0    187.701  
 0.0    187.835  
 257.75    187.968  
 0.0    188.102  
 254.5    188.235  
 0.0    188.368  
 251.25    188.502  
 0.0    188.635  
 248.0    188.769  
 0.0    188.902  
 244.75    189.036  
 0.0    189.169  
 241.5    189.302  
 0.0    189.436  
 238.25    189.569  
 0.0    189.703  
 235.0    189.836  
 0.0    189.97  
 231.75    190.103  
 0.0    190.236  
 228.5    190.37  
 0.0    190.503  
 225.25    190.637  
 0.0    190.77  
 222.0    190.904  
 0.0    191.037  
 218.75    191.17  
 0.0    191.304  
 215.5    191.437  
 0.0    191.571  
 212.25    191.704  
 0.0    191.838  
 209.0    191.971  
 0.0    192.104  
 205.75    192.238  
 0.0    192.371  
 202.5    192.505  
 0.0    192.638  
 199.25    192.772  
 0.0    192.905  
 196.0    193.038  
 0.0    193.172  
 192.75    193.305  
 0.0    193.439  
 189.5    193.572  
 0.0    193.706  
 186.25    193.839  
 0.0    193.973  
 183.0    194.106  
 0.0    194.239  
 179.75    194.373  
 0.0    194.506  
 176.5    194.64  
 0.0    194.773  
 173.25    194.906  
 0.0    195.04  
 170.0    195.173  
 0.0    195.307  
 166.75    195.441  
 0.0    195.574  
 163.5    195.707  
 0.0    195.841  
 160.25    195.974  
 0.0    196.107  
 157.0    196.241  
 0.0    196.374  
 153.75    196.508  
 0.0    196.641  
 150.5    196.775  
 0.0    196.908  
 147.25    197.041  
 0.0    197.175  
 144.0    197.308  
 0.0    197.442  
 140.75    197.575  
 0.0    197.709  
 137.5    197.842  
 0.0    197.975  
 134.25    198.109  
 0.0    198.242  
 131.0    198.376  
 0.0    198.509  
 127.75    198.643  
 0.0    198.776  
 124.5    198.91  
 0.0    199.043  
 121.25    199.176  
 0.0    199.31  
 118.0    199.443  
 0.0    199.577  
 114.75    199.71  
 0.0    199.843  
 111.5    199.977  
 0.0    200.11  
 108.25    200.244  
 0.0    200.377  
 105.0    200.511  
 0.0    200.644  
 101.75    200.777  
 0.0    200.911  
 98.5    201.044  
 0.0    201.178  
 95.25    201.311  
 0.0    201.445  
 92.0    201.578  
 0.0    201.711  
 88.75    201.845  
 0.0    201.978  
 85.5    202.112  
 0.0    202.245  
 82.25    202.379  
 0.0    202.512  
 79.0    202.645  
 0.0    202.779  
 75.75    202.912  
 0.0    203.046  
 72.5    203.179  
 0.0    203.312  
 69.25    203.446  
 0.0    203.579  
 66.0    203.713  
 0.0    203.846  
 62.75    203.98  
 0.0    204.113  
 59.5    204.247  
 0.0    204.38  
 56.25    204.513  
 0.0    204.647  
 53.0    204.78  
 0.0    204.914  
 49.75    205.047  
 0.0    205.181  
 46.5    205.314  
 0.0    205.448  
 43.25    205.581  
 0.0    205.714  
 40.0    205.848  
 0.0    205.981  
 36.75    206.115  
 0.0    206.248  
 33.5    206.381  
 0.0    206.515  
 30.25    206.648  
 0.0    206.782  
 27.0    206.915  
 0.0    207.049  
 23.75    207.182  
 0.0    207.316  
 20.5    207.449  
 0.0    207.582  
 17.25    207.716  
 0.0    207.849  
 14.0    207.983  
 0.0    208.116  
 10.75    208.249  
 0.0    208.383  
 7.5    208.516  
 0.0    208.65  
 4.25    208.783  
 0.0    208.923  
 352.0    209.052  
 0.0    209.184  
 348.75    209.317  
 0.0    209.45  
 345.5    209.584  
 0.0    209.717  
 342.25    209.851  
 0.0    209.984  
 339.0    210.118  
 0.0    210.251  
 335.75    210.384  
 0.0    210.518  
 332.5    210.651  
 0.0    210.785  
 329.25    210.918  
 0.0    211.051  
 326.0    211.185  
 0.0    211.318  
 322.75    211.452  
 0.0    211.585  
 319.5    211.719  
 0.0    211.852  
 316.25    211.986  
 0.0    212.119  
 313.0    212.252  
 0.0    212.386  
 309.75    212.519  
 0.0    212.653  
 306.5    212.786  
 0.0    212.92  
 303.25    213.053  
 0.0    213.186  
 300.0    213.32  
 0.0    213.453  
 296.75    213.587  
 0.0    213.72  
 293.5    213.854  
 0.0    213.987  
 290.25    214.12  
 0.0    214.254  
 287.0    214.387  
 0.0    214.521  
 283.75    214.654  
 0.0    214.788  
 280.5    214.921  
 0.0    215.054  
 277.25    215.188  
 0.0    215.321  
 274.0    215.455  
 0.0    215.588  
 270.75    215.722  
 0.0    215.855  
 267.5    215.989  
 0.0    216.122  
 264.25    216.255  
 0.0    216.389  
 261.0    216.522  
 0.0    216.656  
 257.75    216.789  
 0.0    216.922  
 254.5    217.056  
 0.0    217.189  
 251.25    217.323  
 0.0    217.456  
 248.0    217.59  
 0.0    217.723  
 244.75    217.856  
 0.0    217.99  
 241.5    218.123  
 0.0    218.257  
 238.25    218.39  
 0.0    218.524  
 235.0    218.657  
 0.0    218.79  
 231.75    218.924  
 0.0    219.057  
 228.5    219.191  
 0.0    219.324  
 225.25    219.458  
 0.0    219.591  
 222.0    219.724  
 0.0    219.858  
 218.75    219.991  
 0.0    220.125  
 215.5    220.258  
 0.0    220.392  
 212.25    220.525  
 0.0    220.658  
 209.0    220.792  
 0.0    220.925  
 205.75    221.059  
 0.0    221.192  
 202.5    221.326  
 0.0    221.459  
 199.25    221.593  
 0.0    221.726  
 196.0    221.859  
 0.0    221.993  
 192.75    222.126  
 0.0    222.26  
 189.5    222.393  
 0.0    222.527  
 186.25    222.66  
 0.0    222.793  
 183.0    222.927  
 0.0    223.06  
 179.75    223.194  
 0.0    223.327  
 176.5    223.46  
 0.0    223.594  
 173.25    223.727  
 0.0    223.861  
 170.0    223.994  
 0.0    224.128  
 166.75    224.261  
 0.0    224.395  
 163.5    224.528  
 0.0    224.661  
 160.25    224.795  
 0.0    224.928  
 157.0    225.062  
 0.0    225.195  
 153.75    225.328  
 0.0    225.462  
 150.5    225.595  
 0.0    225.729  
 147.25    225.862  
 0.0    225.996  
 144.0    226.129  
 0.0    226.263  
 140.75    226.396  
 0.0    226.529  
 137.5    226.663  
 0.0    226.796  
 134.25    226.93  
 0.0    227.063  
 131.0    227.197  
 0.0    227.33  
 127.75    227.463  
 0.0    227.597  
 124.5    227.73  
 0.0    227.864  
 121.25    227.997  
 0.0    228.131  
 118.0    228.264  
 0.0    228.397  
 114.75    228.531  
 0.0    228.664  
 111.5    228.798  
 0.0    228.931  
 108.25    229.065  
 0.0    229.198  
 105.0    229.331  
 0.0    229.465  
 101.75    229.598  
 0.0    229.732  
 98.5    229.865  
 0.0    229.999  
 95.25    230.132  
 0.0    230.265  
 92.0    230.399  
 0.0    230.532  
 88.75    230.666  
 0.0    230.799  
 85.5    230.933  
 0.0    231.066  
 82.25    231.199  
 0.0    231.333  
 79.0    231.466  
 0.0    231.6  
 75.75    231.733  
 0.0    231.867  
 72.5    232.0  
 0.0    232.133  
 69.25    232.267  
 0.0    232.4  
 66.0    232.534  
 0.0    232.667  
 62.75    232.801  
 0.0    232.934  
 59.5    233.067  
 0.0    233.201  
 56.25    233.334  
 0.0    233.468  
 53.0    233.602  
 0.0    233.735  
 49.75    233.868  
 0.0    234.001  
 46.5    234.135  
 0.0    234.268  
 43.25    234.402  
 0.0    234.535  
 40.0    234.669  
 0.0    234.802  
 36.75    234.936  
 0.0    235.069  
 33.5    235.202  
 0.0    235.336  
 30.25    235.47  
 0.0    235.603  
 27.0    235.736  
 0.0    235.869  
 23.75    236.003  
 0.0    236.136  
 20.5    236.27  
 0.0    236.403  
 17.25    236.537  
 0.0    236.67  
 14.0    236.804  
 0.0    236.937  
 10.75    237.07  
 0.0    237.204  
 7.5    237.337  
 0.0    237.471  
 4.25    237.604  
 0.0    237.744  
 352.0    237.874  
 0.0    238.004  
 348.75    238.138  
 0.0    238.271  
 345.5    238.405  
 0.0    238.538  
 342.25    238.672  
 0.0    238.805  
 339.0    238.938  
 0.0    239.072  
 335.75    239.205  
 0.0    239.339  
 332.5    239.472  
 0.0    239.606  
 329.25    239.739  
 0.0    239.872  
 326.0    240.006  
 0.0    240.14  
 322.75    240.273  
 0.0    240.406  
 319.5    240.54  
 0.0    240.673  
 316.25    240.806  
 0.0    240.94  
 313.0    241.073  
 0.0    241.207  
 309.75    241.34  
 0.0    241.474  
 306.5    241.607  
 0.0    241.74  
 303.25    241.874  
 0.0    242.007  
 300.0    242.141  
 0.0    242.274  
 296.75    242.408  
 0.0    242.541  
 293.5    242.674  
 0.0    242.808  
 290.25    242.941  
 0.0    243.075  
 287.0    243.208  
 0.0    243.342  
 283.75    243.475  
 0.0    243.608  
 280.5    243.742  
 0.0    243.875  
 277.25    244.009  
 0.0    244.143  
 274.0    244.276  
 0.0    244.409  
 270.75    244.542  
 0.0    244.676  
 267.5    244.809  
 0.0    244.943  
 264.25    245.076  
 0.0    245.21  
 261.0    245.343  
 0.0    245.476  
 257.75    245.61  
 0.0    245.743  
 254.5    245.877  
 0.0    246.01  
 251.25    246.144  
 0.0    246.277  
 248.0    246.411  
 0.0    246.544  
 244.75    246.677  
 0.0    246.811  
 241.5    246.944  
 0.0    247.078  
 238.25    247.211  
 0.0    247.344  
 235.0    247.478  
 0.0    247.611  
 231.75    247.745  
 0.0    247.878  
 228.5    248.012  
 0.0    248.145  
 225.25    248.279  
 0.0    248.412  
 222.0    248.545  
 0.0    248.679  
 218.75    248.812  
 0.0    248.946  
 215.5    249.079  
 0.0    249.213  
 212.25    249.346  
 0.0    249.48  
 209.0    249.613  
 0.0    249.746  
 205.75    249.88  
 0.0    250.013  
 202.5    250.146  
 0.0    250.28  
 199.25    250.413  
 0.0    250.547  
 196.0    250.68  
 0.0    250.814  
 192.75    250.947  
 0.0    251.08  
 189.5    251.214  
 0.0    251.347  
 186.25    251.481  
 0.0    251.614  
 183.0    251.748  
 0.0    251.881  
 179.75    252.014  
 0.0    252.148  
 176.5    252.281  
 0.0    252.415  
 173.25    252.548  
 0.0    252.682  
 170.0    252.815  
 0.0    252.949  
 166.75    253.082  
 0.0    253.215  
 163.5    253.349  
 0.0    253.482  
 160.25    253.616  
 0.0    253.749  
 157.0    253.883  
 0.0    254.016  
 153.75    254.149  
 0.0    254.283  
 150.5    254.416  
 0.0    254.55  
 147.25    254.683  
 0.0    254.817  
 144.0    254.95  
 0.0    255.083  
 140.75    255.217  
 0.0    255.35  
 137.5    255.484  
 0.0    255.617  
 134.25    255.751  
 0.0    255.884  
 131.0    256.017  
 0.0    256.151  
 127.75    256.284  
 0.0    256.418  
 124.5    256.551  
 0.0    256.685  
 121.25    256.818  
 0.0    256.951  
 118.0    257.085  
 0.0    257.218  
 114.75    257.352  
 0.0    257.485  
 111.5    257.619  
 0.0    257.752  
 108.25    257.885  
 0.0    258.019  
 105.0    258.152  
 0.0    258.286  
 101.75    258.419  
 0.0    258.553  
 98.5    258.686  
 0.0    258.82  
 95.25    258.953  
 0.0    259.086  
 92.0    259.22  
 0.0    259.353  
 88.75    259.487  
 0.0    259.62  
 85.5    259.754  
 0.0    259.887  
 82.25    260.02  
 0.0    260.154  
 79.0    260.287  
 0.0    260.421  
 75.75    260.554  
 0.0    260.688  
 72.5    260.821  
 0.0    260.954  
 69.25    261.088  
 0.0    261.221  
 66.0    261.355  
 0.0    261.488  
 62.75    261.621  
 0.0    261.755  
 59.5    261.888  
 0.0    262.022  
 56.25    262.155  
 0.0    262.289  
 53.0    262.422  
 0.0    262.556  
 49.75    262.689  
 0.0    262.822  
 46.5    262.956  
 0.0    263.089  
 43.25    263.223  
 0.0    263.356  
 40.0    263.49  
 0.0    263.623  
 36.75    263.756  
 0.0    263.89  
 33.5    264.023  
 0.0    264.157  
 30.25    264.29  
 0.0    264.424  
 27.0    264.557  
 0.0    264.69  
 23.75    264.824  
 0.0    264.957  
 20.5    265.091  
 0.0    265.224  
 17.25    265.358  
 0.0    265.491  
 14.0    265.624  
 0.0    265.758  
 10.75    265.891  
 0.0    266.025  
 7.5    266.158  
 0.0    266.291  
 4.25    266.425  
 0.0    266.566  
 352.0    266.694  
 0.0    266.825  
 348.75    266.959  
 0.0    267.092  
 345.5    267.225  
 0.0    267.359  
 342.25    267.492  
 0.0    267.626  
 339.0    267.759  
 0.0    267.893  
 335.75    268.027  
 0.0    268.16  
 332.5    268.293  
 0.0    268.426  
 329.25    268.56  
 0.0    268.693  
 326.0    268.827  
 0.0    268.96  
 322.75    269.094  
 0.0    269.227  
 319.5    269.36  
 0.0    269.494  
 316.25    269.627  
 0.0    269.761  
 313.0    269.894  
 0.0    270.028  
 309.75    270.161  
 0.0    270.294  
 306.5    270.428  
 0.0    270.561  
 303.25    270.695  
 0.0    270.828  
 300.0    270.962  
 0.0    271.095  
 296.75    271.228  
 0.0    271.362  
 293.5    271.495  
 0.0    271.629  
 290.25    271.762  
 0.0    271.896  
 287.0    272.029  
 0.0    272.163  
 283.75    272.296  
 0.0    272.429  
 280.5    272.563  
 0.0    272.696  
 277.25    272.83  
 0.0    272.963  
 274.0    273.096  
 0.0    273.23  
 270.75    273.363  
 0.0    273.497  
 267.5    273.63  
 0.0    273.764  
 264.25    273.897  
 0.0    274.03  
 261.0    274.164  
 0.0    274.297  
 257.75    274.431  
 0.0    274.564  
 254.5    274.698  
 0.0    274.831  
 251.25    274.965  
 0.0    275.098  
 248.0    275.231  
 0.0    275.365  
 244.75    275.498  
 0.0    275.632  
 241.5    275.765  
 0.0    275.898  
 238.25    276.032  
 0.0    276.165  
 235.0    276.299  
 0.0    276.432  
 231.75    276.566  
 0.0    276.699  
 228.5    276.833  
 0.0    276.966  
 225.25    277.099  
 0.0    277.233  
 222.0    277.366  
 0.0    277.5  
 218.75    277.633  
 0.0    277.767  
 215.5    277.9  
 0.0    278.033  
 212.25    278.167  
 0.0    278.3  
 209.0    278.434  
 0.0    278.567  
 205.75    278.701  
 0.0    278.834  
 202.5    278.967  
 0.0    279.101  
 199.25    279.234  
 0.0    279.368  
 196.0    279.501  
 0.0    279.635  
 192.75    279.768  
 0.0    279.901  
 189.5    280.035  
 0.0    280.168  
 186.25    280.302  
 0.0    280.435  
 183.0    280.569  
 0.0    280.702  
 179.75    280.835  
 0.0    280.969  
 176.5    281.102  
 0.0    281.236  
 173.25    281.369  
 0.0    281.503  
 170.0    281.636  
 0.0    281.769  
 166.75    281.903  
 0.0    282.036  
 163.5    282.17  
 0.0    282.303  
 160.25    282.437  
 0.0    282.57  
 157.0    282.703  
 0.0    282.837  
 153.75    282.97  
 0.0    283.104  
 150.5    283.237  
 0.0    283.371  
 147.25    283.504  
 0.0    283.637  
 144.0    283.771  
 0.0    283.904  
 140.75    284.038  
 0.0    284.171  
 137.5    284.305  
 0.0    284.438  
 134.25    284.571  
 0.0    284.705  
 131.0    284.838  
 0.0    284.972  
 127.75    285.105  
 0.0    285.239  
 124.5    285.372  
 0.0    285.505  
 121.25    285.639  
 0.0    285.772  
 118.0    285.906  
 0.0    286.039  
 114.75    286.173  
 0.0    286.306  
 111.5    286.44  
 0.0    286.573  
 108.25    286.706  
 0.0    286.84  
 105.0    286.973  
 0.0    287.107  
 101.75    287.24  
 0.0    287.373  
 98.5    287.507  
 0.0    287.64  
 95.25    287.774  
 0.0    287.907  
 92.0    288.041  
 0.0    288.174  
 88.75    288.308  
 0.0    288.441  
 85.5    288.574  
 0.0    288.708  
 82.25    288.841  
 0.0    288.975  
 79.0    289.108  
 0.0    289.242  
 75.75    289.375  
 0.0    289.508  
 72.5    289.642  
 0.0    289.775  
 69.25    289.909  
 0.0    290.042  
 66.0    290.176  
 0.0    290.309  
 62.75    290.442  
 0.0    290.576  
 59.5    290.709  
 0.0    290.843  
 56.25    290.976  
 0.0    291.11  
 53.0    291.243  
 0.0    291.376  
 49.75    291.51  
 0.0    291.643  
 46.5    291.777  
 0.0    291.91  
 43.25    292.044  
 0.0    292.177  
 40.0    292.31  
 0.0    292.444  
 36.75    292.577  
 0.0    292.711  
 33.5    292.844  
 0.0    292.978  
 30.25    293.111  
 0.0    293.245  
 27.0    293.378  
 0.0    293.511  
 23.75    293.645  
 0.0    293.778  
 20.5    293.911  
 0.0    294.045  
 17.25    294.178  
 0.0    294.312  
 14.0    294.445  
 0.0    294.579  
 10.75    294.712  
 0.0    294.846  
 7.5    294.979  
 0.0    295.112  
 4.25    295.246  
 0.0    295.388  
 352.0    295.529  
 0.0    295.663  
 348.75    295.796  
 0.0    295.93  
 345.5    296.063  
 0.0    296.197  
 342.25    296.33  
 0.0    296.463  
 339.0    296.597  
 0.0    296.73  
 335.75    296.864  
 0.0    296.997  
 332.5    297.131  
 0.0    297.264  
 329.25    297.397  
 0.0    297.531  
 326.0    297.664  
 0.0    297.798  
 322.75    297.931  
 0.0    298.065  
 319.5    298.198  
 0.0    298.331  
 316.25    298.465  
 0.0    298.598  
 313.0    298.732  
 0.0    298.865  
 309.75    298.999  
 0.0    299.132  
 306.5    299.265  
 0.0    299.399  
 303.25    299.532  
 0.0    299.666  
 300.0    299.799  
 0.0    299.933  
 296.75    300.066  
 0.0    300.199  
 293.5    300.333  
 0.0    300.466  
 290.25    300.6  
 0.0    300.733  
 287.0    300.867  
 0.0    301.0  
 283.75    301.133  
 0.0    301.267  
 280.5    301.4  
 0.0    301.534  
 277.25    301.667  
 0.0    301.801  
 274.0    301.934  
 0.0    302.068  
 270.75    302.201  
 0.0    302.334  
 267.5    302.468  
 0.0    302.601  
 264.25    302.735  
 0.0    302.868  
 261.0    303.001  
 0.0    303.135  
 257.75    303.268  
 0.0    303.402  
 254.5    303.535  
 0.0    303.669  
 251.25    303.802  
 0.0    303.936  
 248.0    304.069  
 0.0    304.202  
 244.75    304.336  
 0.0    304.469  
 241.5    304.603  
 0.0    304.736  
 238.25    304.869  
 0.0    305.003  
 235.0    305.136  
 0.0    305.27  
 231.75    305.404  
 0.0    305.537  
 228.5    305.67  
 0.0    305.804  
 225.25    305.937  
 0.0    306.07  
 222.0    306.204  
 0.0    306.337  
 218.75    306.471  
 0.0    306.604  
 215.5    306.738  
 0.0    306.871  
 212.25    307.004  
 0.0    307.138  
 209.0    307.271  
 0.0    307.405  
 205.75    307.538  
 0.0    307.672  
 202.5    307.805  
 0.0    307.938  
 199.25    308.072  
 0.0    308.205  
 196.0    308.339  
 0.0    308.472  
 192.75    308.606  
 0.0    308.739  
 189.5    308.872  
 0.0    309.006  
 186.25    309.139  
 0.0    309.273  
 183.0    309.406  
 0.0    309.54  
 179.75    309.673  
 0.0    309.806  
 176.5    309.94  
 0.0    310.073  
 173.25    310.207  
 0.0    310.34  
 170.0    310.474  
 0.0    310.607  
 166.75    310.74  
 0.0    310.874  
 163.5    311.007  
 0.0    311.141  
 160.25    311.274  
 0.0    311.408  
 157.0    311.541  
 0.0    311.674  
 153.75    311.808  
 0.0    311.941  
 150.5    312.075  
 0.0    312.208  
 147.25    312.342  
 0.0    312.475  
 144.0    312.609  
 0.0    312.742  
 140.75    312.875  
 0.0    313.009  
 137.5    313.142  
 0.0    313.276  
 134.25    313.409  
 0.0    313.542  
 131.0    313.676  
 0.0    313.809  
 127.75    313.943  
 0.0    314.076  
 124.5    314.21  
 0.0    314.343  
 121.25    314.477  
 0.0    314.61  
 118.0    314.743  
 0.0    314.877  
 114.75    315.01  
 0.0    315.144  
 111.5    315.277  
 0.0    315.41  
 108.25    315.544  
 0.0    315.677  
 105.0    315.811  
 0.0    315.944  
 101.75    316.078  
 0.0    316.211  
 98.5    316.345  
 0.0    316.478  
 95.25    316.611  
 0.0    316.745  
 92.0    316.878  
 0.0    317.012  
 88.75    317.145  
 0.0    317.279  
 85.5    317.412  
 0.0    317.545  
 82.25    317.679  
 0.0    317.812  
 79.0    317.946  
 0.0    318.079  
 75.75    318.213  
 0.0    318.346  
 72.5    318.479  
 0.0    318.613  
 69.25    318.746  
 0.0    318.88  
 66.0    319.013  
 0.0    319.147  
 62.75    319.28  
 0.0    319.413  
 59.5    319.547  
 0.0    319.68  
 56.25    319.814  
 0.0    319.947  
 53.0    320.08  
 0.0    320.214  
 49.75    320.347  
 0.0    320.481  
 46.5    320.614  
 0.0    320.748  
 43.25    320.881  
 0.0    321.015  
 40.0    321.148  
 0.0    321.281  
 36.75    321.415  
 0.0    321.548  
 33.5    321.682  
 0.0    321.815  
 30.25    321.949  
 0.0    322.082  
 27.0    322.215  
 0.0    322.349  
 23.75    322.482  
 0.0    322.616  
 20.5    322.749  
 0.0    322.883  
 17.25    323.016  
 0.0    323.149  
 14.0    323.283  
 0.0    323.416  
 10.75    323.55  
 0.0    323.683  
 7.5    323.816  
 0.0    323.95  
 4.25    324.083  
