 [4.0, 10.461538461538458, 16.307692307692299, 16.615384615384606]  
 [43.228, 43.767, 54.656, 65.009]  
 [43.911, 44.584, 55.205, 65.815]  
 [4.1538461538461542, 5.6923076923076916, 9.0769230769230731, 15.384615384615378]  
 [74.285, 84.908, 91.983, 93.615]  
 [74.833, 85.446, 92.53]  
 [7.5384615384615365, 8.6153846153846132, 11.846153846153841, 16.153846153846146]  
 [101.805, 109.447, 114.617, 117.08]  
 [94.581, 102.353, 109.995, 115.166, 117.618]  
 [7.9999999999999973, 12.153846153846148, 12.461538461538456, 13.384615384615378]  
 [133.965, 136.147, 136.695, 144.055]  
 [134.512, 136.695, 137.512, 144.737]  
 [5.5384615384615374, 11.846153846153841, 16.615384615384606, 18.307692307692299]  
 [153.626, 157.176, 166.17, 176.81]  
 [154.174, 157.714, 177.493]  
 [5.3846153846153841, 9.6923076923076881, 11.999999999999995, 12.153846153846148]  
 [192.621, 192.891, 197.258, 204.896]  
 [193.169, 197.805, 205.434]  
 [4.9230769230769225, 14.461538461538455, 17.846153846153836, 18.769230769230759]  
 [208.997, 211.72, 216.652, 234.688]  
 [209.536, 217.192, 235.371]  
 [5.2307692307692299, 6.6153846153846141, 8.3076923076923048, 15.538461538461531]  
 [244.824, 256.032, 259.586, 261.502]  
 [245.363, 256.716, 260.135, 262.041]  
 [5.0769230769230766, 13.230769230769225, 15.692307692307685, 17.076923076923066]  
 [269.443, 271.361, 275.735, 291.895]  
 [269.992, 271.765, 276.43, 292.579]  
 [4.7692307692307692, 12.461538461538456, 18.769230769230759, 18.923076923076913]  
 [294.376, 294.646, 307.241, 319.831]  
 [294.916, 307.791, 320.38]  
