 37.624    37.624  
 0.0    37.641  
 19.3846153846    37.776  
 0.0    37.91  
 19.5384615385    38.045  
 0.0    38.18  
 19.6923076923    38.324  
 0.0    38.459  
 19.8461538462    38.594  
 0.0    38.728  
 18.7692307692    38.862  
 0.0    38.997  
 18.9230769231    39.141  
 0.0    39.276  
 19.0769230769    39.411  
 0.0    39.546  
 19.2307692308    39.681  
 0.0    39.825  
 18.1538461538    39.96  
 0.0    40.095  
 18.3076923077    40.229  
 0.0    40.364  
 18.4615384615    40.508  
 0.0    40.643  
 18.6153846154    40.778  
 0.0    40.913  
 17.5384615385    41.047  
 0.0    41.182  
 17.6923076923    41.325  
 0.0    41.461  
 17.8461538462    41.595  
 0.0    41.73  
 18.0    41.864  
 0.0    41.999  
 16.9230769231    42.143  
 0.0    42.278  
 17.0769230769    42.413  
 0.0    42.547  
 17.2307692308    42.682  
 0.0    42.816  
 17.3846153846    42.961  
 0.0    43.095  
 16.3076923077    43.23  
 0.0    43.365  
 16.4615384615    43.499  
 0.0    43.634  
 16.6153846154    43.778  
 0.0    43.913  
 16.7692307692    44.048  
 0.0    44.182  
 15.6923076923    44.316  
 0.0    44.451  
 15.8461538462    44.595  
 0.0    44.73  
 16.0    44.864  
 0.0    44.999  
 16.1538461538    45.133  
 0.0    45.268  
 15.0769230769    45.413  
 0.0    45.547  
 15.2307692308    45.682  
 0.0    45.816  
 15.3846153846    45.95  
 0.0    46.085  
 15.5384615385    46.23  
 0.0    46.365  
 14.4615384615    46.499  
 0.0    46.633  
 14.6153846154    46.768  
 0.0    46.902  
 14.7692307692    47.036  
 0.0    47.18  
 14.9230769231    47.315  
 0.0    47.45  
 13.8461538462    47.584  
 0.0    47.718  
 14.0    47.853  
 0.0    47.998  
 14.1538461538    48.133  
 0.0    48.267  
 14.3076923077    48.401  
 0.0    48.536  
 13.2307692308    48.67  
 0.0    48.815  
 13.3846153846    48.95  
 0.0    49.084  
 13.5384615385    49.218  
 0.0    49.352  
 13.6923076923    49.487  
 0.0    49.621  
 12.6153846154    49.766  
 0.0    49.9  
 12.7692307692    50.035  
 0.0    50.169  
 12.9230769231    50.304  
 0.0    50.438  
 13.0769230769    50.583  
 0.0    50.717  
 12.0    50.852  
 0.0    50.986  
 12.1538461538    51.121  
 0.0    51.255  
 12.3076923077    51.389  
 0.0    51.534  
 12.4615384615    51.668  
 0.0    51.802  
 11.3846153846    51.937  
 0.0    52.071  
 11.5384615385    52.205  
 0.0    52.34  
 11.6923076923    52.484  
 0.0    52.619  
 11.8461538462    52.753  
 0.0    52.888  
 10.7692307692    53.022  
 0.0    53.156  
 10.9230769231    53.302  
 0.0    53.436  
 11.0769230769    53.572  
 0.0    53.707  
 11.2307692308    53.841  
 0.0    53.985  
 10.1538461538    54.12  
 0.0    54.255  
 10.3076923077    54.389  
 0.0    54.523  
 10.4615384615    54.658  
 0.0    54.803  
 10.6153846154    54.937  
 0.0    55.072  
 9.53846153846    55.207  
 0.0    55.341  
 9.69230769231    55.476  
 0.0    55.62  
 9.84615384615    55.755  
 0.0    55.889  
 10.0    56.024  
 0.0    56.158  
 8.92307692308    56.292  
 0.0    56.437  
 9.07692307692    56.572  
 0.0    56.707  
 9.23076923077    56.841  
 0.0    56.976  
 9.38461538462    57.11  
 0.0    57.255  
 8.30769230769    57.389  
 0.0    57.524  
 8.46153846154    57.658  
 0.0    57.792  
 8.61538461538    57.927  
 0.0    58.072  
 8.76923076923    58.206  
 0.0    58.341  
 7.69230769231    58.476  
 0.0    58.61  
 7.84615384615    58.745  
 0.0    58.889  
 8.0    59.023  
 0.0    59.157  
 8.15384615385    59.292  
 0.0    59.427  
 7.07692307692    59.562  
 0.0    59.706  
 7.23076923077    59.841  
 0.0    59.976  
 7.38461538462    60.11  
 0.0    60.245  
 7.53846153846    60.379  
 0.0    60.524  
 6.46153846154    60.658  
 0.0    60.792  
 6.61538461538    60.927  
 0.0    61.061  
 6.76923076923    61.195  
 0.0    61.33  
 6.92307692308    61.474  
 0.0    61.609  
 5.84615384615    61.743  
 0.0    61.878  
 6.0    62.012  
 0.0    62.146  
 6.15384615385    62.291  
 0.0    62.426  
 6.30769230769    62.561  
 0.0    62.695  
 5.23076923077    62.83  
 0.0    62.964  
 5.38461538462    63.109  
 0.0    63.243  
 5.53846153846    63.378  
 0.0    63.512  
 5.69230769231    63.647  
 0.0    63.781  
 4.61538461538    63.926  
 0.0    64.06  
 4.76923076923    64.195  
 0.0    64.329  
 4.92307692308    64.463  
 0.0    64.597  
 5.07692307692    64.732  
 0.0    64.877  
 4.0    65.011  
 0.0    65.146  
 4.15384615385    65.28  
 0.0    65.414  
 4.30769230769    65.549  
 0.0    65.683  
 4.46153846154    65.827  
 0.0    65.971  
 19.3846153846    66.111  
 0.0    66.246  
 19.5384615385    66.381  
 0.0    66.515  
 19.6923076923    66.65  
 0.0    66.795  
 19.8461538462    66.93  
 0.0    67.064  
 18.7692307692    67.199  
 0.0    67.333  
 18.9230769231    67.469  
 0.0    67.612  
 19.0769230769    67.747  
 0.0    67.881  
 19.2307692308    68.016  
 0.0    68.15  
 18.1538461538    68.285  
 0.0    68.429  
 18.3076923077    68.564  
 0.0    68.699  
 18.4615384615    68.833  
 0.0    68.968  
 18.6153846154    69.102  
 0.0    69.246  
 17.5384615385    69.381  
 0.0    69.516  
 17.6923076923    69.651  
 0.0    69.785  
 17.8461538462    69.92  
 0.0    70.064  
 18.0    70.199  
 0.0    70.334  
 16.9230769231    70.468  
 0.0    70.603  
 17.0769230769    70.748  
 0.0    70.882  
 17.2307692308    71.017  
 0.0    71.152  
 17.3846153846    71.286  
 0.0    71.431  
 16.3076923077    71.566  
 0.0    71.701  
 16.4615384615    71.835  
 0.0    71.97  
 16.6153846154    72.104  
 0.0    72.249  
 16.7692307692    72.384  
 0.0    72.518  
 15.6923076923    72.653  
 0.0    72.787  
 15.8461538462    72.921  
 0.0    73.066  
 16.0    73.201  
 0.0    73.335  
 16.1538461538    73.47  
 0.0    73.604  
 15.0769230769    73.739  
 0.0    73.883  
 15.2307692308    74.018  
 0.0    74.152  
 15.3846153846    74.287  
 0.0    74.421  
 15.5384615385    74.556  
 0.0    74.7  
 14.4615384615    74.835  
 0.0    74.97  
 14.6153846154    75.105  
 0.0    75.239  
 14.7692307692    75.373  
 0.0    75.518  
 14.9230769231    75.653  
 0.0    75.787  
 13.8461538462    75.922  
 0.0    76.056  
 14.0    76.191  
 0.0    76.333  
 14.1538461538    76.469  
 0.0    76.604  
 14.3076923077    76.738  
 0.0    76.872  
 13.2307692308    77.007  
 0.0    77.141  
 13.3846153846    77.286  
 0.0    77.42  
 13.5384615385    77.555  
 0.0    77.689  
 13.6923076923    77.824  
 0.0    77.958  
 12.6153846154    78.103  
 0.0    78.238  
 12.7692307692    78.372  
 0.0    78.507  
 12.9230769231    78.641  
 0.0    78.776  
 13.0769230769    78.92  
 0.0    79.055  
 12.0    79.19  
 0.0    79.324  
 12.1538461538    79.459  
 0.0    79.604  
 12.3076923077    79.739  
 0.0    79.874  
 12.4615384615    80.008  
 0.0    80.143  
 11.3846153846    80.288  
 0.0    80.423  
 11.5384615385    80.557  
 0.0    80.692  
 11.6923076923    80.826  
 0.0    80.961  
 11.8461538462    81.105  
 0.0    81.24  
 10.7692307692    81.374  
 0.0    81.509  
 10.9230769231    81.643  
 0.0    81.778  
 11.0769230769    81.922  
 0.0    82.057  
 11.2307692308    82.192  
 0.0    82.326  
 10.1538461538    82.461  
 0.0    82.595  
 10.3076923077    82.74  
 0.0    82.874  
 10.4615384615    83.009  
 0.0    83.143  
 10.6153846154    83.277  
 0.0    83.412  
 9.53846153846    83.546  
 0.0    83.69  
 9.69230769231    83.825  
 0.0    83.959  
 9.84615384615    84.093  
 0.0    84.228  
 10.0    84.362  
 0.0    84.497  
 8.92307692308    84.641  
 0.0    84.775  
 9.07692307692    84.91  
 0.0    85.044  
 9.23076923077    85.179  
 0.0    85.313  
 9.38461538462    85.448  
 0.0    85.592  
 8.30769230769    85.726  
 0.0    85.861  
 8.46153846154    85.996  
 0.0    86.131  
 8.61538461538    86.276  
 0.0    86.41  
 8.76923076923    86.545  
 0.0    86.679  
 7.69230769231    86.814  
 0.0    86.948  
 7.84615384615    87.093  
 0.0    87.227  
 8.0    87.362  
 0.0    87.496  
 8.15384615385    87.631  
 0.0    87.765  
 7.07692307692    87.899  
 0.0    88.043  
 7.23076923077    88.178  
 0.0    88.312  
 7.38461538462    88.447  
 0.0    88.581  
 7.53846153846    88.716  
 0.0    88.861  
 6.46153846154    88.996  
 0.0    89.13  
 6.61538461538    89.264  
 0.0    89.399  
 6.76923076923    89.533  
 0.0    89.678  
 6.92307692308    89.813  
 0.0    89.947  
 5.84615384615    90.082  
 0.0    90.216  
 6.0    90.35  
 0.0    90.495  
 6.15384615385    90.63  
 0.0    90.764  
 6.30769230769    90.899  
 0.0    91.033  
 5.23076923077    91.168  
 0.0    91.313  
 5.38461538462    91.447  
 0.0    91.581  
 5.53846153846    91.716  
 0.0    91.85  
 5.69230769231    91.985  
 0.0    92.119  
 4.61538461538    92.263  
 0.0    92.398  
 4.76923076923    92.532  
 0.0    92.667  
 4.92307692308    92.801  
 0.0    92.935  
 5.07692307692    93.07  
 0.0    93.214  
 4.0    93.348  
 0.0    93.483  
 4.15384615385    93.617  
 0.0    93.751  
 4.30769230769    93.886  
 0.0    94.02  
 4.46153846154    94.165  
 0.0    94.307  
 19.3846153846    94.448  
 0.0    94.583  
 19.5384615385    94.717  
 0.0    94.852  
 19.6923076923    94.986  
 0.0    95.121  
 19.8461538462    95.265  
 0.0    95.4  
 18.7692307692    95.535  
 0.0    95.67  
 18.9230769231    95.805  
 0.0    95.949  
 19.0769230769    96.084  
 0.0    96.219  
 19.2307692308    96.353  
 0.0    96.488  
 18.1538461538    96.633  
 0.0    96.768  
 18.3076923077    96.903  
 0.0    97.037  
 18.4615384615    97.172  
 0.0    97.317  
 18.6153846154    97.452  
 0.0    97.586  
 17.5384615385    97.721  
 0.0    97.855  
 17.6923076923    97.99  
 0.0    98.134  
 17.8461538462    98.269  
 0.0    98.403  
 18.0    98.538  
 0.0    98.673  
 16.9230769231    98.807  
 0.0    98.951  
 17.0769230769    99.086  
 0.0    99.22  
 17.2307692308    99.355  
 0.0    99.489  
 17.3846153846    99.624  
 0.0    99.769  
 16.3076923077    99.904  
 0.0    100.038  
 16.4615384615    100.172  
 0.0    100.307  
 16.6153846154    100.442  
 0.0    100.586  
 16.7692307692    100.721  
 0.0    100.855  
 15.6923076923    100.99  
 0.0    101.124  
 15.8461538462    101.259  
 0.0    101.403  
 16.0    101.538  
 0.0    101.673  
 16.1538461538    101.807  
 0.0    101.941  
 15.0769230769    102.076  
 0.0    102.22  
 15.2307692308    102.355  
 0.0    102.491  
 15.3846153846    102.625  
 0.0    102.76  
 15.5384615385    102.904  
 0.0    103.039  
 14.4615384615    103.174  
 0.0    103.308  
 14.6153846154    103.443  
 0.0    103.588  
 14.7692307692    103.723  
 0.0    103.858  
 14.9230769231    103.993  
 0.0    104.128  
 13.8461538462    104.272  
 0.0    104.407  
 14.0    104.542  
 0.0    104.676  
 14.1538461538    104.811  
 0.0    104.956  
 14.3076923077    105.09  
 0.0    105.225  
 13.2307692308    105.359  
 0.0    105.494  
 13.3846153846    105.628  
 0.0    105.773  
 13.5384615385    105.908  
 0.0    106.042  
 13.6923076923    106.177  
 0.0    106.311  
 12.6153846154    106.446  
 0.0    106.59  
 12.7692307692    106.725  
 0.0    106.86  
 12.9230769231    106.995  
 0.0    107.129  
 13.0769230769    107.274  
 0.0    107.409  
 12.0    107.544  
 0.0    107.678  
 12.1538461538    107.813  
 0.0    107.958  
 12.3076923077    108.093  
 0.0    108.227  
 12.4615384615    108.361  
 0.0    108.496  
 11.3846153846    108.63  
 0.0    108.775  
 11.5384615385    108.91  
 0.0    109.045  
 11.6923076923    109.18  
 0.0    109.314  
 11.8461538462    109.459  
 0.0    109.594  
 10.7692307692    109.728  
 0.0    109.862  
 10.9230769231    109.997  
 0.0    110.131  
 11.0769230769    110.265  
 0.0    110.41  
 11.2307692308    110.545  
 0.0    110.679  
 10.1538461538    110.813  
 0.0    110.948  
 10.3076923077    111.082  
 0.0    111.227  
 10.4615384615    111.362  
 0.0    111.496  
 10.6153846154    111.63  
 0.0    111.764  
 9.53846153846    111.899  
 0.0    112.033  
 9.69230769231    112.178  
 0.0    112.312  
 9.84615384615    112.447  
 0.0    112.581  
 10.0    112.716  
 0.0    112.85  
 8.92307692308    112.995  
 0.0    113.13  
 9.07692307692    113.264  
 0.0    113.399  
 9.23076923077    113.533  
 0.0    113.667  
 9.38461538462    113.812  
 0.0    113.947  
 8.30769230769    114.081  
 0.0    114.216  
 8.46153846154    114.35  
 0.0    114.485  
 8.61538461538    114.629  
 0.0    114.764  
 8.76923076923    114.9  
 0.0    115.034  
 7.69230769231    115.168  
 0.0    115.313  
 7.84615384615    115.448  
 0.0    115.582  
 8.0    115.717  
 0.0    115.851  
 8.15384615385    115.986  
 0.0    116.131  
 7.07692307692    116.265  
 0.0    116.4  
 7.23076923077    116.534  
 0.0    116.668  
 7.38461538462    116.803  
 0.0    116.948  
 7.53846153846    117.083  
 0.0    117.217  
 6.46153846154    117.351  
 0.0    117.486  
 6.61538461538    117.62  
 0.0    117.765  
 6.76923076923    117.9  
 0.0    118.034  
 6.92307692308    118.168  
 0.0    118.303  
 5.84615384615    118.438  
 0.0    118.582  
 6.0    118.717  
 0.0    118.851  
 6.15384615385    118.986  
 0.0    119.12  
 6.30769230769    119.255  
 0.0    119.4  
 5.23076923077    119.534  
 0.0    119.669  
 5.38461538462    119.804  
 0.0    119.938  
 5.53846153846    120.072  
 0.0    120.217  
 5.69230769231    120.352  
 0.0    120.486  
 4.61538461538    120.621  
 0.0    120.755  
 4.76923076923    120.89  
 0.0    121.034  
 4.92307692308    121.169  
 0.0    121.303  
 5.07692307692    121.437  
 0.0    121.572  
 4.0    121.707  
 0.0    121.852  
 4.15384615385    121.986  
 0.0    122.121  
 4.30769230769    122.255  
 0.0    122.39  
 4.46153846154    122.524  
 0.0    122.67  
 19.3846153846    122.804  
 0.0    122.939  
 19.5384615385    123.073  
 0.0    123.208  
 19.6923076923    123.351  
 0.0    123.487  
 19.8461538462    123.622  
 0.0    123.756  
 18.7692307692    123.891  
 0.0    124.025  
 18.9230769231    124.17  
 0.0    124.305  
 19.0769230769    124.439  
 0.0    124.574  
 19.2307692308    124.708  
 0.0    124.843  
 18.1538461538    124.987  
 0.0    125.121  
 18.3076923077    125.256  
 0.0    125.39  
 18.4615384615    125.525  
 0.0    125.659  
 18.6153846154    125.794  
 0.0    125.938  
 17.5384615385    126.072  
 0.0    126.207  
 17.6923076923    126.341  
 0.0    126.476  
 17.8461538462    126.61  
 0.0    126.755  
 18.0    126.89  
 0.0    127.024  
 16.9230769231    127.159  
 0.0    127.293  
 17.0769230769    127.428  
 0.0    127.572  
 17.2307692308    127.707  
 0.0    127.841  
 17.3846153846    127.976  
 0.0    128.11  
 16.3076923077    128.245  
 0.0    128.389  
 16.4615384615    128.525  
 0.0    128.659  
 16.6153846154    128.794  
 0.0    128.928  
 16.7692307692    129.062  
 0.0    129.207  
 15.6923076923    129.341  
 0.0    129.476  
 15.8461538462    129.61  
 0.0    129.745  
 16.0    129.879  
 0.0    130.024  
 16.1538461538    130.159  
 0.0    130.294  
 15.0769230769    130.429  
 0.0    130.563  
 15.2307692308    130.708  
 0.0    130.842  
 15.3846153846    130.977  
 0.0    131.111  
 15.5384615385    131.246  
 0.0    131.381  
 14.4615384615    131.525  
 0.0    131.66  
 14.6153846154    131.794  
 0.0    131.929  
 14.7692307692    132.063  
 0.0    132.198  
 14.9230769231    132.342  
 0.0    132.477  
 13.8461538462    132.612  
 0.0    132.746  
 14.0    132.881  
 0.0    133.015  
 14.1538461538    133.16  
 0.0    133.294  
 14.3076923077    133.429  
 0.0    133.563  
 13.2307692308    133.698  
 0.0    133.832  
 13.3846153846    133.977  
 0.0    134.111  
 13.5384615385    134.246  
 0.0    134.38  
 13.6923076923    134.514  
 0.0    134.649  
 12.6153846154    134.783  
 0.0    134.928  
 12.7692307692    135.062  
 0.0    135.196  
 12.9230769231    135.331  
 0.0    135.466  
 13.0769230769    135.6  
 0.0    135.745  
 12.0    135.88  
 0.0    136.014  
 12.1538461538    136.149  
 0.0    136.283  
 12.3076923077    136.417  
 0.0    136.562  
 12.4615384615    136.697  
 0.0    136.831  
 11.3846153846    136.966  
 0.0    137.1  
 11.5384615385    137.235  
 0.0    137.379  
 11.6923076923    137.514  
 0.0    137.649  
 11.8461538462    137.783  
 0.0    137.917  
 10.7692307692    138.052  
 0.0    138.195  
 10.9230769231    138.331  
 0.0    138.465  
 11.0769230769    138.599  
 0.0    138.734  
 11.2307692308    138.868  
 0.0    139.003  
 10.1538461538    139.147  
 0.0    139.282  
 10.3076923077    139.417  
 0.0    139.551  
 10.4615384615    139.686  
 0.0    139.82  
 10.6153846154    139.965  
 0.0    140.099  
 9.53846153846    140.234  
 0.0    140.369  
 9.69230769231    140.503  
 0.0    140.649  
 9.84615384615    140.783  
 0.0    140.918  
 10.0    141.053  
 0.0    141.188  
 8.92307692308    141.332  
 0.0    141.467  
 9.07692307692    141.602  
 0.0    141.737  
 9.23076923077    141.872  
 0.0    142.016  
 9.38461538462    142.151  
 0.0    142.286  
 8.30769230769    142.42  
 0.0    142.555  
 8.46153846154    142.7  
 0.0    142.835  
 8.61538461538    142.969  
 0.0    143.104  
 8.76923076923    143.239  
 0.0    143.373  
 7.69230769231    143.517  
 0.0    143.652  
 7.84615384615    143.787  
 0.0    143.921  
 8.0    144.057  
 0.0    144.201  
 8.15384615385    144.336  
 0.0    144.47  
 7.07692307692    144.605  
 0.0    144.739  
 7.23076923077    144.874  
 0.0    145.018  
 7.38461538462    145.153  
 0.0    145.288  
 7.53846153846    145.423  
 0.0    145.558  
 6.46153846154    145.702  
 0.0    145.837  
 6.61538461538    145.972  
 0.0    146.106  
 6.76923076923    146.241  
 0.0    146.386  
 6.92307692308    146.52  
 0.0    146.655  
 5.84615384615    146.789  
 0.0    146.936  
 6.0    147.071  
 0.0    147.206  
 6.15384615385    147.34  
 0.0    147.475  
 6.30769230769    147.609  
 0.0    147.754  
 5.23076923077    147.888  
 0.0    148.023  
 5.38461538462    148.159  
 0.0    148.293  
 5.53846153846    148.438  
 0.0    148.572  
 5.69230769231    148.707  
 0.0    148.842  
 4.61538461538    148.977  
 0.0    149.121  
 4.76923076923    149.256  
 0.0    149.39  
 4.92307692308    149.526  
 0.0    149.66  
 5.07692307692    149.804  
 0.0    149.94  
 4.0    150.074  
 0.0    150.209  
 4.15384615385    150.343  
 0.0    150.478  
 4.30769230769    150.622  
 0.0    150.757  
 4.46153846154    150.891  
 0.0    151.038  
 19.3846153846    151.174  
 0.0    151.309  
 19.5384615385    151.443  
 0.0    151.578  
 19.6923076923    151.713  
 0.0    151.857  
 19.8461538462    151.991  
 0.0    152.126  
 18.7692307692    152.26  
 0.0    152.395  
 18.9230769231    152.529  
 0.0    152.674  
 19.0769230769    152.809  
 0.0    152.943  
 19.2307692308    153.078  
 0.0    153.213  
 18.1538461538    153.358  
 0.0    153.493  
 18.3076923077    153.628  
 0.0    153.762  
 18.4615384615    153.897  
 0.0    154.041  
 18.6153846154    154.176  
 0.0    154.311  
 17.5384615385    154.445  
 0.0    154.58  
 17.6923076923    154.714  
 0.0    154.859  
 17.8461538462    154.993  
 0.0    155.128  
 18.0    155.263  
 0.0    155.397  
 16.9230769231    155.543  
 0.0    155.678  
 17.0769230769    155.813  
 0.0    155.948  
 17.2307692308    156.082  
 0.0    156.226  
 17.3846153846    156.361  
 0.0    156.496  
 16.3076923077    156.63  
 0.0    156.765  
 16.4615384615    156.899  
 0.0    157.044  
 16.6153846154    157.178  
 0.0    157.313  
 16.7692307692    157.447  
 0.0    157.582  
 15.6923076923    157.716  
 0.0    157.861  
 15.8461538462    157.996  
 0.0    158.13  
 16.0    158.265  
 0.0    158.399  
 16.1538461538    158.534  
 0.0    158.678  
 15.0769230769    158.813  
 0.0    158.947  
 15.2307692308    159.082  
 0.0    159.216  
 15.3846153846    159.351  
 0.0    159.495  
 15.5384615385    159.63  
 0.0    159.765  
 14.4615384615    159.899  
 0.0    160.034  
 14.6153846154    160.168  
 0.0    160.313  
 14.7692307692    160.447  
 0.0    160.582  
 14.9230769231    160.716  
 0.0    160.851  
 13.8461538462    160.986  
 0.0    161.13  
 14.0    161.265  
 0.0    161.399  
 14.1538461538    161.534  
 0.0    161.668  
 14.3076923077    161.803  
 0.0    161.947  
 13.2307692308    162.082  
 0.0    162.216  
 13.3846153846    162.351  
 0.0    162.485  
 13.5384615385    162.62  
 0.0    162.764  
 13.6923076923    162.899  
 0.0    163.034  
 12.6153846154    163.168  
 0.0    163.302  
 12.7692307692    163.437  
 0.0    163.582  
 12.9230769231    163.717  
 0.0    163.851  
 13.0769230769    163.986  
 0.0    164.121  
 12.0    164.266  
 0.0    164.4  
 12.1538461538    164.535  
 0.0    164.67  
 12.3076923077    164.805  
 0.0    164.949  
 12.4615384615    165.084  
 0.0    165.219  
 11.3846153846    165.354  
 0.0    165.489  
 11.5384615385    165.633  
 0.0    165.768  
 11.6923076923    165.903  
 0.0    166.037  
 11.8461538462    166.172  
 0.0    166.306  
 10.7692307692    166.45  
 0.0    166.585  
 10.9230769231    166.719  
 0.0    166.855  
 11.0769230769    166.99  
 0.0    167.134  
 11.2307692308    167.269  
 0.0    167.404  
 10.1538461538    167.538  
 0.0    167.673  
 10.3076923077    167.818  
 0.0    167.953  
 10.4615384615    168.088  
 0.0    168.222  
 10.6153846154    168.357  
 0.0    168.491  
 9.53846153846    168.635  
 0.0    168.77  
 9.69230769231    168.904  
 0.0    169.039  
 9.84615384615    169.173  
 0.0    169.308  
 10.0    169.453  
 0.0    169.587  
 8.92307692308    169.722  
 0.0    169.856  
 9.07692307692    169.991  
 0.0    170.125  
 9.23076923077    170.27  
 0.0    170.405  
 9.38461538462    170.539  
 0.0    170.674  
 8.30769230769    170.808  
 0.0    170.943  
 8.46153846154    171.087  
 0.0    171.222  
 8.61538461538    171.356  
 0.0    171.491  
 8.76923076923    171.625  
 0.0    171.76  
 7.69230769231    171.905  
 0.0    172.039  
 7.84615384615    172.173  
 0.0    172.308  
 8.0    172.442  
 0.0    172.577  
 8.15384615385    172.722  
 0.0    172.856  
 7.07692307692    172.991  
 0.0    173.126  
 7.23076923077    173.26  
 0.0    173.406  
 7.38461538462    173.54  
 0.0    173.675  
 7.53846153846    173.81  
 0.0    173.945  
 6.46153846154    174.089  
 0.0    174.224  
 6.61538461538    174.359  
 0.0    174.493  
 6.76923076923    174.628  
 0.0    174.762  
 6.92307692308    174.907  
 0.0    175.041  
 5.84615384615    175.176  
 0.0    175.31  
 6.0    175.444  
 0.0    175.579  
 6.15384615385    175.724  
 0.0    175.859  
 6.30769230769    175.994  
 0.0    176.128  
 5.23076923077    176.263  
 0.0    176.408  
 5.38461538462    176.543  
 0.0    176.677  
 5.53846153846    176.811  
 0.0    176.946  
 5.69230769231    177.08  
 0.0    177.225  
 4.61538461538    177.36  
 0.0    177.495  
 4.76923076923    177.63  
 0.0    177.764  
 4.92307692308    177.909  
 0.0    178.043  
 5.07692307692    178.178  
 0.0    178.312  
 4.0    178.447  
 0.0    178.581  
 4.15384615385    178.726  
 0.0    178.861  
 4.30769230769    178.995  
 0.0    179.13  
 4.46153846154    179.264  
 0.0    179.41  
 19.3846153846    179.545  
 0.0    179.679  
 19.5384615385    179.814  
 0.0    179.948  
 19.6923076923    180.083  
 0.0    180.227  
 19.8461538462    180.362  
 0.0    180.497  
 18.7692307692    180.631  
 0.0    180.766  
 18.9230769231    180.911  
 0.0    181.046  
 19.0769230769    181.181  
 0.0    181.315  
 19.2307692308    181.45  
 0.0    181.584  
 18.1538461538    181.728  
 0.0    181.863  
 18.3076923077    181.997  
 0.0    182.132  
 18.4615384615    182.267  
 0.0    182.401  
 18.6153846154    182.546  
 0.0    182.68  
 17.5384615385    182.815  
 0.0    182.95  
 17.6923076923    183.084  
 0.0    183.229  
 17.8461538462    183.364  
 0.0    183.498  
 18.0    183.633  
 0.0    183.768  
 16.9230769231    183.903  
 0.0    184.047  
 17.0769230769    184.182  
 0.0    184.316  
 17.2307692308    184.451  
 0.0    184.585  
 17.3846153846    184.72  
 0.0    184.864  
 16.3076923077    184.998  
 0.0    185.133  
 16.4615384615    185.268  
 0.0    185.402  
 16.6153846154    185.537  
 0.0    185.681  
 16.7692307692    185.816  
 0.0    185.951  
 15.6923076923    186.086  
 0.0    186.22  
 15.8461538462    186.354  
 0.0    186.498  
 16.0    186.633  
 0.0    186.768  
 16.1538461538    186.902  
 0.0    187.037  
 15.0769230769    187.172  
 0.0    187.316  
 15.2307692308    187.451  
 0.0    187.585  
 15.3846153846    187.72  
 0.0    187.854  
 15.5384615385    187.989  
 0.0    188.133  
 14.4615384615    188.268  
 0.0    188.403  
 14.6153846154    188.537  
 0.0    188.672  
 14.7692307692    188.806  
 0.0    188.95  
 14.9230769231    189.085  
 0.0    189.219  
 13.8461538462    189.354  
 0.0    189.488  
 14.0    189.623  
 0.0    189.767  
 14.1538461538    189.902  
 0.0    190.037  
 14.3076923077    190.171  
 0.0    190.306  
 13.2307692308    190.44  
 0.0    190.585  
 13.3846153846    190.72  
 0.0    190.854  
 13.5384615385    190.989  
 0.0    191.123  
 13.6923076923    191.258  
 0.0    191.402  
 12.6153846154    191.537  
 0.0    191.672  
 12.7692307692    191.806  
 0.0    191.94  
 12.9230769231    192.075  
 0.0    192.219  
 13.0769230769    192.354  
 0.0    192.489  
 12.0    192.623  
 0.0    192.758  
 12.1538461538    192.892  
 0.0    193.036  
 12.3076923077    193.171  
 0.0    193.306  
 12.4615384615    193.44  
 0.0    193.575  
 11.3846153846    193.709  
 0.0    193.854  
 11.5384615385    193.989  
 0.0    194.123  
 11.6923076923    194.258  
 0.0    194.392  
 11.8461538462    194.527  
 0.0    194.671  
 10.7692307692    194.806  
 0.0    194.94  
 10.9230769231    195.074  
 0.0    195.209  
 11.0769230769    195.344  
 0.0    195.488  
 11.2307692308    195.623  
 0.0    195.759  
 10.1538461538    195.894  
 0.0    196.039  
 10.3076923077    196.173  
 0.0    196.308  
 10.4615384615    196.442  
 0.0    196.577  
 10.6153846154    196.711  
 0.0    196.856  
 9.53846153846    196.99  
 0.0    197.125  
 9.69230769231    197.26  
 0.0    197.394  
 9.84615384615    197.528  
 0.0    197.672  
 10.0    197.808  
 0.0    197.943  
 8.92307692308    198.077  
 0.0    198.212  
 9.07692307692    198.346  
 0.0    198.491  
 9.23076923077    198.625  
 0.0    198.759  
 9.38461538462    198.894  
 0.0    199.029  
 8.30769230769    199.164  
 0.0    199.308  
 8.46153846154    199.443  
 0.0    199.578  
 8.61538461538    199.713  
 0.0    199.847  
 8.76923076923    199.992  
 0.0    200.126  
 7.69230769231    200.261  
 0.0    200.396  
 7.84615384615    200.531  
 0.0    200.676  
 8.0    200.81  
 0.0    200.945  
 8.15384615385    201.08  
 0.0    201.214  
 7.07692307692    201.359  
 0.0    201.494  
 7.23076923077    201.629  
 0.0    201.763  
 7.38461538462    201.898  
 0.0    202.032  
 7.53846153846    202.176  
 0.0    202.311  
 6.46153846154    202.445  
 0.0    202.58  
 6.61538461538    202.715  
 0.0    202.849  
 6.76923076923    202.994  
 0.0    203.129  
 6.92307692308    203.263  
 0.0    203.398  
 5.84615384615    203.532  
 0.0    203.667  
 6.0    203.811  
 0.0    203.946  
 6.15384615385    204.081  
 0.0    204.215  
 6.30769230769    204.35  
 0.0    204.484  
 5.23076923077    204.628  
 0.0    204.763  
 5.38461538462    204.898  
 0.0    205.032  
 5.53846153846    205.167  
 0.0    205.301  
 5.69230769231    205.446  
 0.0    205.58  
 4.61538461538    205.715  
 0.0    205.849  
 4.76923076923    205.984  
 0.0    206.118  
 4.92307692308    206.263  
 0.0    206.397  
 5.07692307692    206.532  
 0.0    206.667  
 4.0    206.801  
 0.0    206.936  
 4.15384615385    207.08  
 0.0    207.215  
 4.30769230769    207.35  
 0.0    207.484  
 4.46153846154    207.619  
 0.0    207.766  
 19.3846153846    207.901  
 0.0    208.036  
 19.5384615385    208.181  
 0.0    208.316  
 19.6923076923    208.451  
 0.0    208.586  
 19.8461538462    208.72  
 0.0    208.865  
 18.7692307692    209.0  
 0.0    209.134  
 18.9230769231    209.269  
 0.0    209.403  
 19.0769230769    209.538  
 0.0    209.682  
 19.2307692308    209.817  
 0.0    209.951  
 18.1538461538    210.086  
 0.0    210.221  
 18.3076923077    210.366  
 0.0    210.5  
 18.4615384615    210.635  
 0.0    210.77  
 18.6153846154    210.904  
 0.0    211.039  
 17.5384615385    211.183  
 0.0    211.318  
 17.6923076923    211.452  
 0.0    211.587  
 17.8461538462    211.722  
 0.0    211.867  
 18.0    212.003  
 0.0    212.137  
 16.9230769231    212.272  
 0.0    212.407  
 17.0769230769    212.551  
 0.0    212.685  
 17.2307692308    212.82  
 0.0    212.955  
 17.3846153846    213.09  
 0.0    213.235  
 16.3076923077    213.369  
 0.0    213.504  
 16.4615384615    213.639  
 0.0    213.774  
 16.6153846154    213.918  
 0.0    214.053  
 16.7692307692    214.188  
 0.0    214.323  
 15.6923076923    214.457  
 0.0    214.602  
 15.8461538462    214.737  
 0.0    214.872  
 16.0    215.006  
 0.0    215.141  
 16.1538461538    215.286  
 0.0    215.422  
 15.0769230769    215.557  
 0.0    215.692  
 15.2307692308    215.837  
 0.0    215.971  
 15.3846153846    216.106  
 0.0    216.241  
 15.5384615385    216.376  
 0.0    216.519  
 14.4615384615    216.655  
 0.0    216.79  
 14.6153846154    216.925  
 0.0    217.059  
 14.7692307692    217.204  
 0.0    217.339  
 14.9230769231    217.473  
 0.0    217.608  
 13.8461538462    217.743  
 0.0    217.877  
 14.0    218.021  
 0.0    218.156  
 14.1538461538    218.291  
 0.0    218.426  
 14.3076923077    218.561  
 0.0    218.705  
 13.2307692308    218.841  
 0.0    218.976  
 13.3846153846    219.111  
 0.0    219.256  
 13.5384615385    219.39  
 0.0    219.525  
 13.6923076923    219.66  
 0.0    219.794  
 12.6153846154    219.929  
 0.0    220.073  
 12.7692307692    220.208  
 0.0    220.343  
 12.9230769231    220.478  
 0.0    220.612  
 13.0769230769    220.757  
 0.0    220.892  
 12.0    221.027  
 0.0    221.162  
 12.1538461538    221.297  
 0.0    221.441  
 12.3076923077    221.576  
 0.0    221.711  
 12.4615384615    221.846  
 0.0    221.98  
 11.3846153846    222.123  
 0.0    222.259  
 11.5384615385    222.394  
 0.0    222.529  
 11.6923076923    222.664  
 0.0    222.808  
 11.8461538462    222.943  
 0.0    223.078  
 10.7692307692    223.213  
 0.0    223.347  
 10.9230769231    223.492  
 0.0    223.626  
 11.0769230769    223.761  
 0.0    223.896  
 11.2307692308    224.031  
 0.0    224.176  
 10.1538461538    224.311  
 0.0    224.446  
 10.3076923077    224.581  
 0.0    224.716  
 10.4615384615    224.86  
 0.0    224.994  
 10.6153846154    225.129  
 0.0    225.264  
 9.53846153846    225.398  
 0.0    225.543  
 9.69230769231    225.679  
 0.0    225.813  
 9.84615384615    225.948  
 0.0    226.082  
 10.0    226.227  
 0.0    226.362  
 8.92307692308    226.497  
 0.0    226.632  
 9.07692307692    226.767  
 0.0    226.911  
 9.23076923077    227.046  
 0.0    227.181  
 9.38461538462    227.316  
 0.0    227.451  
 8.30769230769    227.595  
 0.0    227.73  
 8.46153846154    227.865  
 0.0    228.0  
 8.61538461538    228.135  
 0.0    228.277  
 8.76923076923    228.414  
 0.0    228.549  
 7.69230769231    228.684  
 0.0    228.818  
 7.84615384615    228.963  
 0.0    229.098  
 8.0    229.233  
 0.0    229.368  
 8.15384615385    229.502  
 0.0    229.646  
 7.07692307692    229.781  
 0.0    229.916  
 7.23076923077    230.05  
 0.0    230.185  
 7.38461538462    230.319  
 0.0    230.464  
 7.53846153846    230.6  
 0.0    230.734  
 6.46153846154    230.869  
 0.0    231.014  
 6.61538461538    231.149  
 0.0    231.284  
 6.76923076923    231.419  
 0.0    231.554  
 6.92307692308    231.698  
 0.0    231.833  
 5.84615384615    231.967  
 0.0    232.102  
 6.0    232.237  
 0.0    232.371  
 6.15384615385    232.515  
 0.0    232.65  
 6.30769230769    232.785  
 0.0    232.92  
 5.23076923077    233.054  
 0.0    233.199  
 5.38461538462    233.334  
 0.0    233.468  
 5.53846153846    233.603  
 0.0    233.738  
 5.69230769231    233.872  
 0.0    234.016  
 4.61538461538    234.151  
 0.0    234.286  
 4.76923076923    234.42  
 0.0    234.555  
 4.92307692308    234.689  
 0.0    234.834  
 5.07692307692    234.968  
 0.0    235.103  
 4.0    235.238  
 0.0    235.373  
 4.15384615385    235.516  
 0.0    235.652  
 4.30769230769    235.787  
 0.0    235.921  
 4.46153846154    236.056  
 0.0    236.205  
 19.3846153846    236.339  
 0.0    236.474  
 19.5384615385    236.618  
 0.0    236.753  
 19.6923076923    236.888  
 0.0    237.023  
 19.8461538462    237.158  
 0.0    237.302  
 18.7692307692    237.437  
 0.0    237.572  
 18.9230769231    237.707  
 0.0    237.842  
 19.0769230769    237.986  
 0.0    238.121  
 19.2307692308    238.256  
 0.0    238.39  
 18.1538461538    238.526  
 0.0    238.67  
 18.3076923077    238.805  
 0.0    238.939  
 18.4615384615    239.074  
 0.0    239.209  
 18.6153846154    239.354  
 0.0    239.488  
 17.5384615385    239.623  
 0.0    239.758  
 17.6923076923    239.893  
 0.0    240.037  
 17.8461538462    240.172  
 0.0    240.307  
 18.0    240.443  
 0.0    240.586  
 16.9230769231    240.723  
 0.0    240.858  
 17.0769230769    240.993  
 0.0    241.128  
 17.2307692308    241.272  
 0.0    241.406  
 17.3846153846    241.542  
 0.0    241.676  
 16.3076923077    241.811  
 0.0    241.955  
 16.4615384615    242.09  
 0.0    242.225  
 16.6153846154    242.36  
 0.0    242.495  
 16.7692307692    242.639  
 0.0    242.775  
 15.6923076923    242.91  
 0.0    243.044  
 15.8461538462    243.179  
 0.0    243.323  
 16.0    243.458  
 0.0    243.592  
 16.1538461538    243.728  
 0.0    243.863  
 15.0769230769    244.007  
 0.0    244.142  
 15.2307692308    244.277  
 0.0    244.411  
 15.3846153846    244.546  
 0.0    244.691  
 15.5384615385    244.826  
 0.0    244.96  
 14.4615384615    245.095  
 0.0    245.23  
 14.6153846154    245.375  
 0.0    245.511  
 14.7692307692    245.646  
 0.0    245.78  
 14.9230769231    245.925  
 0.0    246.06  
 13.8461538462    246.194  
 0.0    246.329  
 14.0    246.463  
 0.0    246.598  
 14.1538461538    246.742  
 0.0    246.877  
 14.3076923077    247.012  
 0.0    247.146  
 13.2307692308    247.281  
 0.0    247.426  
 13.3846153846    247.561  
 0.0    247.696  
 13.5384615385    247.83  
 0.0    247.965  
 13.6923076923    248.11  
 0.0    248.244  
 12.6153846154    248.379  
 0.0    248.514  
 12.7692307692    248.649  
 0.0    248.783  
 12.9230769231    248.927  
 0.0    249.062  
 13.0769230769    249.196  
 0.0    249.331  
 12.0    249.466  
 0.0    249.611  
 12.1538461538    249.746  
 0.0    249.881  
 12.3076923077    250.016  
 0.0    250.151  
 12.4615384615    250.295  
 0.0    250.43  
 11.3846153846    250.565  
 0.0    250.699  
 11.5384615385    250.834  
 0.0    250.979  
 11.6923076923    251.114  
 0.0    251.249  
 11.8461538462    251.384  
 0.0    251.518  
 10.7692307692    251.661  
 0.0    251.797  
 10.9230769231    251.932  
 0.0    252.066  
 11.0769230769    252.201  
 0.0    252.336  
 11.2307692308    252.48  
 0.0    252.615  
 10.1538461538    252.749  
 0.0    252.884  
 10.3076923077    253.019  
 0.0    253.164  
 10.4615384615    253.298  
 0.0    253.433  
 10.6153846154    253.568  
 0.0    253.703  
 9.53846153846    253.847  
 0.0    253.982  
 9.69230769231    254.117  
 0.0    254.252  
 9.84615384615    254.386  
 0.0    254.531  
 10.0    254.666  
 0.0    254.801  
 8.92307692308    254.936  
 0.0    255.071  
 9.07692307692    255.215  
 0.0    255.35  
 9.23076923077    255.485  
 0.0    255.62  
 9.38461538462    255.755  
 0.0    255.899  
 8.30769230769    256.034  
 0.0    256.168  
 8.46153846154    256.303  
 0.0    256.438  
 8.61538461538    256.583  
 0.0    256.718  
 8.76923076923    256.853  
 0.0    256.987  
 7.69230769231    257.123  
 0.0    257.267  
 7.84615384615    257.401  
 0.0    257.536  
 8.0    257.671  
 0.0    257.805  
 8.15384615385    257.95  
 0.0    258.085  
 7.07692307692    258.22  
 0.0    258.354  
 7.23076923077    258.489  
 0.0    258.634  
 7.38461538462    258.769  
 0.0    258.904  
 7.53846153846    259.038  
 0.0    259.173  
 6.46153846154    259.318  
 0.0    259.453  
 6.61538461538    259.588  
 0.0    259.723  
 6.76923076923    259.858  
 0.0    260.002  
 6.92307692308    260.137  
 0.0    260.272  
 5.84615384615    260.406  
 0.0    260.541  
 6.0    260.686  
 0.0    260.821  
 6.15384615385    260.955  
 0.0    261.09  
 6.30769230769    261.225  
 0.0    261.37  
 5.23076923077    261.504  
 0.0    261.639  
 5.38461538462    261.774  
 0.0    261.909  
 5.53846153846    262.053  
 0.0    262.188  
 5.69230769231    262.323  
 0.0    262.457  
 4.61538461538    262.592  
 0.0    262.727  
 4.76923076923    262.871  
 0.0    263.005  
 4.92307692308    263.14  
 0.0    263.275  
 5.07692307692    263.41  
 0.0    263.554  
 4.0    263.689  
 0.0    263.824  
 4.15384615385    263.959  
 0.0    264.093  
 4.30769230769    264.238  
 0.0    264.373  
 4.46153846154    264.508  
 0.0    264.657  
 19.3846153846    264.792  
 0.0    264.926  
 19.5384615385    265.061  
 0.0    265.206  
 19.6923076923    265.341  
 0.0    265.475  
 19.8461538462    265.61  
 0.0    265.745  
 18.7692307692    265.89  
 0.0    266.024  
 18.9230769231    266.159  
 0.0    266.294  
 19.0769230769    266.429  
 0.0    266.573  
 19.2307692308    266.709  
 0.0    266.844  
 18.1538461538    266.979  
 0.0    267.124  
 18.3076923077    267.259  
 0.0    267.393  
 18.4615384615    267.528  
 0.0    267.663  
 18.6153846154    267.808  
 0.0    267.942  
 17.5384615385    268.077  
 0.0    268.212  
 17.6923076923    268.347  
 0.0    268.49  
 17.8461538462    268.626  
 0.0    268.761  
 18.0    268.896  
 0.0    269.031  
 16.9230769231    269.175  
 0.0    269.31  
 17.0769230769    269.445  
 0.0    269.58  
 17.2307692308    269.715  
 0.0    269.859  
 17.3846153846    269.994  
 0.0    270.129  
 16.3076923077    270.264  
 0.0    270.409  
 16.4615384615    270.544  
 0.0    270.679  
 16.6153846154    270.814  
 0.0    270.949  
 16.7692307692    271.093  
 0.0    271.228  
 15.6923076923    271.363  
 0.0    271.498  
 15.8461538462    271.632  
 0.0    271.777  
 16.0    271.912  
 0.0    272.047  
 16.1538461538    272.182  
 0.0    272.316  
 15.0769230769    272.461  
 0.0    272.595  
 15.2307692308    272.73  
 0.0    272.865  
 15.3846153846    273.0  
 0.0    273.145  
 15.5384615385    273.28  
 0.0    273.414  
 14.4615384615    273.549  
 0.0    273.684  
 14.6153846154    273.829  
 0.0    273.963  
 14.7692307692    274.098  
 0.0    274.233  
 14.9230769231    274.368  
 0.0    274.513  
 13.8461538462    274.648  
 0.0    274.783  
 14.0    274.918  
 0.0    275.063  
 14.1538461538    275.198  
 0.0    275.333  
 14.3076923077    275.468  
 0.0    275.603  
 13.2307692308    275.747  
 0.0    275.882  
 13.3846153846    276.017  
 0.0    276.152  
 13.5384615385    276.297  
 0.0    276.432  
 13.6923076923    276.567  
 0.0    276.702  
 12.6153846154    276.837  
 0.0    276.981  
 12.7692307692    277.116  
 0.0    277.251  
 12.9230769231    277.385  
 0.0    277.52  
 13.0769230769    277.665  
 0.0    277.8  
 12.0    277.936  
 0.0    278.071  
 12.1538461538    278.215  
 0.0    278.35  
 12.3076923077    278.485  
 0.0    278.62  
 12.4615384615    278.755  
 0.0    278.899  
 11.3846153846    279.034  
 0.0    279.168  
 11.5384615385    279.303  
 0.0    279.438  
 11.6923076923    279.583  
 0.0    279.718  
 11.8461538462    279.853  
 0.0    279.987  
 10.7692307692    280.122  
 0.0    280.267  
 10.9230769231    280.402  
 0.0    280.537  
 11.0769230769    280.673  
 0.0    280.817  
 11.2307692308    280.952  
 0.0    281.087  
 10.1538461538    281.222  
 0.0    281.368  
 10.3076923077    281.502  
 0.0    281.638  
 10.4615384615    281.773  
 0.0    281.907  
 10.6153846154    282.051  
 0.0    282.186  
 9.53846153846    282.321  
 0.0    282.456  
 9.69230769231    282.591  
 0.0    282.735  
 9.84615384615    282.87  
 0.0    283.005  
 10.0    283.14  
 0.0    283.274  
 8.92307692308    283.419  
 0.0    283.554  
 9.07692307692    283.689  
 0.0    283.824  
 9.23076923077    283.959  
 0.0    284.101  
 9.38461538462    284.238  
 0.0    284.372  
 8.30769230769    284.507  
 0.0    284.642  
 8.46153846154    284.787  
 0.0    284.921  
 8.61538461538    285.056  
 0.0    285.191  
 8.76923076923    285.326  
 0.0    285.47  
 7.69230769231    285.605  
 0.0    285.74  
 7.84615384615    285.875  
 0.0    286.01  
 8.0    286.154  
 0.0    286.289  
 8.15384615385    286.424  
 0.0    286.559  
 7.07692307692    286.694  
 0.0    286.838  
 7.23076923077    286.973  
 0.0    287.108  
 7.38461538462    287.243  
 0.0    287.378  
 7.53846153846    287.522  
 0.0    287.657  
 6.46153846154    287.792  
 0.0    287.926  
 6.61538461538    288.061  
 0.0    288.206  
 6.76923076923    288.341  
 0.0    288.476  
 6.92307692308    288.611  
 0.0    288.745  
 5.84615384615    288.89  
 0.0    289.024  
 6.0    289.159  
 0.0    289.294  
 6.15384615385    289.429  
 0.0    289.574  
 6.30769230769    289.709  
 0.0    289.844  
 5.23076923077    289.979  
 0.0    290.124  
 5.38461538462    290.259  
 0.0    290.394  
 5.53846153846    290.529  
 0.0    290.674  
 5.69230769231    290.809  
 0.0    290.944  
 4.61538461538    291.079  
 0.0    291.214  
 4.76923076923    291.358  
 0.0    291.493  
 4.92307692308    291.628  
 0.0    291.762  
 5.07692307692    291.897  
 0.0    292.042  
 4.0    292.177  
 0.0    292.311  
 4.15384615385    292.446  
 0.0    292.581  
 4.30769230769    292.726  
 0.0    292.861  
 4.46153846154    292.995  
 0.0    293.145  
 19.3846153846    293.281  
 0.0    293.415  
 19.5384615385    293.56  
 0.0    293.694  
 19.6923076923    293.83  
 0.0    293.965  
 19.8461538462    294.1  
 0.0    294.243  
 18.7692307692    294.378  
 0.0    294.513  
 18.9230769231    294.648  
 0.0    294.783  
 19.0769230769    294.927  
 0.0    295.062  
 19.2307692308    295.198  
 0.0    295.333  
 18.1538461538    295.478  
 0.0    295.613  
 18.3076923077    295.748  
 0.0    295.883  
 18.4615384615    296.018  
 0.0    296.162  
 18.6153846154    296.297  
 0.0    296.431  
 17.5384615385    296.566  
 0.0    296.701  
 17.6923076923    296.845  
 0.0    296.98  
 17.8461538462    297.115  
 0.0    297.25  
 18.0    297.385  
 0.0    297.529  
 16.9230769231    297.664  
 0.0    297.799  
 17.0769230769    297.934  
 0.0    298.069  
 17.2307692308    298.213  
 0.0    298.348  
 17.3846153846    298.483  
 0.0    298.618  
 16.3076923077    298.753  
 0.0    298.897  
 16.4615384615    299.032  
 0.0    299.167  
 16.6153846154    299.302  
 0.0    299.437  
 16.7692307692    299.581  
 0.0    299.715  
 15.6923076923    299.851  
 0.0    299.985  
 15.8461538462    300.12  
 0.0    300.265  
 16.0    300.399  
 0.0    300.534  
 16.1538461538    300.669  
 0.0    300.804  
 15.0769230769    300.948  
 0.0    301.083  
 15.2307692308    301.218  
 0.0    301.353  
 15.3846153846    301.488  
 0.0    301.632  
 15.5384615385    301.767  
 0.0    301.903  
 14.4615384615    302.038  
 0.0    302.183  
 14.6153846154    302.318  
 0.0    302.453  
 14.7692307692    302.588  
 0.0    302.733  
 14.9230769231    302.868  
 0.0    303.003  
 13.8461538462    303.139  
 0.0    303.283  
 14.0    303.418  
 0.0    303.553  
 14.1538461538    303.688  
 0.0    303.823  
 14.3076923077    303.967  
 0.0    304.102  
 13.2307692308    304.237  
 0.0    304.373  
 13.3846153846    304.518  
 0.0    304.653  
 13.5384615385    304.788  
 0.0    304.923  
 13.6923076923    305.058  
 0.0    305.2  
 12.6153846154    305.336  
 0.0    305.471  
 12.7692307692    305.606  
 0.0    305.741  
 12.9230769231    305.885  
 0.0    306.02  
 13.0769230769    306.155  
 0.0    306.29  
 12.0    306.425  
 0.0    306.569  
 12.1538461538    306.704  
 0.0    306.839  
 12.3076923077    306.974  
 0.0    307.109  
 12.4615384615    307.253  
 0.0    307.388  
 11.3846153846    307.523  
 0.0    307.657  
 11.5384615385    307.793  
 0.0    307.937  
 11.6923076923    308.072  
 0.0    308.207  
 11.8461538462    308.342  
 0.0    308.476  
 10.7692307692    308.621  
 0.0    308.755  
 10.9230769231    308.89  
 0.0    309.025  
 11.0769230769    309.161  
 0.0    309.303  
 11.2307692308    309.439  
 0.0    309.575  
 10.1538461538    309.71  
 0.0    309.845  
 10.3076923077    309.988  
 0.0    310.123  
 10.4615384615    310.258  
 0.0    310.393  
 10.6153846154    310.528  
 0.0    310.672  
 9.53846153846    310.807  
 0.0    310.942  
 9.69230769231    311.077  
 0.0    311.212  
 9.84615384615    311.356  
 0.0    311.491  
 10.0    311.626  
 0.0    311.761  
 8.92307692308    311.896  
 0.0    312.04  
 9.07692307692    312.175  
 0.0    312.309  
 9.23076923077    312.444  
 0.0    312.579  
 9.38461538462    312.724  
 0.0    312.859  
 8.30769230769    312.994  
 0.0    313.128  
 8.46153846154    313.263  
 0.0    313.407  
 8.61538461538    313.542  
 0.0    313.677  
 8.76923076923    313.812  
 0.0    313.947  
 7.69230769231    314.091  
 0.0    314.226  
 7.84615384615    314.361  
 0.0    314.496  
 8.0    314.631  
 0.0    314.774  
 8.15384615385    314.91  
 0.0    315.045  
 7.07692307692    315.18  
 0.0    315.315  
 7.23076923077    315.457  
 0.0    315.594  
 7.38461538462    315.729  
 0.0    315.863  
 7.53846153846    315.998  
 0.0    316.143  
 6.46153846154    316.278  
 0.0    316.412  
 6.61538461538    316.547  
 0.0    316.682  
 6.76923076923    316.827  
 0.0    316.962  
 6.92307692308    317.096  
 0.0    317.231  
 5.84615384615    317.366  
 0.0    317.51  
 6.0    317.645  
 0.0    317.78  
 6.15384615385    317.915  
 0.0    318.05  
 6.30769230769    318.194  
 0.0    318.329  
 5.23076923077    318.464  
 0.0    318.599  
 5.38461538462    318.734  
 0.0    318.878  
 5.53846153846    319.013  
 0.0    319.148  
 5.69230769231    319.283  
 0.0    319.428  
 4.61538461538    319.563  
 0.0    319.698  
 4.76923076923    319.833  
 0.0    319.968  
 4.92307692308    320.112  
 0.0    320.247  
 5.07692307692    320.382  
 0.0    320.517  
 4.0    320.652  
 0.0    320.796  
 4.15384615385    320.931  
 0.0    321.066  
 4.30769230769    321.201  
 0.0    321.336  
 4.46153846154    321.48  
