 [5.6923076923076916, 6.9230769230769216, 7.846153846153844, 12.61538461538461]  
 [45.866, 54.672, 57.342, 59.476]  
 [46.4, 57.875]  
 [6.3076923076923066, 10.615384615384611, 12.307692307692303, 15.07692307692307]  
 [69.368, 75.237, 78.706, 86.195]  
 [69.899, 75.904, 79.373, 86.73]  
 [5.6923076923076916, 8.1538461538461515, 11.846153846153841, 15.846153846153838]  
 [96.352, 104.358, 110.764, 115.033]  
 [105.025]  
 [6.1538461538461524, 9.3846153846153815, 13.999999999999993, 18.769230769230759]  
 [118.518, 127.326, 136.398, 141.468]  
 [119.052, 137.065, 142.002]  
 [5.6923076923076916, 7.5384615384615365, 9.0769230769230731, 19.076923076923066]  
 [146.822, 163.635, 167.372, 170.573]  
 [147.491, 164.169, 168.038, 171.24]  
 [6.6153846153846141, 6.9230769230769216, 8.1538461538461515, 8.7692307692307665]  
 [193.022, 194.092, 195.691, 196.225]  
 [193.556, 194.891, 197.309]  
 [4.7692307692307692, 11.230769230769226, 11.692307692307688, 18.307692307692299]  
 [203.197, 215.206, 216.54, 226.698]  
 [203.73, 215.739, 217.207, 227.632]  
 [8.6153846153846132, 8.9230769230769198, 15.846153846153838, 16.769230769230759]  
 [234.72, 235.253, 246.728, 248.33]  
 [235.387, 236.054, 248.997]  
 [6.3076923076923066, 9.2307692307692282, 9.5384615384615348, 13.692307692307686]  
 [267.845, 273.449, 275.051, 280.653]  
 [273.983, 275.584, 281.321]  
 [11.38461538461538, 12.461538461538456, 12.61538461538461, 14.307692307692301]  
 [294.567, 295.901, 297.769, 298.036]  
 [295.367, 298.569]  
