 33.976    33.976  
 0.0    33.993  
 19.3846153846    34.127  
 0.0    34.26  
 19.5384615385    34.393  
 0.0    34.527  
 19.6923076923    34.66  
 0.0    34.794  
 19.8461538462    34.927  
 0.0    35.06  
 18.7692307692    35.194  
 0.0    35.327  
 18.9230769231    35.461  
 0.0    35.594  
 19.0769230769    35.728  
 0.0    35.861  
 19.2307692308    35.994  
 0.0    36.128  
 18.1538461538    36.261  
 0.0    36.395  
 18.3076923077    36.528  
 0.0    36.662  
 18.4615384615    36.795  
 0.0    36.928  
 18.6153846154    37.062  
 0.0    37.196  
 17.5384615385    37.329  
 0.0    37.462  
 17.6923076923    37.596  
 0.0    37.729  
 17.8461538462    37.862  
 0.0    37.996  
 18.0    38.129  
 0.0    38.263  
 16.9230769231    38.396  
 0.0    38.53  
 17.0769230769    38.663  
 0.0    38.796  
 17.2307692308    38.93  
 0.0    39.063  
 17.3846153846    39.197  
 0.0    39.33  
 16.3076923077    39.464  
 0.0    39.597  
 16.4615384615    39.731  
 0.0    39.864  
 16.6153846154    39.997  
 0.0    40.131  
 16.7692307692    40.264  
 0.0    40.398  
 15.6923076923    40.532  
 0.0    40.664  
 15.8461538462    40.798  
 0.0    40.931  
 16.0    41.065  
 0.0    41.198  
 16.1538461538    41.332  
 0.0    41.465  
 15.0769230769    41.599  
 0.0    41.732  
 15.2307692308    41.865  
 0.0    41.999  
 15.3846153846    42.132  
 0.0    42.265  
 15.5384615385    42.399  
 0.0    42.532  
 14.4615384615    42.666  
 0.0    42.799  
 14.6153846154    42.933  
 0.0    43.066  
 14.7692307692    43.2  
 0.0    43.333  
 14.9230769231    43.467  
 0.0    43.6  
 13.8461538462    43.733  
 0.0    43.867  
 14.0    44.0  
 0.0    44.134  
 14.1538461538    44.267  
 0.0    44.4  
 14.3076923077    44.534  
 0.0    44.667  
 13.2307692308    44.801  
 0.0    44.934  
 13.3846153846    45.068  
 0.0    45.201  
 13.5384615385    45.335  
 0.0    45.468  
 13.6923076923    45.601  
 0.0    45.735  
 12.6153846154    45.868  
 0.0    46.002  
 12.7692307692    46.135  
 0.0    46.268  
 12.9230769231    46.402  
 0.0    46.535  
 13.0769230769    46.669  
 0.0    46.802  
 12.0    46.936  
 0.0    47.069  
 12.1538461538    47.204  
 0.0    47.336  
 12.3076923077    47.47  
 0.0    47.603  
 12.4615384615    47.736  
 0.0    47.87  
 11.3846153846    48.003  
 0.0    48.137  
 11.5384615385    48.27  
 0.0    48.403  
 11.6923076923    48.537  
 0.0    48.67  
 11.8461538462    48.804  
 0.0    48.937  
 10.7692307692    49.071  
 0.0    49.204  
 10.9230769231    49.337  
 0.0    49.471  
 11.0769230769    49.604  
 0.0    49.738  
 11.2307692308    49.871  
 0.0    50.005  
 10.1538461538    50.138  
 0.0    50.271  
 10.3076923077    50.405  
 0.0    50.539  
 10.4615384615    50.672  
 0.0    50.805  
 10.6153846154    50.939  
 0.0    51.072  
 9.53846153846    51.205  
 0.0    51.339  
 9.69230769231    51.472  
 0.0    51.606  
 9.84615384615    51.739  
 0.0    51.873  
 10.0    52.006  
 0.0    52.139  
 8.92307692308    52.273  
 0.0    52.406  
 9.07692307692    52.54  
 0.0    52.673  
 9.23076923077    52.807  
 0.0    52.94  
 9.38461538462    53.073  
 0.0    53.207  
 8.30769230769    53.34  
 0.0    53.474  
 8.46153846154    53.607  
 0.0    53.741  
 8.61538461538    53.875  
 0.0    54.008  
 8.76923076923    54.141  
 0.0    54.274  
 7.69230769231    54.408  
 0.0    54.541  
 7.84615384615    54.675  
 0.0    54.808  
 8.0    54.941  
 0.0    55.075  
 8.15384615385    55.208  
 0.0    55.342  
 7.07692307692    55.475  
 0.0    55.608  
 7.23076923077    55.742  
 0.0    55.875  
 7.38461538462    56.009  
 0.0    56.142  
 7.53846153846    56.276  
 0.0    56.409  
 6.46153846154    56.543  
 0.0    56.676  
 6.61538461538    56.81  
 0.0    56.943  
 6.76923076923    57.076  
 0.0    57.211  
 6.92307692308    57.343  
 0.0    57.477  
 5.84615384615    57.61  
 0.0    57.743  
 6.0    57.877  
 0.0    58.01  
 6.15384615385    58.144  
 0.0    58.277  
 6.30769230769    58.411  
 0.0    58.544  
 5.23076923077    58.677  
 0.0    58.811  
 5.38461538462    58.944  
 0.0    59.078  
 5.53846153846    59.211  
 0.0    59.345  
 5.69230769231    59.478  
 0.0    59.611  
 4.61538461538    59.745  
 0.0    59.878  
 4.76923076923    60.012  
 0.0    60.145  
 4.92307692308    60.279  
 0.0    60.412  
 5.07692307692    60.546  
 0.0    60.679  
 4.0    60.813  
 0.0    60.946  
 4.15384615385    61.079  
 0.0    61.213  
 4.30769230769    61.346  
 0.0    61.48  
 4.46153846154    61.613  
 0.0    61.755  
 19.3846153846    61.896  
 0.0    62.03  
 19.5384615385    62.164  
 0.0    62.296  
 19.6923076923    62.43  
 0.0    62.563  
 19.8461538462    62.697  
 0.0    62.83  
 18.7692307692    62.964  
 0.0    63.097  
 18.9230769231    63.231  
 0.0    63.364  
 19.0769230769    63.498  
 0.0    63.631  
 19.2307692308    63.765  
 0.0    63.899  
 18.1538461538    64.032  
 0.0    64.164  
 18.3076923077    64.298  
 0.0    64.431  
 18.4615384615    64.565  
 0.0    64.698  
 18.6153846154    64.832  
 0.0    64.965  
 17.5384615385    65.099  
 0.0    65.232  
 17.6923076923    65.366  
 0.0    65.499  
 17.8461538462    65.633  
 0.0    65.766  
 18.0    65.9  
 0.0    66.032  
 16.9230769231    66.166  
 0.0    66.299  
 17.0769230769    66.433  
 0.0    66.566  
 17.2307692308    66.7  
 0.0    66.833  
 17.3846153846    66.967  
 0.0    67.1  
 16.3076923077    67.235  
 0.0    67.367  
 16.4615384615    67.501  
 0.0    67.634  
 16.6153846154    67.768  
 0.0    67.9  
 16.7692307692    68.034  
 0.0    68.167  
 15.6923076923    68.301  
 0.0    68.434  
 15.8461538462    68.568  
 0.0    68.701  
 16.0    68.835  
 0.0    68.968  
 16.1538461538    69.102  
 0.0    69.237  
 15.0769230769    69.37  
 0.0    69.503  
 15.2307692308    69.636  
 0.0    69.768  
 15.3846153846    69.903  
 0.0    70.035  
 15.5384615385    70.169  
 0.0    70.302  
 14.4615384615    70.436  
 0.0    70.57  
 14.6153846154    70.704  
 0.0    70.837  
 14.7692307692    70.97  
 0.0    71.103  
 14.9230769231    71.237  
 0.0    71.37  
 13.8461538462    71.504  
 0.0    71.636  
 14.0    71.77  
 0.0    71.903  
 14.1538461538    72.037  
 0.0    72.17  
 14.3076923077    72.304  
 0.0    72.437  
 13.2307692308    72.571  
 0.0    72.704  
 13.3846153846    72.838  
 0.0    72.971  
 13.5384615385    73.105  
 0.0    73.238  
 13.6923076923    73.372  
 0.0    73.505  
 12.6153846154    73.638  
 0.0    73.771  
 12.7692307692    73.906  
 0.0    74.039  
 12.9230769231    74.172  
 0.0    74.305  
 13.0769230769    74.439  
 0.0    74.572  
 12.0    74.706  
 0.0    74.839  
 12.1538461538    74.973  
 0.0    75.106  
 12.3076923077    75.24  
 0.0    75.373  
 12.4615384615    75.506  
 0.0    75.639  
 11.3846153846    75.773  
 0.0    75.906  
 11.5384615385    76.04  
 0.0    76.173  
 11.6923076923    76.307  
 0.0    76.44  
 11.8461538462    76.574  
 0.0    76.707  
 10.7692307692    76.841  
 0.0    76.974  
 10.9230769231    77.108  
 0.0    77.242  
 11.0769230769    77.374  
 0.0    77.507  
 11.2307692308    77.641  
 0.0    77.774  
 10.1538461538    77.908  
 0.0    78.041  
 10.3076923077    78.175  
 0.0    78.308  
 10.4615384615    78.442  
 0.0    78.575  
 10.6153846154    78.709  
 0.0    78.842  
 9.53846153846    78.976  
 0.0    79.109  
 9.69230769231    79.242  
 0.0    79.375  
 9.84615384615    79.509  
 0.0    79.642  
 10.0    79.776  
 0.0    79.909  
 8.92307692308    80.043  
 0.0    80.176  
 9.07692307692    80.31  
 0.0    80.443  
 9.23076923077    80.577  
 0.0    80.719  
 9.38461538462    80.86  
 0.0    80.994  
 8.30769230769    81.127  
 0.0    81.261  
 8.46153846154    81.394  
 0.0    81.527  
 8.61538461538    81.661  
 0.0    81.794  
 8.76923076923    81.928  
 0.0    82.061  
 7.69230769231    82.195  
 0.0    82.328  
 7.84615384615    82.461  
 0.0    82.595  
 8.0    82.728  
 0.0    82.862  
 8.15384615385    82.995  
 0.0    83.129  
 7.07692307692    83.262  
 0.0    83.395  
 7.23076923077    83.529  
 0.0    83.662  
 7.38461538462    83.796  
 0.0    83.93  
 7.53846153846    84.063  
 0.0    84.196  
 6.46153846154    84.329  
 0.0    84.463  
 6.61538461538    84.596  
 0.0    84.73  
 6.76923076923    84.863  
 0.0    84.997  
 6.92307692308    85.13  
 0.0    85.264  
 5.84615384615    85.397  
 0.0    85.53  
 6.0    85.664  
 0.0    85.797  
 6.15384615385    85.931  
 0.0    86.064  
 6.30769230769    86.197  
 0.0    86.331  
 5.23076923077    86.464  
 0.0    86.598  
 5.38461538462    86.731  
 0.0    86.865  
 5.53846153846    86.998  
 0.0    87.131  
 5.69230769231    87.266  
 0.0    87.399  
 4.61538461538    87.532  
 0.0    87.665  
 4.76923076923    87.799  
 0.0    87.932  
 4.92307692308    88.065  
 0.0    88.199  
 5.07692307692    88.332  
 0.0    88.466  
 4.0    88.599  
 0.0    88.733  
 4.15384615385    88.866  
 0.0    89.0  
 4.30769230769    89.133  
 0.0    89.266  
 4.46153846154    89.4  
 0.0    89.543  
 19.3846153846    89.683  
 0.0    89.817  
 19.5384615385    89.95  
 0.0    90.084  
 19.6923076923    90.217  
 0.0    90.35  
 19.8461538462    90.484  
 0.0    90.618  
 18.7692307692    90.751  
 0.0    90.884  
 18.9230769231    91.018  
 0.0    91.151  
 19.0769230769    91.285  
 0.0    91.418  
 19.2307692308    91.552  
 0.0    91.685  
 18.1538461538    91.819  
 0.0    91.952  
 18.3076923077    92.085  
 0.0    92.219  
 18.4615384615    92.352  
 0.0    92.485  
 18.6153846154    92.619  
 0.0    92.752  
 17.5384615385    92.886  
 0.0    93.019  
 17.6923076923    93.153  
 0.0    93.286  
 17.8461538462    93.42  
 0.0    93.553  
 18.0    93.686  
 0.0    93.82  
 16.9230769231    93.954  
 0.0    94.087  
 17.0769230769    94.22  
 0.0    94.353  
 17.2307692308    94.487  
 0.0    94.62  
 17.3846153846    94.754  
 0.0    94.887  
 16.3076923077    95.021  
 0.0    95.154  
 16.4615384615    95.288  
 0.0    95.421  
 16.6153846154    95.554  
 0.0    95.688  
 16.7692307692    95.821  
 0.0    95.954  
 15.6923076923    96.088  
 0.0    96.221  
 15.8461538462    96.355  
 0.0    96.488  
 16.0    96.622  
 0.0    96.755  
 16.1538461538    96.889  
 0.0    97.022  
 15.0769230769    97.156  
 0.0    97.29  
 15.2307692308    97.422  
 0.0    97.556  
 15.3846153846    97.689  
 0.0    97.823  
 15.5384615385    97.956  
 0.0    98.089  
 14.4615384615    98.223  
 0.0    98.356  
 14.6153846154    98.49  
 0.0    98.623  
 14.7692307692    98.757  
 0.0    98.89  
 14.9230769231    99.024  
 0.0    99.157  
 13.8461538462    99.29  
 0.0    99.424  
 14.0    99.557  
 0.0    99.691  
 14.1538461538    99.824  
 0.0    99.957  
 14.3076923077    100.091  
 0.0    100.224  
 13.2307692308    100.357  
 0.0    100.491  
 13.3846153846    100.625  
 0.0    100.758  
 13.5384615385    100.891  
 0.0    101.025  
 13.6923076923    101.158  
 0.0    101.292  
 12.6153846154    101.425  
 0.0    101.559  
 12.7692307692    101.692  
 0.0    101.825  
 12.9230769231    101.959  
 0.0    102.092  
 13.0769230769    102.225  
 0.0    102.359  
 12.0    102.492  
 0.0    102.626  
 12.1538461538    102.759  
 0.0    102.893  
 12.3076923077    103.026  
 0.0    103.16  
 12.4615384615    103.293  
 0.0    103.427  
 11.3846153846    103.56  
 0.0    103.694  
 11.5384615385    103.827  
 0.0    103.961  
 11.6923076923    104.094  
 0.0    104.227  
 11.8461538462    104.36  
 0.0    104.494  
 10.7692307692    104.627  
 0.0    104.761  
 10.9230769231    104.894  
 0.0    105.028  
 11.0769230769    105.161  
 0.0    105.295  
 11.2307692308    105.428  
 0.0    105.561  
 10.1538461538    105.695  
 0.0    105.828  
 10.3076923077    105.962  
 0.0    106.095  
 10.4615384615    106.228  
 0.0    106.362  
 10.6153846154    106.495  
 0.0    106.629  
 9.53846153846    106.763  
 0.0    106.896  
 9.69230769231    107.029  
 0.0    107.163  
 9.84615384615    107.297  
 0.0    107.43  
 10.0    107.563  
 0.0    107.696  
 8.92307692308    107.83  
 0.0    107.963  
 9.07692307692    108.097  
 0.0    108.23  
 9.23076923077    108.364  
 0.0    108.497  
 9.38461538462    108.63  
 0.0    108.764  
 8.30769230769    108.897  
 0.0    109.031  
 8.46153846154    109.164  
 0.0    109.297  
 8.61538461538    109.431  
 0.0    109.564  
 8.76923076923    109.698  
 0.0    109.831  
 7.69230769231    109.965  
 0.0    110.098  
 7.84615384615    110.232  
 0.0    110.365  
 8.0    110.499  
 0.0    110.633  
 8.15384615385    110.766  
 0.0    110.899  
 7.07692307692    111.032  
 0.0    111.166  
 7.23076923077    111.299  
 0.0    111.432  
 7.38461538462    111.566  
 0.0    111.699  
 7.53846153846    111.833  
 0.0    111.966  
 6.46153846154    112.1  
 0.0    112.233  
 6.61538461538    112.367  
 0.0    112.5  
 6.76923076923    112.633  
 0.0    112.767  
 6.92307692308    112.9  
 0.0    113.033  
 5.84615384615    113.167  
 0.0    113.3  
 6.0    113.434  
 0.0    113.567  
 6.15384615385    113.701  
 0.0    113.834  
 6.30769230769    113.968  
 0.0    114.101  
 5.23076923077    114.235  
 0.0    114.368  
 5.38461538462    114.501  
 0.0    114.635  
 5.53846153846    114.768  
 0.0    114.902  
 5.69230769231    115.035  
 0.0    115.168  
 4.61538461538    115.302  
 0.0    115.435  
 4.76923076923    115.569  
 0.0    115.702  
 4.92307692308    115.836  
 0.0    115.969  
 5.07692307692    116.103  
 0.0    116.236  
 4.0    116.369  
 0.0    116.503  
 4.15384615385    116.636  
 0.0    116.77  
 4.30769230769    116.903  
 0.0    117.037  
 4.46153846154    117.17  
 0.0    117.312  
 19.3846153846    117.453  
 0.0    117.587  
 19.5384615385    117.721  
 0.0    117.854  
 19.6923076923    117.987  
 0.0    118.121  
 19.8461538462    118.254  
 0.0    118.387  
 18.7692307692    118.521  
 0.0    118.654  
 18.9230769231    118.788  
 0.0    118.921  
 19.0769230769    119.055  
 0.0    119.188  
 19.2307692308    119.322  
 0.0    119.455  
 18.1538461538    119.589  
 0.0    119.722  
 18.3076923077    119.855  
 0.0    119.989  
 18.4615384615    120.122  
 0.0    120.255  
 18.6153846154    120.389  
 0.0    120.522  
 17.5384615385    120.657  
 0.0    120.789  
 17.6923076923    120.923  
 0.0    121.056  
 17.8461538462    121.19  
 0.0    121.323  
 18.0    121.457  
 0.0    121.59  
 16.9230769231    121.723  
 0.0    121.857  
 17.0769230769    121.99  
 0.0    122.124  
 17.2307692308    122.257  
 0.0    122.39  
 17.3846153846    122.524  
 0.0    122.657  
 16.3076923077    122.791  
 0.0    122.924  
 16.4615384615    123.058  
 0.0    123.191  
 16.6153846154    123.325  
 0.0    123.458  
 16.7692307692    123.591  
 0.0    123.725  
 15.6923076923    123.858  
 0.0    123.992  
 15.8461538462    124.125  
 0.0    124.258  
 16.0    124.392  
 0.0    124.525  
 16.1538461538    124.659  
 0.0    124.792  
 15.0769230769    124.926  
 0.0    125.059  
 15.2307692308    125.193  
 0.0    125.326  
 15.3846153846    125.459  
 0.0    125.593  
 15.5384615385    125.726  
 0.0    125.86  
 14.4615384615    125.993  
 0.0    126.126  
 14.6153846154    126.26  
 0.0    126.393  
 14.7692307692    126.527  
 0.0    126.66  
 14.9230769231    126.794  
 0.0    126.927  
 13.8461538462    127.06  
 0.0    127.194  
 14.0    127.328  
 0.0    127.461  
 14.1538461538    127.594  
 0.0    127.728  
 14.3076923077    127.861  
 0.0    127.994  
 13.2307692308    128.128  
 0.0    128.261  
 13.3846153846    128.395  
 0.0    128.528  
 13.5384615385    128.661  
 0.0    128.795  
 13.6923076923    128.928  
 0.0    129.062  
 12.6153846154    129.195  
 0.0    129.329  
 12.7692307692    129.462  
 0.0    129.596  
 12.9230769231    129.729  
 0.0    129.862  
 13.0769230769    129.996  
 0.0    130.129  
 12.0    130.262  
 0.0    130.396  
 12.1538461538    130.529  
 0.0    130.664  
 12.3076923077    130.797  
 0.0    130.93  
 12.4615384615    131.063  
 0.0    131.197  
 11.3846153846    131.33  
 0.0    131.464  
 11.5384615385    131.597  
 0.0    131.73  
 11.6923076923    131.864  
 0.0    131.997  
 11.8461538462    132.13  
 0.0    132.264  
 10.7692307692    132.397  
 0.0    132.531  
 10.9230769231    132.664  
 0.0    132.798  
 11.0769230769    132.931  
 0.0    133.065  
 11.2307692308    133.198  
 0.0    133.332  
 10.1538461538    133.465  
 0.0    133.598  
 10.3076923077    133.732  
 0.0    133.865  
 10.4615384615    133.999  
 0.0    134.132  
 10.6153846154    134.265  
 0.0    134.399  
 9.53846153846    134.532  
 0.0    134.666  
 9.69230769231    134.799  
 0.0    134.933  
 9.84615384615    135.066  
 0.0    135.2  
 10.0    135.333  
 0.0    135.467  
 8.92307692308    135.6  
 0.0    135.733  
 9.07692307692    135.866  
 0.0    136.0  
 9.23076923077    136.133  
 0.0    136.267  
 9.38461538462    136.4  
 0.0    136.534  
 8.30769230769    136.667  
 0.0    136.801  
 8.46153846154    136.934  
 0.0    137.068  
 8.61538461538    137.201  
 0.0    137.335  
 8.76923076923    137.469  
 0.0    137.602  
 7.69230769231    137.735  
 0.0    137.868  
 7.84615384615    138.001  
 0.0    138.135  
 8.0    138.268  
 0.0    138.402  
 8.15384615385    138.535  
 0.0    138.669  
 7.07692307692    138.802  
 0.0    138.936  
 7.23076923077    139.069  
 0.0    139.203  
 7.38461538462    139.336  
 0.0    139.469  
 7.53846153846    139.603  
 0.0    139.736  
 6.46153846154    139.869  
 0.0    140.003  
 6.61538461538    140.136  
 0.0    140.27  
 6.76923076923    140.403  
 0.0    140.537  
 6.92307692308    140.671  
 0.0    140.804  
 5.84615384615    140.937  
 0.0    141.07  
 6.0    141.204  
 0.0    141.337  
 6.15384615385    141.47  
 0.0    141.604  
 6.30769230769    141.737  
 0.0    141.871  
 5.23076923077    142.004  
 0.0    142.138  
 5.38461538462    142.271  
 0.0    142.405  
 5.53846153846    142.538  
 0.0    142.672  
 5.69230769231    142.805  
 0.0    142.939  
 4.61538461538    143.072  
 0.0    143.206  
 4.76923076923    143.339  
 0.0    143.472  
 4.92307692308    143.605  
 0.0    143.739  
 5.07692307692    143.872  
 0.0    144.007  
 4.0    144.14  
 0.0    144.273  
 4.15384615385    144.406  
 0.0    144.54  
 4.30769230769    144.673  
 0.0    144.807  
 4.46153846154    144.94  
 0.0    145.083  
 19.3846153846    145.223  
 0.0    145.357  
 19.5384615385    145.491  
 0.0    145.624  
 19.6923076923    145.758  
 0.0    145.891  
 19.8461538462    146.024  
 0.0    146.158  
 18.7692307692    146.291  
 0.0    146.424  
 18.9230769231    146.558  
 0.0    146.691  
 19.0769230769    146.825  
 0.0    146.958  
 19.2307692308    147.092  
 0.0    147.225  
 18.1538461538    147.359  
 0.0    147.493  
 18.3076923077    147.625  
 0.0    147.759  
 18.4615384615    147.892  
 0.0    148.026  
 18.6153846154    148.159  
 0.0    148.292  
 17.5384615385    148.426  
 0.0    148.559  
 17.6923076923    148.693  
 0.0    148.826  
 17.8461538462    148.96  
 0.0    149.093  
 18.0    149.227  
 0.0    149.36  
 16.9230769231    149.494  
 0.0    149.627  
 17.0769230769    149.76  
 0.0    149.894  
 17.2307692308    150.027  
 0.0    150.16  
 17.3846153846    150.294  
 0.0    150.427  
 16.3076923077    150.561  
 0.0    150.695  
 16.4615384615    150.828  
 0.0    150.961  
 16.6153846154    151.095  
 0.0    151.228  
 16.7692307692    151.362  
 0.0    151.495  
 15.6923076923    151.628  
 0.0    151.762  
 15.8461538462    151.895  
 0.0    152.028  
 16.0    152.162  
 0.0    152.295  
 16.1538461538    152.429  
 0.0    152.562  
 15.0769230769    152.696  
 0.0    152.829  
 15.2307692308    152.963  
 0.0    153.096  
 15.3846153846    153.23  
 0.0    153.363  
 15.5384615385    153.496  
 0.0    153.63  
 14.4615384615    153.763  
 0.0    153.897  
 14.6153846154    154.031  
 0.0    154.164  
 14.7692307692    154.297  
 0.0    154.43  
 14.9230769231    154.564  
 0.0    154.697  
 13.8461538462    154.831  
 0.0    154.964  
 14.0    155.098  
 0.0    155.231  
 14.1538461538    155.364  
 0.0    155.498  
 14.3076923077    155.631  
 0.0    155.765  
 13.2307692308    155.898  
 0.0    156.031  
 13.3846153846    156.165  
 0.0    156.298  
 13.5384615385    156.432  
 0.0    156.565  
 13.6923076923    156.699  
 0.0    156.832  
 12.6153846154    156.966  
 0.0    157.099  
 12.7692307692    157.232  
 0.0    157.367  
 12.9230769231    157.5  
 0.0    157.633  
 13.0769230769    157.766  
 0.0    157.9  
 12.0    158.033  
 0.0    158.166  
 12.1538461538    158.3  
 0.0    158.433  
 12.3076923077    158.567  
 0.0    158.7  
 12.4615384615    158.834  
 0.0    158.967  
 11.3846153846    159.1  
 0.0    159.234  
 11.5384615385    159.367  
 0.0    159.501  
 11.6923076923    159.634  
 0.0    159.767  
 11.8461538462    159.901  
 0.0    160.034  
 10.7692307692    160.168  
 0.0    160.301  
 10.9230769231    160.435  
 0.0    160.568  
 11.0769230769    160.703  
 0.0    160.836  
 11.2307692308    160.968  
 0.0    161.102  
 10.1538461538    161.235  
 0.0    161.369  
 10.3076923077    161.502  
 0.0    161.636  
 10.4615384615    161.769  
 0.0    161.902  
 10.6153846154    162.036  
 0.0    162.169  
 9.53846153846    162.303  
 0.0    162.436  
 9.69230769231    162.57  
 0.0    162.703  
 9.84615384615    162.836  
 0.0    162.97  
 10.0    163.103  
 0.0    163.237  
 8.92307692308    163.37  
 0.0    163.504  
 9.07692307692    163.637  
 0.0    163.77  
 9.23076923077    163.904  
 0.0    164.038  
 9.38461538462    164.171  
 0.0    164.304  
 8.30769230769    164.437  
 0.0    164.571  
 8.46153846154    164.704  
 0.0    164.838  
 8.61538461538    164.971  
 0.0    165.105  
 8.76923076923    165.238  
 0.0    165.372  
 7.69230769231    165.505  
 0.0    165.638  
 7.84615384615    165.772  
 0.0    165.905  
 8.0    166.039  
 0.0    166.172  
 8.15384615385    166.306  
 0.0    166.439  
 7.07692307692    166.572  
 0.0    166.706  
 7.23076923077    166.839  
 0.0    166.973  
 7.38461538462    167.106  
 0.0    167.24  
 7.53846153846    167.374  
 0.0    167.507  
 6.46153846154    167.64  
 0.0    167.773  
 6.61538461538    167.906  
 0.0    168.04  
 6.76923076923    168.174  
 0.0    168.307  
 6.92307692308    168.44  
 0.0    168.574  
 5.84615384615    168.707  
 0.0    168.841  
 6.0    168.974  
 0.0    169.108  
 6.15384615385    169.241  
 0.0    169.374  
 6.30769230769    169.508  
 0.0    169.641  
 5.23076923077    169.774  
 0.0    169.908  
 5.38461538462    170.042  
 0.0    170.175  
 5.53846153846    170.308  
 0.0    170.442  
 5.69230769231    170.575  
 0.0    170.709  
 4.61538461538    170.842  
 0.0    170.976  
 4.76923076923    171.109  
 0.0    171.242  
 4.92307692308    171.375  
 0.0    171.509  
 5.07692307692    171.642  
 0.0    171.776  
 4.0    171.91  
 0.0    172.043  
 4.15384615385    172.176  
 0.0    172.31  
 4.30769230769    172.443  
 0.0    172.577  
 4.46153846154    172.71  
 0.0    172.855  
 19.3846153846    172.993  
 0.0    173.127  
 19.5384615385    173.261  
 0.0    173.394  
 19.6923076923    173.528  
 0.0    173.661  
 19.8461538462    173.794  
 0.0    173.928  
 18.7692307692    174.062  
 0.0    174.195  
 18.9230769231    174.328  
 0.0    174.461  
 19.0769230769    174.595  
 0.0    174.728  
 19.2307692308    174.862  
 0.0    174.995  
 18.1538461538    175.129  
 0.0    175.262  
 18.3076923077    175.396  
 0.0    175.529  
 18.4615384615    175.663  
 0.0    175.796  
 18.6153846154    175.929  
 0.0    176.063  
 17.5384615385    176.196  
 0.0    176.329  
 17.6923076923    176.463  
 0.0    176.596  
 17.8461538462    176.73  
 0.0    176.863  
 18.0    176.997  
 0.0    177.13  
 16.9230769231    177.264  
 0.0    177.398  
 17.0769230769    177.531  
 0.0    177.664  
 17.2307692308    177.797  
 0.0    177.931  
 17.3846153846    178.064  
 0.0    178.198  
 16.3076923077    178.331  
 0.0    178.464  
 16.4615384615    178.598  
 0.0    178.731  
 16.6153846154    178.865  
 0.0    178.998  
 16.7692307692    179.132  
 0.0    179.265  
 15.6923076923    179.399  
 0.0    179.532  
 15.8461538462    179.665  
 0.0    179.799  
 16.0    179.932  
 0.0    180.066  
 16.1538461538    180.199  
 0.0    180.332  
 15.0769230769    180.466  
 0.0    180.599  
 15.2307692308    180.734  
 0.0    180.867  
 15.3846153846    181.0  
 0.0    181.133  
 15.5384615385    181.267  
 0.0    181.4  
 14.4615384615    181.533  
 0.0    181.667  
 14.6153846154    181.8  
 0.0    181.934  
 14.7692307692    182.067  
 0.0    182.2  
 14.9230769231    182.334  
 0.0    182.467  
 13.8461538462    182.601  
 0.0    182.734  
 14.0    182.868  
 0.0    183.001  
 14.1538461538    183.135  
 0.0    183.268  
 14.3076923077    183.401  
 0.0    183.535  
 13.2307692308    183.671  
 0.0    183.804  
 13.3846153846    183.937  
 0.0    184.072  
 13.5384615385    184.205  
 0.0    184.338  
 13.6923076923    184.485  
 0.0    184.618  
 12.6153846154    184.752  
 0.0    184.886  
 12.7692307692    185.019  
 0.0    185.152  
 12.9230769231    185.286  
 0.0    185.419  
 13.0769230769    185.553  
 0.0    185.686  
 12.0    185.82  
 0.0    185.953  
 12.1538461538    186.087  
 0.0    186.22  
 12.3076923077    186.353  
 0.0    186.487  
 12.4615384615    186.62  
 0.0    186.754  
 11.3846153846    186.887  
 0.0    187.021  
 11.5384615385    187.154  
 0.0    187.287  
 11.6923076923    187.422  
 0.0    187.555  
 11.8461538462    187.688  
 0.0    187.821  
 10.7692307692    187.955  
 0.0    188.088  
 10.9230769231    188.222  
 0.0    188.355  
 11.0769230769    188.488  
 0.0    188.622  
 11.2307692308    188.755  
 0.0    188.889  
 10.1538461538    189.022  
 0.0    189.155  
 10.3076923077    189.289  
 0.0    189.422  
 10.4615384615    189.556  
 0.0    189.689  
 10.6153846154    189.823  
 0.0    189.956  
 9.53846153846    190.09  
 0.0    190.223  
 9.69230769231    190.356  
 0.0    190.49  
 9.84615384615    190.623  
 0.0    190.757  
 10.0    190.891  
 0.0    191.024  
 8.92307692308    191.157  
 0.0    191.29  
 9.07692307692    191.424  
 0.0    191.557  
 9.23076923077    191.691  
 0.0    191.824  
 9.38461538462    191.958  
 0.0    192.091  
 8.30769230769    192.224  
 0.0    192.358  
 8.46153846154    192.491  
 0.0    192.625  
 8.61538461538    192.758  
 0.0    192.891  
 8.76923076923    193.025  
 0.0    193.158  
 7.69230769231    193.292  
 0.0    193.425  
 7.84615384615    193.559  
 0.0    193.692  
 8.0    193.825  
 0.0    193.959  
 8.15384615385    194.093  
 0.0    194.226  
 7.07692307692    194.359  
 0.0    194.493  
 7.23076923077    194.626  
 0.0    194.76  
 7.38461538462    194.893  
 0.0    195.026  
 7.53846153846    195.16  
 0.0    195.293  
 6.46153846154    195.427  
 0.0    195.56  
 6.61538461538    195.694  
 0.0    195.827  
 6.76923076923    195.96  
 0.0    196.094  
 6.92307692308    196.227  
 0.0    196.361  
 5.84615384615    196.494  
 0.0    196.627  
 6.0    196.761  
 0.0    196.894  
 6.15384615385    197.044  
 0.0    197.178  
 6.30769230769    197.311  
 0.0    197.446  
 5.23076923077    197.579  
 0.0    197.712  
 5.38461538462    197.846  
 0.0    197.979  
 5.53846153846    198.112  
 0.0    198.245  
 5.69230769231    198.379  
 0.0    198.512  
 4.61538461538    198.646  
 0.0    198.779  
 4.76923076923    198.913  
 0.0    199.046  
 4.92307692308    199.179  
 0.0    199.313  
 5.07692307692    199.446  
 0.0    199.58  
 4.0    199.713  
 0.0    199.847  
 4.15384615385    199.98  
 0.0    200.113  
 4.30769230769    200.247  
 0.0    200.38  
 4.46153846154    200.514  
 0.0    200.658  
 19.3846153846    200.797  
 0.0    200.931  
 19.5384615385    201.064  
 0.0    201.197  
 19.6923076923    201.331  
 0.0    201.464  
 19.8461538462    201.598  
 0.0    201.731  
 18.7692307692    201.865  
 0.0    201.998  
 18.9230769231    202.132  
 0.0    202.265  
 19.0769230769    202.399  
 0.0    202.532  
 19.2307692308    202.665  
 0.0    202.799  
 18.1538461538    202.932  
 0.0    203.066  
 18.3076923077    203.199  
 0.0    203.332  
 18.4615384615    203.466  
 0.0    203.599  
 18.6153846154    203.733  
 0.0    203.866  
 17.5384615385    204.0  
 0.0    204.134  
 17.6923076923    204.267  
 0.0    204.4  
 17.8461538462    204.533  
 0.0    204.667  
 18.0    204.8  
 0.0    204.933  
 16.9230769231    205.067  
 0.0    205.2  
 17.0769230769    205.334  
 0.0    205.467  
 17.2307692308    205.601  
 0.0    205.734  
 17.3846153846    205.868  
 0.0    206.001  
 16.3076923077    206.135  
 0.0    206.268  
 16.4615384615    206.401  
 0.0    206.535  
 16.6153846154    206.668  
 0.0    206.802  
 16.7692307692    206.935  
 0.0    207.068  
 15.6923076923    207.202  
 0.0    207.335  
 15.8461538462    207.469  
 0.0    207.603  
 16.0    207.736  
 0.0    207.869  
 16.1538461538    208.003  
 0.0    208.136  
 15.0769230769    208.269  
 0.0    208.403  
 15.2307692308    208.536  
 0.0    208.67  
 15.3846153846    208.803  
 0.0    208.936  
 15.5384615385    209.07  
 0.0    209.203  
 14.4615384615    209.337  
 0.0    209.47  
 14.6153846154    209.603  
 0.0    209.737  
 14.7692307692    209.871  
 0.0    210.004  
 14.9230769231    210.137  
 0.0    210.271  
 13.8461538462    210.404  
 0.0    210.538  
 14.0    210.671  
 0.0    210.805  
 14.1538461538    210.939  
 0.0    211.071  
 14.3076923077    211.205  
 0.0    211.338  
 13.2307692308    211.472  
 0.0    211.605  
 13.3846153846    211.739  
 0.0    211.872  
 13.5384615385    212.005  
 0.0    212.139  
 13.6923076923    212.272  
 0.0    212.406  
 12.6153846154    212.539  
 0.0    212.673  
 12.7692307692    212.806  
 0.0    212.939  
 12.9230769231    213.073  
 0.0    213.206  
 13.0769230769    213.339  
 0.0    213.473  
 12.0    213.607  
 0.0    213.74  
 12.1538461538    213.873  
 0.0    214.007  
 12.3076923077    214.141  
 0.0    214.274  
 12.4615384615    214.407  
 0.0    214.541  
 11.3846153846    214.674  
 0.0    214.807  
 11.5384615385    214.941  
 0.0    215.074  
 11.6923076923    215.208  
 0.0    215.341  
 11.8461538462    215.474  
 0.0    215.608  
 10.7692307692    215.741  
 0.0    215.875  
 10.9230769231    216.008  
 0.0    216.142  
 11.0769230769    216.275  
 0.0    216.409  
 11.2307692308    216.542  
 0.0    216.675  
 10.1538461538    216.809  
 0.0    216.942  
 10.3076923077    217.076  
 0.0    217.209  
 10.4615384615    217.342  
 0.0    217.477  
 10.6153846154    217.61  
 0.0    217.743  
 9.53846153846    217.876  
 0.0    218.01  
 9.69230769231    218.143  
 0.0    218.277  
 9.84615384615    218.41  
 0.0    218.543  
 10.0    218.677  
 0.0    218.81  
 8.92307692308    218.943  
 0.0    219.077  
 9.07692307692    219.21  
 0.0    219.344  
 9.23076923077    219.477  
 0.0    219.611  
 9.38461538462    219.744  
 0.0    219.878  
 8.30769230769    220.011  
 0.0    220.145  
 8.46153846154    220.278  
 0.0    220.412  
 8.61538461538    220.545  
 0.0    220.678  
 8.76923076923    220.812  
 0.0    220.946  
 7.69230769231    221.079  
 0.0    221.212  
 7.84615384615    221.346  
 0.0    221.479  
 8.0    221.612  
 0.0    221.746  
 8.15384615385    221.879  
 0.0    222.013  
 7.07692307692    222.146  
 0.0    222.279  
 7.23076923077    222.413  
 0.0    222.546  
 7.38461538462    222.68  
 0.0    222.813  
 7.53846153846    222.947  
 0.0    223.096  
 6.46153846154    223.23  
 0.0    223.364  
 6.61538461538    223.497  
 0.0    223.63  
 6.76923076923    223.764  
 0.0    223.897  
 6.92307692308    224.031  
 0.0    224.165  
 5.84615384615    224.298  
 0.0    224.431  
 6.0    224.564  
 0.0    224.698  
 6.15384615385    224.831  
 0.0    224.965  
 6.30769230769    225.098  
 0.0    225.232  
 5.23076923077    225.365  
 0.0    225.499  
 5.38461538462    225.632  
 0.0    225.765  
 5.53846153846    225.899  
 0.0    226.032  
 5.69230769231    226.166  
 0.0    226.299  
 4.61538461538    226.433  
 0.0    226.567  
 4.76923076923    226.7  
 0.0    226.833  
 4.92307692308    226.966  
 0.0    227.1  
 5.07692307692    227.233  
 0.0    227.367  
 4.0    227.501  
 0.0    227.634  
 4.15384615385    227.767  
 0.0    227.9  
 4.30769230769    228.034  
 0.0    228.167  
 4.46153846154    228.3  
 0.0    228.447  
 19.3846153846    228.584  
 0.0    228.717  
 19.5384615385    228.851  
 0.0    228.984  
 19.6923076923    229.118  
 0.0    229.251  
 19.8461538462    229.385  
 0.0    229.518  
 18.7692307692    229.652  
 0.0    229.785  
 18.9230769231    229.919  
 0.0    230.052  
 19.0769230769    230.185  
 0.0    230.319  
 19.2307692308    230.452  
 0.0    230.585  
 18.1538461538    230.719  
 0.0    230.853  
 18.3076923077    230.987  
 0.0    231.12  
 18.4615384615    231.253  
 0.0    231.386  
 18.6153846154    231.52  
 0.0    231.653  
 17.5384615385    231.787  
 0.0    231.92  
 17.6923076923    232.053  
 0.0    232.187  
 17.8461538462    232.32  
 0.0    232.453  
 18.0    232.587  
 0.0    232.72  
 16.9230769231    232.854  
 0.0    232.987  
 17.0769230769    233.121  
 0.0    233.254  
 17.2307692308    233.388  
 0.0    233.521  
 17.3846153846    233.655  
 0.0    233.788  
 16.3076923077    233.921  
 0.0    234.055  
 16.4615384615    234.189  
 0.0    234.322  
 16.6153846154    234.455  
 0.0    234.588  
 16.7692307692    234.722  
 0.0    234.855  
 15.6923076923    234.989  
 0.0    235.122  
 15.8461538462    235.256  
 0.0    235.389  
 16.0    235.523  
 0.0    235.656  
 16.1538461538    235.79  
 0.0    235.923  
 15.0769230769    236.056  
 0.0    236.189  
 15.2307692308    236.323  
 0.0    236.456  
 15.3846153846    236.59  
 0.0    236.723  
 15.5384615385    236.857  
 0.0    236.99  
 14.4615384615    237.124  
 0.0    237.257  
 14.6153846154    237.391  
 0.0    237.525  
 14.7692307692    237.658  
 0.0    237.791  
 14.9230769231    237.925  
 0.0    238.058  
 13.8461538462    238.191  
 0.0    238.324  
 14.0    238.458  
 0.0    238.591  
 14.1538461538    238.725  
 0.0    238.858  
 14.3076923077    238.992  
 0.0    239.125  
 13.2307692308    239.259  
 0.0    239.392  
 13.3846153846    239.525  
 0.0    239.659  
 13.5384615385    239.792  
 0.0    239.926  
 13.6923076923    240.059  
 0.0    240.193  
 12.6153846154    240.326  
 0.0    240.459  
 12.7692307692    240.593  
 0.0    240.726  
 12.9230769231    240.86  
 0.0    240.993  
 13.0769230769    241.127  
 0.0    241.26  
 12.0    241.393  
 0.0    241.527  
 12.1538461538    241.66  
 0.0    241.794  
 12.3076923077    241.927  
 0.0    242.06  
 12.4615384615    242.194  
 0.0    242.327  
 11.3846153846    242.46  
 0.0    242.594  
 11.5384615385    242.728  
 0.0    242.861  
 11.6923076923    242.995  
 0.0    243.128  
 11.8461538462    243.261  
 0.0    243.395  
 10.7692307692    243.528  
 0.0    243.662  
 10.9230769231    243.795  
 0.0    243.928  
 11.0769230769    244.062  
 0.0    244.196  
 11.2307692308    244.329  
 0.0    244.462  
 10.1538461538    244.596  
 0.0    244.729  
 10.3076923077    244.863  
 0.0    244.996  
 10.4615384615    245.129  
 0.0    245.263  
 10.6153846154    245.396  
 0.0    245.53  
 9.53846153846    245.663  
 0.0    245.797  
 9.69230769231    245.93  
 0.0    246.063  
 9.84615384615    246.197  
 0.0    246.33  
 10.0    246.464  
 0.0    246.597  
 8.92307692308    246.731  
 0.0    246.864  
 9.07692307692    246.997  
 0.0    247.131  
 9.23076923077    247.264  
 0.0    247.398  
 9.38461538462    247.532  
 0.0    247.665  
 8.30769230769    247.798  
 0.0    247.931  
 8.46153846154    248.065  
 0.0    248.198  
 8.61538461538    248.332  
 0.0    248.465  
 8.76923076923    248.599  
 0.0    248.732  
 7.69230769231    248.865  
 0.0    248.999  
 7.84615384615    249.132  
 0.0    249.266  
 8.0    249.399  
 0.0    249.533  
 8.15384615385    249.666  
 0.0    249.799  
 7.07692307692    249.933  
 0.0    250.066  
 7.23076923077    250.2  
 0.0    250.333  
 7.38461538462    250.467  
 0.0    250.6  
 7.53846153846    250.734  
 0.0    250.868  
 6.46153846154    251.001  
 0.0    251.135  
 6.61538461538    251.268  
 0.0    251.402  
 6.76923076923    251.535  
 0.0    251.669  
 6.92307692308    251.802  
 0.0    251.935  
 5.84615384615    252.068  
 0.0    252.201  
 6.0    252.335  
 0.0    252.468  
 6.15384615385    252.602  
 0.0    252.735  
 6.30769230769    252.868  
 0.0    253.002  
 5.23076923077    253.135  
 0.0    253.269  
 5.38461538462    253.402  
 0.0    253.535  
 5.53846153846    253.669  
 0.0    253.802  
 5.69230769231    253.936  
 0.0    254.069  
 4.61538461538    254.203  
 0.0    254.336  
 4.76923076923    254.469  
 0.0    254.603  
 4.92307692308    254.736  
 0.0    254.87  
 5.07692307692    255.003  
 0.0    255.137  
 4.0    255.27  
 0.0    255.404  
 4.15384615385    255.537  
 0.0    255.67  
 4.30769230769    255.804  
 0.0    255.937  
 4.46153846154    256.071  
 0.0    256.216  
 19.3846153846    256.353  
 0.0    256.488  
 19.5384615385    256.621  
 0.0    256.754  
 19.6923076923    256.888  
 0.0    257.021  
 19.8461538462    257.155  
 0.0    257.288  
 18.7692307692    257.422  
 0.0    257.556  
 18.9230769231    257.69  
 0.0    257.824  
 19.0769230769    257.957  
 0.0    258.091  
 19.2307692308    258.224  
 0.0    258.357  
 18.1538461538    258.491  
 0.0    258.624  
 18.3076923077    258.758  
 0.0    258.891  
 18.4615384615    259.024  
 0.0    259.157  
 18.6153846154    259.291  
 0.0    259.424  
 17.5384615385    259.557  
 0.0    259.691  
 17.6923076923    259.824  
 0.0    259.957  
 17.8461538462    260.09  
 0.0    260.224  
 18.0    260.357  
 0.0    260.491  
 16.9230769231    260.624  
 0.0    260.757  
 17.0769230769    260.892  
 0.0    261.025  
 17.2307692308    261.164  
 0.0    261.307  
 17.3846153846    261.441  
 0.0    261.575  
 16.3076923077    261.708  
 0.0    261.841  
 16.4615384615    261.975  
 0.0    262.108  
 16.6153846154    262.242  
 0.0    262.375  
 16.7692307692    262.509  
 0.0    262.642  
 15.6923076923    262.776  
 0.0    262.909  
 15.8461538462    263.043  
 0.0    263.176  
 16.0    263.309  
 0.0    263.443  
 16.1538461538    263.576  
 0.0    263.709  
 15.0769230769    263.843  
 0.0    263.976  
 15.2307692308    264.11  
 0.0    264.244  
 15.3846153846    264.377  
 0.0    264.51  
 15.5384615385    264.644  
 0.0    264.777  
 14.4615384615    264.911  
 0.0    265.044  
 14.6153846154    265.181  
 0.0    265.314  
 14.7692307692    265.447  
 0.0    265.58  
 14.9230769231    265.714  
 0.0    265.847  
 13.8461538462    265.98  
 0.0    266.114  
 14.0    266.247  
 0.0    266.38  
 14.1538461538    266.514  
 0.0    266.647  
 14.3076923077    266.78  
 0.0    266.914  
 13.2307692308    267.047  
 0.0    267.18  
 13.3846153846    267.314  
 0.0    267.447  
 13.5384615385    267.581  
 0.0    267.714  
 13.6923076923    267.847  
 0.0    267.981  
 12.6153846154    268.114  
 0.0    268.247  
 12.7692307692    268.381  
 0.0    268.514  
 12.9230769231    268.647  
 0.0    268.78  
 13.0769230769    268.913  
 0.0    269.047  
 12.0    269.18  
 0.0    269.314  
 12.1538461538    269.447  
 0.0    269.581  
 12.3076923077    269.714  
 0.0    269.847  
 12.4615384615    269.981  
 0.0    270.114  
 11.3846153846    270.248  
 0.0    270.381  
 11.5384615385    270.515  
 0.0    270.648  
 11.6923076923    270.781  
 0.0    270.916  
 11.8461538462    271.049  
 0.0    271.182  
 10.7692307692    271.315  
 0.0    271.449  
 10.9230769231    271.582  
 0.0    271.715  
 11.0769230769    271.849  
 0.0    271.982  
 11.2307692308    272.116  
 0.0    272.249  
 10.1538461538    272.383  
 0.0    272.516  
 10.3076923077    272.649  
 0.0    272.783  
 10.4615384615    272.916  
 0.0    273.05  
 10.6153846154    273.183  
 0.0    273.316  
 9.53846153846    273.451  
 0.0    273.584  
 9.69230769231    273.718  
 0.0    273.851  
 9.84615384615    273.985  
 0.0    274.118  
 10.0    274.252  
 0.0    274.386  
 8.92307692308    274.519  
 0.0    274.653  
 9.07692307692    274.786  
 0.0    274.919  
 9.23076923077    275.053  
 0.0    275.186  
 9.38461538462    275.319  
 0.0    275.452  
 8.30769230769    275.586  
 0.0    275.72  
 8.46153846154    275.854  
 0.0    275.987  
 8.61538461538    276.121  
 0.0    276.254  
 8.76923076923    276.387  
 0.0    276.52  
 7.69230769231    276.653  
 0.0    276.787  
 7.84615384615    276.92  
 0.0    277.053  
 8.0    277.186  
 0.0    277.32  
 8.15384615385    277.453  
 0.0    277.587  
 7.07692307692    277.721  
 0.0    277.854  
 7.23076923077    277.987  
 0.0    278.12  
 7.38461538462    278.253  
 0.0    278.387  
 7.53846153846    278.52  
 0.0    278.654  
 6.46153846154    278.787  
 0.0    278.921  
 6.61538461538    279.054  
 0.0    279.187  
 6.76923076923    279.321  
 0.0    279.454  
 6.92307692308    279.588  
 0.0    279.721  
 5.84615384615    279.855  
 0.0    279.988  
 6.0    280.121  
 0.0    280.255  
 6.15384615385    280.388  
 0.0    280.522  
 6.30769230769    280.655  
 0.0    280.789  
 5.23076923077    280.923  
 0.0    281.056  
 5.38461538462    281.19  
 0.0    281.323  
 5.53846153846    281.456  
 0.0    281.589  
 5.69230769231    281.723  
 0.0    281.856  
 4.61538461538    281.989  
 0.0    282.123  
 4.76923076923    282.256  
 0.0    282.39  
 4.92307692308    282.523  
 0.0    282.657  
 5.07692307692    282.79  
 0.0    282.923  
 4.0    283.057  
 0.0    283.19  
 4.15384615385    283.324  
 0.0    283.457  
 4.30769230769    283.591  
 0.0    283.724  
 4.46153846154    283.858  
 0.0    284.004  
 19.3846153846    284.14  
 0.0    284.275  
 19.5384615385    284.411  
 0.0    284.544  
 19.6923076923    284.678  
 0.0    284.811  
 19.8461538462    284.945  
 0.0    285.078  
 18.7692307692    285.212  
 0.0    285.345  
 18.9230769231    285.478  
 0.0    285.612  
 19.0769230769    285.745  
 0.0    285.878  
 19.2307692308    286.012  
 0.0    286.145  
 18.1538461538    286.279  
 0.0    286.425  
 18.3076923077    286.56  
 0.0    286.693  
 18.4615384615    286.827  
 0.0    286.96  
 18.6153846154    287.094  
 0.0    287.227  
 17.5384615385    287.361  
 0.0    287.494  
 17.6923076923    287.628  
 0.0    287.761  
 17.8461538462    287.895  
 0.0    288.028  
 18.0    288.163  
 0.0    288.296  
 16.9230769231    288.43  
 0.0    288.563  
 17.0769230769    288.696  
 0.0    288.83  
 17.2307692308    288.964  
 0.0    289.097  
 17.3846153846    289.231  
 0.0    289.364  
 16.3076923077    289.497  
 0.0    289.631  
 16.4615384615    289.764  
 0.0    289.898  
 16.6153846154    290.032  
 0.0    290.165  
 16.7692307692    290.298  
 0.0    290.432  
 15.6923076923    290.565  
 0.0    290.699  
 15.8461538462    290.833  
 0.0    290.966  
 16.0    291.1  
 0.0    291.233  
 16.1538461538    291.367  
 0.0    291.5  
 15.0769230769    291.634  
 0.0    291.767  
 15.2307692308    291.9  
 0.0    292.033  
 15.3846153846    292.167  
 0.0    292.3  
 15.5384615385    292.433  
 0.0    292.567  
 14.4615384615    292.7  
 0.0    292.834  
 14.6153846154    292.967  
 0.0    293.1  
 14.7692307692    293.234  
 0.0    293.367  
 14.9230769231    293.501  
 0.0    293.634  
 13.8461538462    293.768  
 0.0    293.901  
 14.0    294.035  
 0.0    294.168  
 14.1538461538    294.302  
 0.0    294.435  
 14.3076923077    294.569  
 0.0    294.702  
 13.2307692308    294.836  
 0.0    294.969  
 13.3846153846    295.103  
 0.0    295.236  
 13.5384615385    295.369  
 0.0    295.503  
 13.6923076923    295.636  
 0.0    295.769  
 12.6153846154    295.903  
 0.0    296.036  
 12.7692307692    296.169  
 0.0    296.303  
 12.9230769231    296.436  
 0.0    296.57  
 13.0769230769    296.703  
 0.0    296.837  
 12.0    296.97  
 0.0    297.103  
 12.1538461538    297.237  
 0.0    297.37  
 12.3076923077    297.503  
 0.0    297.637  
 12.4615384615    297.771  
 0.0    297.904  
 11.3846153846    298.038  
 0.0    298.171  
 11.5384615385    298.304  
 0.0    298.438  
 11.6923076923    298.571  
 0.0    298.705  
 11.8461538462    298.839  
 0.0    298.972  
 10.7692307692    299.105  
 0.0    299.239  
 10.9230769231    299.372  
 0.0    299.506  
 11.0769230769    299.639  
 0.0    299.772  
 11.2307692308    299.906  
 0.0    300.039  
 10.1538461538    300.173  
 0.0    300.306  
 10.3076923077    300.439  
 0.0    300.573  
 10.4615384615    300.706  
 0.0    300.839  
 10.6153846154    300.973  
 0.0    301.106  
 9.53846153846    301.24  
 0.0    301.373  
 9.69230769231    301.506  
 0.0    301.64  
 9.84615384615    301.773  
 0.0    301.906  
 10.0    302.04  
 0.0    302.173  
 8.92307692308    302.307  
 0.0    302.44  
 9.07692307692    302.574  
 0.0    302.707  
 9.23076923077    302.841  
 0.0    302.974  
 9.38461538462    303.107  
 0.0    303.241  
 8.30769230769    303.374  
 0.0    303.508  
 8.46153846154    303.641  
 0.0    303.775  
 8.61538461538    303.908  
 0.0    304.042  
 8.76923076923    304.175  
 0.0    304.309  
 7.69230769231    304.442  
 0.0    304.576  
 7.84615384615    304.709  
 0.0    304.843  
 8.0    304.976  
 0.0    305.109  
 8.15384615385    305.243  
 0.0    305.376  
 7.07692307692    305.51  
 0.0    305.643  
 7.23076923077    305.777  
 0.0    305.91  
 7.38461538462    306.043  
 0.0    306.177  
 7.53846153846    306.31  
 0.0    306.443  
 6.46153846154    306.577  
 0.0    306.71  
 6.61538461538    306.844  
 0.0    306.977  
 6.76923076923    307.11  
 0.0    307.244  
 6.92307692308    307.378  
 0.0    307.512  
 5.84615384615    307.645  
 0.0    307.778  
 6.0    307.912  
 0.0    308.045  
 6.15384615385    308.179  
 0.0    308.312  
 6.30769230769    308.446  
 0.0    308.579  
 5.23076923077    308.712  
 0.0    308.846  
 5.38461538462    308.98  
 0.0    309.113  
 5.53846153846    309.246  
 0.0    309.379  
 5.69230769231    309.513  
 0.0    309.646  
 4.61538461538    309.779  
 0.0    309.913  
 4.76923076923    310.046  
 0.0    310.179  
 4.92307692308    310.313  
 0.0    310.446  
 5.07692307692    310.579  
 0.0    310.713  
 4.0    310.846  
 0.0    310.98  
 4.15384615385    311.113  
 0.0    311.247  
 4.30769230769    311.38  
 0.0    311.514  
 4.46153846154    311.647  
