 31.357    31.357  
 0.0    31.374  
 352.0    31.506  
 0.0    31.639  
 348.75    31.772  
 0.0    31.905  
 345.5    32.039  
 0.0    32.172  
 342.25    32.306  
 0.0    32.439  
 339.0    32.573  
 0.0    32.706  
 335.75    32.839  
 0.0    32.973  
 332.5    33.106  
 0.0    33.24  
 329.25    33.373  
 0.0    33.507  
 326.0    33.64  
 0.0    33.773  
 322.75    33.907  
 0.0    34.04  
 319.5    34.174  
 0.0    34.307  
 316.25    34.441  
 0.0    34.574  
 313.0    34.707  
 0.0    34.841  
 309.75    34.974  
 0.0    35.108  
 306.5    35.241  
 0.0    35.375  
 303.25    35.508  
 0.0    35.641  
 300.0    35.775  
 0.0    35.908  
 296.75    36.042  
 0.0    36.175  
 293.5    36.309  
 0.0    36.442  
 290.25    36.576  
 0.0    36.709  
 287.0    36.842  
 0.0    36.976  
 283.75    37.109  
 0.0    37.243  
 280.5    37.376  
 0.0    37.509  
 277.25    37.643  
 0.0    37.776  
 274.0    37.91  
 0.0    38.043  
 270.75    38.177  
 0.0    38.31  
 267.5    38.444  
 0.0    38.577  
 264.25    38.71  
 0.0    38.844  
 261.0    38.977  
 0.0    39.111  
 257.75    39.244  
 0.0    39.377  
 254.5    39.511  
 0.0    39.644  
 251.25    39.778  
 0.0    39.911  
 248.0    40.045  
 0.0    40.178  
 244.75    40.312  
 0.0    40.445  
 241.5    40.578  
 0.0    40.712  
 238.25    40.845  
 0.0    40.979  
 235.0    41.112  
 0.0    41.246  
 231.75    41.379  
 0.0    41.512  
 228.5    41.646  
 0.0    41.779  
 225.25    41.913  
 0.0    42.046  
 222.0    42.18  
 0.0    42.313  
 218.75    42.446  
 0.0    42.58  
 215.5    42.713  
 0.0    42.847  
 212.25    42.98  
 0.0    43.114  
 209.0    43.247  
 0.0    43.38  
 205.75    43.514  
 0.0    43.647  
 202.5    43.781  
 0.0    43.914  
 199.25    44.048  
 0.0    44.181  
 196.0    44.314  
 0.0    44.448  
 192.75    44.581  
 0.0    44.715  
 189.5    44.848  
 0.0    44.982  
 186.25    45.115  
 0.0    45.248  
 183.0    45.382  
 0.0    45.515  
 179.75    45.649  
 0.0    45.782  
 176.5    45.916  
 0.0    46.049  
 173.25    46.182  
 0.0    46.316  
 170.0    46.449  
 0.0    46.583  
 166.75    46.716  
 0.0    46.85  
 163.5    46.983  
 0.0    47.117  
 160.25    47.25  
 0.0    47.383  
 157.0    47.517  
 0.0    47.65  
 153.75    47.784  
 0.0    47.917  
 150.5    48.05  
 0.0    48.184  
 147.25    48.317  
 0.0    48.451  
 144.0    48.584  
 0.0    48.718  
 140.75    48.851  
 0.0    48.984  
 137.5    49.118  
 0.0    49.251  
 134.25    49.385  
 0.0    49.518  
 131.0    49.652  
 0.0    49.785  
 127.75    49.918  
 0.0    50.052  
 124.5    50.185  
 0.0    50.319  
 121.25    50.452  
 0.0    50.586  
 118.0    50.719  
 0.0    50.853  
 114.75    50.986  
 0.0    51.119  
 111.5    51.253  
 0.0    51.386  
 108.25    51.52  
 0.0    51.653  
 105.0    51.786  
 0.0    51.92  
 101.75    52.054  
 0.0    52.187  
 98.5    52.32  
 0.0    52.454  
 95.25    52.587  
 0.0    52.72  
 92.0    52.854  
 0.0    52.987  
 88.75    53.121  
 0.0    53.255  
 85.5    53.388  
 0.0    53.521  
 82.25    53.655  
 0.0    53.788  
 79.0    53.921  
 0.0    54.055  
 75.75    54.188  
 0.0    54.322  
 72.5    54.455  
 0.0    54.589  
 69.25    54.722  
 0.0    54.855  
 66.0    54.989  
 0.0    55.122  
 62.75    55.256  
 0.0    55.389  
 59.5    55.523  
 0.0    55.656  
 56.25    55.789  
 0.0    55.923  
 53.0    56.056  
 0.0    56.19  
 49.75    56.323  
 0.0    56.457  
 46.5    56.59  
 0.0    56.723  
 43.25    56.857  
 0.0    56.99  
 40.0    57.124  
 0.0    57.257  
 36.75    57.391  
 0.0    57.524  
 33.5    57.657  
 0.0    57.791  
 30.25    57.924  
 0.0    58.058  
 27.0    58.191  
 0.0    58.325  
 23.75    58.458  
 0.0    58.591  
 20.5    58.725  
 0.0    58.858  
 17.25    58.992  
 0.0    59.125  
 14.0    59.259  
 0.0    59.392  
 10.75    59.525  
 0.0    59.659  
 7.5    59.792  
 0.0    59.926  
 4.25    60.059  
 0.0    60.196  
 352.0    60.326  
 0.0    60.459  
 348.75    60.593  
 0.0    60.726  
 345.5    60.86  
 0.0    60.993  
 342.25    61.127  
 0.0    61.26  
 339.0    61.393  
 0.0    61.527  
 335.75    61.66  
 0.0    61.794  
 332.5    61.927  
 0.0    62.061  
 329.25    62.194  
 0.0    62.327  
 326.0    62.461  
 0.0    62.594  
 322.75    62.728  
 0.0    62.861  
 319.5    62.995  
 0.0    63.128  
 316.25    63.261  
 0.0    63.395  
 313.0    63.528  
 0.0    63.662  
 309.75    63.795  
 0.0    63.929  
 306.5    64.062  
 0.0    64.195  
 303.25    64.329  
 0.0    64.462  
 300.0    64.596  
 0.0    64.729  
 296.75    64.863  
 0.0    64.996  
 293.5    65.129  
 0.0    65.263  
 290.25    65.396  
 0.0    65.53  
 287.0    65.663  
 0.0    65.797  
 283.75    65.93  
 0.0    66.063  
 280.5    66.197  
 0.0    66.33  
 277.25    66.464  
 0.0    66.597  
 274.0    66.731  
 0.0    66.864  
 270.75    66.998  
 0.0    67.131  
 267.5    67.264  
 0.0    67.398  
 264.25    67.531  
 0.0    67.665  
 261.0    67.798  
 0.0    67.932  
 257.75    68.065  
 0.0    68.199  
 254.5    68.332  
 0.0    68.465  
 251.25    68.599  
 0.0    68.733  
 248.0    68.866  
 0.0    68.999  
 244.75    69.132  
 0.0    69.266  
 241.5    69.399  
 0.0    69.533  
 238.25    69.666  
 0.0    69.8  
 235.0    69.933  
 0.0    70.066  
 231.75    70.2  
 0.0    70.333  
 228.5    70.467  
 0.0    70.6  
 225.25    70.734  
 0.0    70.867  
 222.0    71.0  
 0.0    71.134  
 218.75    71.267  
 0.0    71.401  
 215.5    71.534  
 0.0    71.668  
 212.25    71.801  
 0.0    71.934  
 209.0    72.068  
 0.0    72.201  
 205.75    72.335  
 0.0    72.468  
 202.5    72.602  
 0.0    72.735  
 199.25    72.868  
 0.0    73.002  
 196.0    73.135  
 0.0    73.269  
 192.75    73.402  
 0.0    73.535  
 189.5    73.669  
 0.0    73.802  
 186.25    73.936  
 0.0    74.069  
 183.0    74.203  
 0.0    74.336  
 179.75    74.47  
 0.0    74.603  
 176.5    74.736  
 0.0    74.87  
 173.25    75.003  
 0.0    75.137  
 170.0    75.27  
 0.0    75.404  
 166.75    75.537  
 0.0    75.67  
 163.5    75.804  
 0.0    75.937  
 160.25    76.071  
 0.0    76.204  
 157.0    76.338  
 0.0    76.471  
 153.75    76.605  
 0.0    76.738  
 150.5    76.871  
 0.0    77.005  
 147.25    77.138  
 0.0    77.272  
 144.0    77.405  
 0.0    77.538  
 140.75    77.672  
 0.0    77.805  
 137.5    77.939  
 0.0    78.072  
 134.25    78.206  
 0.0    78.339  
 131.0    78.473  
 0.0    78.606  
 127.75    78.739  
 0.0    78.873  
 124.5    79.006  
 0.0    79.14  
 121.25    79.273  
 0.0    79.406  
 118.0    79.54  
 0.0    79.673  
 114.75    79.807  
 0.0    79.94  
 111.5    80.074  
 0.0    80.207  
 108.25    80.341  
 0.0    80.474  
 105.0    80.607  
 0.0    80.741  
 101.75    80.874  
 0.0    81.008  
 98.5    81.141  
 0.0    81.275  
 95.25    81.408  
 0.0    81.541  
 92.0    81.675  
 0.0    81.808  
 88.75    81.942  
 0.0    82.075  
 85.5    82.208  
 0.0    82.342  
 82.25    82.475  
 0.0    82.609  
 79.0    82.742  
 0.0    82.876  
 75.75    83.009  
 0.0    83.142  
 72.5    83.276  
 0.0    83.409  
 69.25    83.543  
 0.0    83.676  
 66.0    83.81  
 0.0    83.943  
 62.75    84.077  
 0.0    84.21  
 59.5    84.343  
 0.0    84.477  
 56.25    84.61  
 0.0    84.744  
 53.0    84.877  
 0.0    85.011  
 49.75    85.144  
 0.0    85.277  
 46.5    85.411  
 0.0    85.545  
 43.25    85.678  
 0.0    85.811  
 40.0    85.945  
 0.0    86.078  
 36.75    86.211  
 0.0    86.345  
 33.5    86.478  
 0.0    86.612  
 30.25    86.745  
 0.0    86.879  
 27.0    87.012  
 0.0    87.145  
 23.75    87.279  
 0.0    87.412  
 20.5    87.546  
 0.0    87.679  
 17.25    87.813  
 0.0    87.946  
 14.0    88.079  
 0.0    88.213  
 10.75    88.346  
 0.0    88.48  
 7.5    88.613  
 0.0    88.747  
 4.25    88.88  
 0.0    89.017  
 352.0    89.147  
 0.0    89.28  
 348.75    89.414  
 0.0    89.547  
 345.5    89.681  
 0.0    89.814  
 342.25    89.947  
 0.0    90.081  
 339.0    90.214  
 0.0    90.348  
 335.75    90.481  
 0.0    90.615  
 332.5    90.748  
 0.0    90.881  
 329.25    91.015  
 0.0    91.148  
 326.0    91.282  
 0.0    91.415  
 322.75    91.549  
 0.0    91.682  
 319.5    91.815  
 0.0    91.949  
 316.25    92.082  
 0.0    92.216  
 313.0    92.349  
 0.0    92.483  
 309.75    92.616  
 0.0    92.749  
 306.5    92.883  
 0.0    93.016  
 303.25    93.15  
 0.0    93.283  
 300.0    93.417  
 0.0    93.55  
 296.75    93.684  
 0.0    93.817  
 293.5    93.95  
 0.0    94.084  
 290.25    94.217  
 0.0    94.351  
 287.0    94.484  
 0.0    94.617  
 283.75    94.751  
 0.0    94.884  
 280.5    95.018  
 0.0    95.151  
 277.25    95.285  
 0.0    95.418  
 274.0    95.551  
 0.0    95.685  
 270.75    95.818  
 0.0    95.952  
 267.5    96.085  
 0.0    96.219  
 264.25    96.352  
 0.0    96.485  
 261.0    96.619  
 0.0    96.752  
 257.75    96.886  
 0.0    97.019  
 254.5    97.153  
 0.0    97.286  
 251.25    97.419  
 0.0    97.553  
 248.0    97.686  
 0.0    97.82  
 244.75    97.953  
 0.0    98.087  
 241.5    98.22  
 0.0    98.354  
 238.25    98.487  
 0.0    98.62  
 235.0    98.754  
 0.0    98.887  
 231.75    99.021  
 0.0    99.154  
 228.5    99.288  
 0.0    99.421  
 225.25    99.554  
 0.0    99.688  
 222.0    99.821  
 0.0    99.955  
 218.75    100.088  
 0.0    100.222  
 215.5    100.355  
 0.0    100.488  
 212.25    100.622  
 0.0    100.755  
 209.0    100.889  
 0.0    101.022  
 205.75    101.156  
 0.0    101.289  
 202.5    101.422  
 0.0    101.556  
 199.25    101.689  
 0.0    101.823  
 196.0    101.956  
 0.0    102.09  
 192.75    102.223  
 0.0    102.356  
 189.5    102.49  
 0.0    102.623  
 186.25    102.757  
 0.0    102.89  
 183.0    103.024  
 0.0    103.157  
 179.75    103.29  
 0.0    103.424  
 176.5    103.557  
 0.0    103.691  
 173.25    103.824  
 0.0    103.958  
 170.0    104.091  
 0.0    104.224  
 166.75    104.358  
 0.0    104.491  
 163.5    104.625  
 0.0    104.758  
 160.25    104.892  
 0.0    105.025  
 157.0    105.159  
 0.0    105.292  
 153.75    105.425  
 0.0    105.559  
 150.5    105.692  
 0.0    105.826  
 147.25    105.959  
 0.0    106.092  
 144.0    106.226  
 0.0    106.359  
 140.75    106.493  
 0.0    106.626  
 137.5    106.76  
 0.0    106.893  
 134.25    107.027  
 0.0    107.16  
 131.0    107.293  
 0.0    107.427  
 127.75    107.56  
 0.0    107.694  
 124.5    107.827  
 0.0    107.961  
 121.25    108.094  
 0.0    108.227  
 118.0    108.361  
 0.0    108.494  
 114.75    108.628  
 0.0    108.761  
 111.5    108.894  
 0.0    109.028  
 108.25    109.161  
 0.0    109.295  
 105.0    109.428  
 0.0    109.562  
 101.75    109.695  
 0.0    109.829  
 98.5    109.962  
 0.0    110.095  
 95.25    110.229  
 0.0    110.362  
 92.0    110.496  
 0.0    110.629  
 88.75    110.763  
 0.0    110.896  
 85.5    111.029  
 0.0    111.163  
 82.25    111.297  
 0.0    111.43  
 79.0    111.563  
 0.0    111.696  
 75.75    111.83  
 0.0    111.963  
 72.5    112.097  
 0.0    112.23  
 69.25    112.364  
 0.0    112.497  
 66.0    112.631  
 0.0    112.764  
 62.75    112.897  
 0.0    113.031  
 59.5    113.164  
 0.0    113.298  
 56.25    113.431  
 0.0    113.565  
 53.0    113.698  
 0.0    113.831  
 49.75    113.965  
 0.0    114.098  
 46.5    114.232  
 0.0    114.365  
 43.25    114.499  
 0.0    114.632  
 40.0    114.765  
 0.0    114.899  
 36.75    115.032  
 0.0    115.166  
 33.5    115.299  
 0.0    115.433  
 30.25    115.566  
 0.0    115.699  
 27.0    115.833  
 0.0    115.966  
 23.75    116.1  
 0.0    116.233  
 20.5    116.367  
 0.0    116.5  
 17.25    116.633  
 0.0    116.767  
 14.0    116.9  
 0.0    117.034  
 10.75    117.167  
 0.0    117.301  
 7.5    117.434  
 0.0    117.567  
 4.25    117.701  
 0.0    117.839  
 352.0    117.968  
 0.0    118.101  
 348.75    118.235  
 0.0    118.368  
 345.5    118.501  
 0.0    118.635  
 342.25    118.768  
 0.0    118.902  
 339.0    119.035  
 0.0    119.169  
 335.75    119.302  
 0.0    119.435  
 332.5    119.569  
 0.0    119.702  
 329.25    119.836  
 0.0    119.969  
 326.0    120.103  
 0.0    120.236  
 322.75    120.369  
 0.0    120.503  
 319.5    120.636  
 0.0    120.77  
 316.25    120.903  
 0.0    121.037  
 313.0    121.17  
 0.0    121.304  
 309.75    121.437  
 0.0    121.57  
 306.5    121.704  
 0.0    121.837  
 303.25    121.971  
 0.0    122.104  
 300.0    122.238  
 0.0    122.371  
 296.75    122.504  
 0.0    122.638  
 293.5    122.771  
 0.0    122.905  
 290.25    123.038  
 0.0    123.171  
 287.0    123.305  
 0.0    123.438  
 283.75    123.572  
 0.0    123.705  
 280.5    123.839  
 0.0    123.972  
 277.25    124.106  
 0.0    124.239  
 274.0    124.372  
 0.0    124.506  
 270.75    124.639  
 0.0    124.773  
 267.5    124.906  
 0.0    125.039  
 264.25    125.173  
 0.0    125.306  
 261.0    125.44  
 0.0    125.573  
 257.75    125.707  
 0.0    125.84  
 254.5    125.973  
 0.0    126.107  
 251.25    126.24  
 0.0    126.374  
 248.0    126.507  
 0.0    126.641  
 244.75    126.774  
 0.0    126.908  
 241.5    127.041  
 0.0    127.174  
 238.25    127.308  
 0.0    127.441  
 235.0    127.575  
 0.0    127.708  
 231.75    127.841  
 0.0    127.975  
 228.5    128.108  
 0.0    128.242  
 225.25    128.375  
 0.0    128.509  
 222.0    128.642  
 0.0    128.776  
 218.75    128.909  
 0.0    129.042  
 215.5    129.176  
 0.0    129.309  
 212.25    129.443  
 0.0    129.576  
 209.0    129.71  
 0.0    129.843  
 205.75    129.976  
 0.0    130.11  
 202.5    130.243  
 0.0    130.377  
 199.25    130.51  
 0.0    130.644  
 196.0    130.777  
 0.0    130.91  
 192.75    131.044  
 0.0    131.177  
 189.5    131.311  
 0.0    131.444  
 186.25    131.578  
 0.0    131.711  
 183.0    131.844  
 0.0    131.978  
 179.75    132.111  
 0.0    132.245  
 176.5    132.378  
 0.0    132.512  
 173.25    132.645  
 0.0    132.778  
 170.0    132.912  
 0.0    133.045  
 166.75    133.179  
 0.0    133.312  
 163.5    133.446  
 0.0    133.579  
 160.25    133.712  
 0.0    133.846  
 157.0    133.979  
 0.0    134.113  
 153.75    134.246  
 0.0    134.38  
 150.5    134.513  
 0.0    134.647  
 147.25    134.78  
 0.0    134.913  
 144.0    135.047  
 0.0    135.18  
 140.75    135.314  
 0.0    135.447  
 137.5    135.581  
 0.0    135.714  
 134.25    135.847  
 0.0    135.981  
 131.0    136.114  
 0.0    136.248  
 127.75    136.381  
 0.0    136.515  
 124.5    136.648  
 0.0    136.781  
 121.25    136.915  
 0.0    137.048  
 118.0    137.182  
 0.0    137.315  
 114.75    137.448  
 0.0    137.582  
 111.5    137.715  
 0.0    137.849  
 108.25    137.982  
 0.0    138.116  
 105.0    138.249  
 0.0    138.383  
 101.75    138.516  
 0.0    138.649  
 98.5    138.783  
 0.0    138.916  
 95.25    139.05  
 0.0    139.183  
 92.0    139.317  
 0.0    139.45  
 88.75    139.583  
 0.0    139.717  
 85.5    139.85  
 0.0    139.984  
 82.25    140.117  
 0.0    140.25  
 79.0    140.384  
 0.0    140.517  
 75.75    140.651  
 0.0    140.784  
 72.5    140.918  
 0.0    141.051  
 69.25    141.185  
 0.0    141.318  
 66.0    141.451  
 0.0    141.585  
 62.75    141.718  
 0.0    141.852  
 59.5    141.985  
 0.0    142.119  
 56.25    142.252  
 0.0    142.385  
 53.0    142.519  
 0.0    142.652  
 49.75    142.786  
 0.0    142.919  
 46.5    143.053  
 0.0    143.186  
 43.25    143.319  
 0.0    143.453  
 40.0    143.586  
 0.0    143.72  
 36.75    143.853  
 0.0    143.987  
 33.5    144.12  
 0.0    144.253  
 30.25    144.387  
 0.0    144.52  
 27.0    144.654  
 0.0    144.787  
 23.75    144.921  
 0.0    145.054  
 20.5    145.187  
 0.0    145.321  
 17.25    145.454  
 0.0    145.588  
 14.0    145.721  
 0.0    145.855  
 10.75    145.988  
 0.0    146.121  
 7.5    146.255  
 0.0    146.388  
 4.25    146.522  
 0.0    146.662  
 352.0    146.79  
 0.0    146.922  
 348.75    147.056  
 0.0    147.189  
 345.5    147.322  
 0.0    147.456  
 342.25    147.589  
 0.0    147.723  
 339.0    147.856  
 0.0    147.99  
 335.75    148.123  
 0.0    148.256  
 332.5    148.39  
 0.0    148.523  
 329.25    148.657  
 0.0    148.79  
 326.0    148.924  
 0.0    149.057  
 322.75    149.19  
 0.0    149.324  
 319.5    149.457  
 0.0    149.591  
 316.25    149.724  
 0.0    149.857  
 313.0    149.991  
 0.0    150.124  
 309.75    150.258  
 0.0    150.391  
 306.5    150.525  
 0.0    150.658  
 303.25    150.792  
 0.0    150.925  
 300.0    151.058  
 0.0    151.192  
 296.75    151.325  
 0.0    151.459  
 293.5    151.592  
 0.0    151.726  
 290.25    151.859  
 0.0    151.992  
 287.0    152.126  
 0.0    152.259  
 283.75    152.393  
 0.0    152.526  
 280.5    152.66  
 0.0    152.793  
 277.25    152.926  
 0.0    153.06  
 274.0    153.193  
 0.0    153.327  
 270.75    153.46  
 0.0    153.594  
 267.5    153.727  
 0.0    153.86  
 264.25    153.994  
 0.0    154.127  
 261.0    154.261  
 0.0    154.394  
 257.75    154.528  
 0.0    154.661  
 254.5    154.794  
 0.0    154.928  
 251.25    155.061  
 0.0    155.195  
 248.0    155.328  
 0.0    155.462  
 244.75    155.595  
 0.0    155.728  
 241.5    155.862  
 0.0    155.995  
 238.25    156.129  
 0.0    156.262  
 235.0    156.396  
 0.0    156.529  
 231.75    156.662  
 0.0    156.796  
 228.5    156.929  
 0.0    157.063  
 225.25    157.196  
 0.0    157.33  
 222.0    157.463  
 0.0    157.596  
 218.75    157.73  
 0.0    157.863  
 215.5    157.997  
 0.0    158.13  
 212.25    158.264  
 0.0    158.397  
 209.0    158.531  
 0.0    158.664  
 205.75    158.797  
 0.0    158.931  
 202.5    159.064  
 0.0    159.198  
 199.25    159.331  
 0.0    159.464  
 196.0    159.598  
 0.0    159.731  
 192.75    159.865  
 0.0    159.998  
 189.5    160.132  
 0.0    160.265  
 186.25    160.398  
 0.0    160.532  
 183.0    160.665  
 0.0    160.799  
 179.75    160.932  
 0.0    161.066  
 176.5    161.199  
 0.0    161.332  
 173.25    161.466  
 0.0    161.6  
 170.0    161.733  
 0.0    161.866  
 166.75    162.0  
 0.0    162.134  
 163.5    162.266  
 0.0    162.4  
 160.25    162.533  
 0.0    162.667  
 157.0    162.8  
 0.0    162.934  
 153.75    163.067  
 0.0    163.2  
 150.5    163.334  
 0.0    163.467  
 147.25    163.601  
 0.0    163.734  
 144.0    163.868  
 0.0    164.001  
 140.75    164.135  
 0.0    164.268  
 137.5    164.401  
 0.0    164.535  
 134.25    164.668  
 0.0    164.802  
 131.0    164.935  
 0.0    165.069  
 127.75    165.202  
 0.0    165.335  
 124.5    165.469  
 0.0    165.602  
 121.25    165.736  
 0.0    165.869  
 118.0    166.003  
 0.0    166.136  
 114.75    166.269  
 0.0    166.403  
 111.5    166.536  
 0.0    166.67  
 108.25    166.803  
 0.0    166.937  
 105.0    167.07  
 0.0    167.204  
 101.75    167.337  
 0.0    167.47  
 98.5    167.604  
 0.0    167.737  
 95.25    167.871  
 0.0    168.004  
 92.0    168.137  
 0.0    168.271  
 88.75    168.404  
 0.0    168.538  
 85.5    168.671  
 0.0    168.805  
 82.25    168.938  
 0.0    169.071  
 79.0    169.205  
 0.0    169.338  
 75.75    169.472  
 0.0    169.605  
 72.5    169.739  
 0.0    169.872  
 69.25    170.005  
 0.0    170.139  
 66.0    170.272  
 0.0    170.406  
 62.75    170.539  
 0.0    170.673  
 59.5    170.806  
 0.0    170.939  
 56.25    171.073  
 0.0    171.206  
 53.0    171.34  
 0.0    171.473  
 49.75    171.607  
 0.0    171.74  
 46.5    171.873  
 0.0    172.007  
 43.25    172.14  
 0.0    172.274  
 40.0    172.407  
 0.0    172.541  
 36.75    172.674  
 0.0    172.808  
 33.5    172.941  
 0.0    173.074  
 30.25    173.208  
 0.0    173.341  
 27.0    173.475  
 0.0    173.608  
 23.75    173.742  
 0.0    173.875  
 20.5    174.008  
 0.0    174.142  
 17.25    174.275  
 0.0    174.409  
 14.0    174.542  
 0.0    174.675  
 10.75    174.809  
 0.0    174.942  
 7.5    175.076  
 0.0    175.209  
 4.25    175.343  
 0.0    175.483  
 352.0    175.612  
 0.0    175.743  
 348.75    175.876  
 0.0    176.01  
 345.5    176.143  
 0.0    176.277  
 342.25    176.41  
 0.0    176.544  
 339.0    176.677  
 0.0    176.81  
 335.75    176.944  
 0.0    177.077  
 332.5    177.211  
 0.0    177.344  
 329.25    177.478  
 0.0    177.611  
 326.0    177.744  
 0.0    177.878  
 322.75    178.011  
 0.0    178.145  
 319.5    178.278  
 0.0    178.411  
 316.25    178.545  
 0.0    178.678  
 313.0    178.812  
 0.0    178.945  
 309.75    179.079  
 0.0    179.212  
 306.5    179.346  
 0.0    179.479  
 303.25    179.612  
 0.0    179.746  
 300.0    179.879  
 0.0    180.013  
 296.75    180.146  
 0.0    180.28  
 293.5    180.413  
 0.0    180.546  
 290.25    180.68  
 0.0    180.813  
 287.0    180.947  
 0.0    181.08  
 283.75    181.214  
 0.0    181.347  
 280.5    181.48  
 0.0    181.614  
 277.25    181.747  
 0.0    181.881  
 274.0    182.014  
 0.0    182.148  
 270.75    182.281  
 0.0    182.414  
 267.5    182.548  
 0.0    182.681  
 264.25    182.815  
 0.0    182.948  
 261.0    183.082  
 0.0    183.215  
 257.75    183.348  
 0.0    183.482  
 254.5    183.615  
 0.0    183.749  
 251.25    183.882  
 0.0    184.016  
 248.0    184.149  
 0.0    184.282  
 244.75    184.416  
 0.0    184.549  
 241.5    184.683  
 0.0    184.816  
 238.25    184.95  
 0.0    185.083  
 235.0    185.216  
 0.0    185.35  
 231.75    185.483  
 0.0    185.617  
 228.5    185.75  
 0.0    185.884  
 225.25    186.017  
 0.0    186.15  
 222.0    186.284  
 0.0    186.417  
 218.75    186.551  
 0.0    186.684  
 215.5    186.818  
 0.0    186.951  
 212.25    187.084  
 0.0    187.218  
 209.0    187.351  
 0.0    187.485  
 205.75    187.618  
 0.0    187.752  
 202.5    187.885  
 0.0    188.018  
 199.25    188.152  
 0.0    188.285  
 196.0    188.419  
 0.0    188.552  
 192.75    188.686  
 0.0    188.819  
 189.5    188.953  
 0.0    189.086  
 186.25    189.219  
 0.0    189.353  
 183.0    189.486  
 0.0    189.62  
 179.75    189.753  
 0.0    189.887  
 176.5    190.02  
 0.0    190.153  
 173.25    190.287  
 0.0    190.42  
 170.0    190.554  
 0.0    190.687  
 166.75    190.821  
 0.0    190.954  
 163.5    191.087  
 0.0    191.221  
 160.25    191.354  
 0.0    191.488  
 157.0    191.621  
 0.0    191.754  
 153.75    191.888  
 0.0    192.021  
 150.5    192.155  
 0.0    192.288  
 147.25    192.422  
 0.0    192.555  
 144.0    192.689  
 0.0    192.822  
 140.75    192.955  
 0.0    193.089  
 137.5    193.222  
 0.0    193.356  
 134.25    193.489  
 0.0    193.623  
 131.0    193.756  
 0.0    193.889  
 127.75    194.023  
 0.0    194.156  
 124.5    194.29  
 0.0    194.423  
 121.25    194.556  
 0.0    194.69  
 118.0    194.823  
 0.0    194.957  
 114.75    195.09  
 0.0    195.224  
 111.5    195.357  
 0.0    195.49  
 108.25    195.624  
 0.0    195.757  
 105.0    195.891  
 0.0    196.024  
 101.75    196.158  
 0.0    196.291  
 98.5    196.424  
 0.0    196.558  
 95.25    196.692  
 0.0    196.825  
 92.0    196.958  
 0.0    197.092  
 88.75    197.225  
 0.0    197.359  
 85.5    197.492  
 0.0    197.625  
 82.25    197.759  
 0.0    197.892  
 79.0    198.026  
 0.0    198.159  
 75.75    198.293  
 0.0    198.426  
 72.5    198.559  
 0.0    198.693  
 69.25    198.826  
 0.0    198.96  
 66.0    199.093  
 0.0    199.227  
 62.75    199.36  
 0.0    199.493  
 59.5    199.627  
 0.0    199.76  
 56.25    199.894  
 0.0    200.027  
 53.0    200.161  
 0.0    200.294  
 49.75    200.427  
 0.0    200.561  
 46.5    200.694  
 0.0    200.828  
 43.25    200.961  
 0.0    201.095  
 40.0    201.228  
 0.0    201.362  
 36.75    201.495  
 0.0    201.628  
 33.5    201.762  
 0.0    201.895  
 30.25    202.029  
 0.0    202.162  
 27.0    202.296  
 0.0    202.429  
 23.75    202.562  
 0.0    202.696  
 20.5    202.829  
 0.0    202.963  
 17.25    203.096  
 0.0    203.229  
 14.0    203.363  
 0.0    203.496  
 10.75    203.63  
 0.0    203.763  
 7.5    203.897  
 0.0    204.03  
 4.25    204.163  
 0.0    204.305  
 352.0    204.447  
 0.0    204.58  
 348.75    204.714  
 0.0    204.847  
 345.5    204.981  
 0.0    205.114  
 342.25    205.248  
 0.0    205.381  
 339.0    205.514  
 0.0    205.648  
 335.75    205.781  
 0.0    205.915  
 332.5    206.048  
 0.0    206.182  
 329.25    206.315  
 0.0    206.449  
 326.0    206.582  
 0.0    206.715  
 322.75    206.849  
 0.0    206.982  
 319.5    207.116  
 0.0    207.249  
 316.25    207.383  
 0.0    207.516  
 313.0    207.649  
 0.0    207.783  
 309.75    207.916  
 0.0    208.05  
 306.5    208.183  
 0.0    208.316  
 303.25    208.45  
 0.0    208.583  
 300.0    208.717  
 0.0    208.85  
 296.75    208.984  
 0.0    209.117  
 293.5    209.251  
 0.0    209.384  
 290.25    209.517  
 0.0    209.651  
 287.0    209.784  
 0.0    209.918  
 283.75    210.051  
 0.0    210.185  
 280.5    210.318  
 0.0    210.451  
 277.25    210.585  
 0.0    210.718  
 274.0    210.852  
 0.0    210.985  
 270.75    211.119  
 0.0    211.252  
 267.5    211.385  
 0.0    211.519  
 264.25    211.652  
 0.0    211.786  
 261.0    211.919  
 0.0    212.053  
 257.75    212.186  
 0.0    212.319  
 254.5    212.453  
 0.0    212.586  
 251.25    212.72  
 0.0    212.853  
 248.0    212.986  
 0.0    213.12  
 244.75    213.253  
 0.0    213.387  
 241.5    213.52  
 0.0    213.654  
 238.25    213.787  
 0.0    213.921  
 235.0    214.054  
 0.0    214.187  
 231.75    214.321  
 0.0    214.454  
 228.5    214.588  
 0.0    214.721  
 225.25    214.855  
 0.0    214.988  
 222.0    215.121  
 0.0    215.255  
 218.75    215.388  
 0.0    215.522  
 215.5    215.655  
 0.0    215.789  
 212.25    215.922  
 0.0    216.056  
 209.0    216.189  
 0.0    216.322  
 205.75    216.456  
 0.0    216.589  
 202.5    216.723  
 0.0    216.856  
 199.25    216.989  
 0.0    217.123  
 196.0    217.256  
 0.0    217.39  
 192.75    217.523  
 0.0    217.657  
 189.5    217.79  
 0.0    217.924  
 186.25    218.057  
 0.0    218.19  
 183.0    218.324  
 0.0    218.457  
 179.75    218.591  
 0.0    218.724  
 176.5    218.857  
 0.0    218.991  
 173.25    219.124  
 0.0    219.258  
 170.0    219.391  
 0.0    219.525  
 166.75    219.658  
 0.0    219.792  
 163.5    219.925  
 0.0    220.058  
 160.25    220.192  
 0.0    220.325  
 157.0    220.459  
 0.0    220.592  
 153.75    220.726  
 0.0    220.859  
 150.5    220.992  
 0.0    221.126  
 147.25    221.259  
 0.0    221.393  
 144.0    221.526  
 0.0    221.659  
 140.75    221.793  
 0.0    221.926  
 137.5    222.06  
 0.0    222.193  
 134.25    222.327  
 0.0    222.46  
 131.0    222.594  
 0.0    222.727  
 127.75    222.86  
 0.0    222.994  
 124.5    223.127  
 0.0    223.261  
 121.25    223.394  
 0.0    223.527  
 118.0    223.661  
 0.0    223.794  
 114.75    223.928  
 0.0    224.061  
 111.5    224.195  
 0.0    224.328  
 108.25    224.462  
 0.0    224.595  
 105.0    224.728  
 0.0    224.862  
 101.75    224.995  
 0.0    225.129  
 98.5    225.262  
 0.0    225.396  
 95.25    225.529  
 0.0    225.663  
 92.0    225.796  
 0.0    225.929  
 88.75    226.063  
 0.0    226.196  
 85.5    226.33  
 0.0    226.463  
 82.25    226.596  
 0.0    226.73  
 79.0    226.863  
 0.0    226.997  
 75.75    227.13  
 0.0    227.264  
 72.5    227.397  
 0.0    227.53  
 69.25    227.664  
 0.0    227.797  
 66.0    227.931  
 0.0    228.064  
 62.75    228.198  
 0.0    228.331  
 59.5    228.464  
 0.0    228.598  
 56.25    228.731  
 0.0    228.865  
 53.0    228.998  
 0.0    229.132  
 49.75    229.265  
 0.0    229.398  
 46.5    229.532  
 0.0    229.665  
 43.25    229.799  
 0.0    229.932  
 40.0    230.066  
 0.0    230.199  
 36.75    230.332  
 0.0    230.466  
 33.5    230.599  
 0.0    230.733  
 30.25    230.866  
 0.0    231.0  
 27.0    231.133  
 0.0    231.266  
 23.75    231.4  
 0.0    231.533  
 20.5    231.667  
 0.0    231.8  
 17.25    231.934  
 0.0    232.067  
 14.0    232.2  
 0.0    232.334  
 10.75    232.467  
 0.0    232.601  
 7.5    232.734  
 0.0    232.868  
 4.25    233.001  
 0.0    233.142  
 352.0    233.285  
 0.0    233.418  
 348.75    233.552  
 0.0    233.685  
 345.5    233.818  
 0.0    233.952  
 342.25    234.085  
 0.0    234.219  
 339.0    234.352  
 0.0    234.486  
 335.75    234.619  
 0.0    234.752  
 332.5    234.886  
 0.0    235.019  
 329.25    235.153  
 0.0    235.286  
 326.0    235.419  
 0.0    235.553  
 322.75    235.686  
 0.0    235.82  
 319.5    235.953  
 0.0    236.087  
 316.25    236.22  
 0.0    236.353  
 313.0    236.487  
 0.0    236.62  
 309.75    236.754  
 0.0    236.887  
 306.5    237.021  
 0.0    237.154  
 303.25    237.287  
 0.0    237.421  
 300.0    237.554  
 0.0    237.688  
 296.75    237.821  
 0.0    237.955  
 293.5    238.088  
 0.0    238.221  
 290.25    238.355  
 0.0    238.488  
 287.0    238.622  
 0.0    238.755  
 283.75    238.889  
 0.0    239.022  
 280.5    239.156  
 0.0    239.289  
 277.25    239.422  
 0.0    239.556  
 274.0    239.689  
 0.0    239.823  
 270.75    239.956  
 0.0    240.09  
 267.5    240.223  
 0.0    240.356  
 264.25    240.49  
 0.0    240.623  
 261.0    240.757  
 0.0    240.89  
 257.75    241.024  
 0.0    241.157  
 254.5    241.29  
 0.0    241.424  
 251.25    241.557  
 0.0    241.691  
 248.0    241.824  
 0.0    241.957  
 244.75    242.091  
 0.0    242.224  
 241.5    242.358  
 0.0    242.491  
 238.25    242.625  
 0.0    242.758  
 235.0    242.892  
 0.0    243.025  
 231.75    243.158  
 0.0    243.292  
 228.5    243.425  
 0.0    243.559  
 225.25    243.692  
 0.0    243.826  
 222.0    243.959  
 0.0    244.092  
 218.75    244.226  
 0.0    244.359  
 215.5    244.493  
 0.0    244.626  
 212.25    244.76  
 0.0    244.893  
 209.0    245.026  
 0.0    245.16  
 205.75    245.293  
 0.0    245.427  
 202.5    245.56  
 0.0    245.694  
 199.25    245.827  
 0.0    245.96  
 196.0    246.094  
 0.0    246.227  
 192.75    246.361  
 0.0    246.494  
 189.5    246.628  
 0.0    246.761  
 186.25    246.894  
 0.0    247.028  
 183.0    247.161  
 0.0    247.295  
 179.75    247.428  
 0.0    247.562  
 176.5    247.695  
 0.0    247.828  
 173.25    247.962  
 0.0    248.095  
 170.0    248.229  
 0.0    248.362  
 166.75    248.496  
 0.0    248.629  
 163.5    248.762  
 0.0    248.896  
 160.25    249.029  
 0.0    249.163  
 157.0    249.296  
 0.0    249.43  
 153.75    249.563  
 0.0    249.696  
 150.5    249.83  
 0.0    249.963  
 147.25    250.097  
 0.0    250.23  
 144.0    250.364  
 0.0    250.497  
 140.75    250.631  
 0.0    250.764  
 137.5    250.897  
 0.0    251.031  
 134.25    251.164  
 0.0    251.298  
 131.0    251.431  
 0.0    251.564  
 127.75    251.698  
 0.0    251.831  
 124.5    251.965  
 0.0    252.098  
 121.25    252.232  
 0.0    252.365  
 118.0    252.499  
 0.0    252.632  
 114.75    252.765  
 0.0    252.899  
 111.5    253.032  
 0.0    253.166  
 108.25    253.299  
 0.0    253.433  
 105.0    253.566  
 0.0    253.699  
 101.75    253.833  
 0.0    253.966  
 98.5    254.1  
 0.0    254.233  
 95.25    254.367  
 0.0    254.5  
 92.0    254.633  
 0.0    254.767  
 88.75    254.9  
 0.0    255.034  
 85.5    255.167  
 0.0    255.301  
 82.25    255.434  
 0.0    255.567  
 79.0    255.701  
 0.0    255.834  
 75.75    255.968  
 0.0    256.101  
 72.5    256.234  
 0.0    256.368  
 69.25    256.502  
 0.0    256.635  
 66.0    256.768  
 0.0    256.902  
 62.75    257.035  
 0.0    257.168  
 59.5    257.302  
 0.0    257.435  
 56.25    257.569  
 0.0    257.703  
 53.0    257.836  
 0.0    257.969  
 49.75    258.103  
 0.0    258.236  
 46.5    258.369  
 0.0    258.503  
 43.25    258.636  
 0.0    258.77  
 40.0    258.903  
 0.0    259.037  
 36.75    259.17  
 0.0    259.303  
 33.5    259.437  
 0.0    259.57  
 30.25    259.704  
 0.0    259.837  
 27.0    259.971  
 0.0    260.104  
 23.75    260.237  
 0.0    260.371  
 20.5    260.504  
 0.0    260.638  
 17.25    260.771  
 0.0    260.905  
 14.0    261.038  
 0.0    261.171  
 10.75    261.305  
 0.0    261.438  
 7.5    261.572  
 0.0    261.705  
 4.25    261.839  
 0.0    261.98  
 352.0    262.122  
 0.0    262.256  
 348.75    262.389  
 0.0    262.522  
 345.5    262.656  
 0.0    262.789  
 342.25    262.923  
 0.0    263.056  
 339.0    263.19  
 0.0    263.323  
 335.75    263.456  
 0.0    263.59  
 332.5    263.723  
 0.0    263.857  
 329.25    263.99  
 0.0    264.124  
 326.0    264.257  
 0.0    264.39  
 322.75    264.524  
 0.0    264.657  
 319.5    264.791  
 0.0    264.924  
 316.25    265.058  
 0.0    265.191  
 313.0    265.324  
 0.0    265.458  
 309.75    265.591  
 0.0    265.725  
 306.5    265.858  
 0.0    265.992  
 303.25    266.125  
 0.0    266.259  
 300.0    266.392  
 0.0    266.525  
 296.75    266.659  
 0.0    266.792  
 293.5    266.926  
 0.0    267.059  
 290.25    267.193  
 0.0    267.326  
 287.0    267.459  
 0.0    267.593  
 283.75    267.726  
 0.0    267.86  
 280.5    267.993  
 0.0    268.126  
 277.25    268.26  
 0.0    268.393  
 274.0    268.527  
 0.0    268.66  
 270.75    268.794  
 0.0    268.927  
 267.5    269.061  
 0.0    269.194  
 264.25    269.327  
 0.0    269.461  
 261.0    269.594  
 0.0    269.728  
 257.75    269.861  
 0.0    269.995  
 254.5    270.128  
 0.0    270.261  
 251.25    270.395  
 0.0    270.528  
 248.0    270.662  
 0.0    270.795  
 244.75    270.928  
 0.0    271.062  
 241.5    271.195  
 0.0    271.329  
 238.25    271.462  
 0.0    271.596  
 235.0    271.729  
 0.0    271.863  
 231.75    271.996  
 0.0    272.129  
 228.5    272.263  
 0.0    272.396  
 225.25    272.53  
 0.0    272.663  
 222.0    272.797  
 0.0    272.93  
 218.75    273.063  
 0.0    273.197  
 215.5    273.33  
 0.0    273.464  
 212.25    273.597  
 0.0    273.731  
 209.0    273.864  
 0.0    273.997  
 205.75    274.131  
 0.0    274.264  
 202.5    274.398  
 0.0    274.531  
 199.25    274.665  
 0.0    274.798  
 196.0    274.931  
 0.0    275.065  
 192.75    275.198  
 0.0    275.332  
 189.5    275.465  
 0.0    275.599  
 186.25    275.732  
 0.0    275.865  
 183.0    275.999  
 0.0    276.132  
 179.75    276.266  
 0.0    276.399  
 176.5    276.533  
 0.0    276.666  
 173.25    276.799  
 0.0    276.933  
 170.0    277.066  
 0.0    277.2  
 166.75    277.333  
 0.0    277.467  
 163.5    277.6  
 0.0    277.733  
 160.25    277.867  
 0.0    278.0  
 157.0    278.134  
 0.0    278.267  
 153.75    278.401  
 0.0    278.534  
 150.5    278.668  
 0.0    278.801  
 147.25    278.934  
 0.0    279.068  
 144.0    279.201  
 0.0    279.335  
 140.75    279.468  
 0.0    279.601  
 137.5    279.735  
 0.0    279.868  
 134.25    280.002  
 0.0    280.135  
 131.0    280.269  
 0.0    280.402  
 127.75    280.535  
 0.0    280.669  
 124.5    280.802  
 0.0    280.936  
 121.25    281.069  
 0.0    281.203  
 118.0    281.336  
 0.0    281.47  
 114.75    281.603  
 0.0    281.736  
 111.5    281.87  
 0.0    282.003  
 108.25    282.137  
 0.0    282.27  
 105.0    282.404  
 0.0    282.537  
 101.75    282.67  
 0.0    282.804  
 98.5    282.937  
 0.0    283.071  
 95.25    283.204  
 0.0    283.337  
 92.0    283.471  
 0.0    283.604  
 88.75    283.738  
 0.0    283.871  
 85.5    284.005  
 0.0    284.138  
 82.25    284.272  
 0.0    284.405  
 79.0    284.538  
 0.0    284.672  
 75.75    284.805  
 0.0    284.939  
 72.5    285.072  
 0.0    285.206  
 69.25    285.339  
 0.0    285.472  
 66.0    285.606  
 0.0    285.739  
 62.75    285.873  
 0.0    286.006  
 59.5    286.139  
 0.0    286.273  
 56.25    286.406  
 0.0    286.54  
 53.0    286.673  
 0.0    286.807  
 49.75    286.94  
 0.0    287.073  
 46.5    287.207  
 0.0    287.34  
 43.25    287.474  
 0.0    287.607  
 40.0    287.741  
 0.0    287.874  
 36.75    288.008  
 0.0    288.141  
 33.5    288.274  
 0.0    288.408  
 30.25    288.541  
 0.0    288.675  
 27.0    288.808  
 0.0    288.942  
 23.75    289.075  
 0.0    289.208  
 20.5    289.342  
 0.0    289.475  
 17.25    289.609  
 0.0    289.742  
 14.0    289.876  
 0.0    290.009  
 10.75    290.142  
 0.0    290.276  
 7.5    290.409  
 0.0    290.543  
 4.25    290.676  
 0.0    290.819  
 352.0    290.96  
 0.0    291.093  
 348.75    291.227  
 0.0    291.36  
 345.5    291.493  
 0.0    291.627  
 342.25    291.76  
 0.0    291.894  
 339.0    292.028  
 0.0    292.161  
 335.75    292.294  
 0.0    292.427  
 332.5    292.561  
 0.0    292.694  
 329.25    292.828  
 0.0    292.961  
 326.0    293.095  
 0.0    293.228  
 322.75    293.361  
 0.0    293.495  
 319.5    293.628  
 0.0    293.762  
 316.25    293.895  
 0.0    294.029  
 313.0    294.162  
 0.0    294.295  
 309.75    294.429  
 0.0    294.562  
 306.5    294.696  
 0.0    294.829  
 303.25    294.963  
 0.0    295.096  
 300.0    295.229  
 0.0    295.363  
 296.75    295.496  
 0.0    295.63  
 293.5    295.763  
 0.0    295.897  
 290.25    296.03  
 0.0    296.163  
 287.0    296.297  
 0.0    296.43  
 283.75    296.564  
 0.0    296.697  
 280.5    296.831  
 0.0    296.964  
 277.25    297.097  
 0.0    297.231  
 274.0    297.364  
 0.0    297.498  
 270.75    297.631  
 0.0    297.765  
 267.5    297.898  
 0.0    298.031  
 264.25    298.165  
 0.0    298.298  
 261.0    298.432  
 0.0    298.565  
 257.75    298.699  
 0.0    298.832  
 254.5    298.966  
 0.0    299.099  
 251.25    299.232  
 0.0    299.366  
 248.0    299.499  
 0.0    299.633  
 244.75    299.766  
 0.0    299.9  
 241.5    300.033  
 0.0    300.166  
 238.25    300.3  
 0.0    300.433  
 235.0    300.567  
 0.0    300.7  
 231.75    300.834  
 0.0    300.967  
 228.5    301.1  
 0.0    301.234  
 225.25    301.367  
 0.0    301.501  
 222.0    301.634  
 0.0    301.768  
 218.75    301.901  
 0.0    302.034  
 215.5    302.168  
 0.0    302.301  
 212.25    302.435  
 0.0    302.568  
 209.0    302.702  
 0.0    302.835  
 205.75    302.968  
 0.0    303.102  
 202.5    303.235  
 0.0    303.369  
 199.25    303.502  
 0.0    303.636  
 196.0    303.769  
 0.0    303.902  
 192.75    304.036  
 0.0    304.169  
 189.5    304.303  
 0.0    304.436  
 186.25    304.57  
 0.0    304.703  
 183.0    304.836  
 0.0    304.97  
 179.75    305.103  
 0.0    305.237  
 176.5    305.37  
 0.0    305.504  
 173.25    305.637  
 0.0    305.77  
 170.0    305.904  
 0.0    306.037  
 166.75    306.171  
 0.0    306.304  
 163.5    306.438  
 0.0    306.571  
 160.25    306.704  
 0.0    306.838  
 157.0    306.971  
 0.0    307.105  
 153.75    307.238  
 0.0    307.372  
 150.5    307.505  
 0.0    307.638  
 147.25    307.772  
 0.0    307.905  
 144.0    308.039  
 0.0    308.172  
 140.75    308.306  
 0.0    308.439  
 137.5    308.572  
 0.0    308.706  
 134.25    308.839  
 0.0    308.973  
 131.0    309.106  
 0.0    309.24  
 127.75    309.373  
 0.0    309.506  
 124.5    309.64  
 0.0    309.773  
 121.25    309.907  
 0.0    310.04  
 118.0    310.174  
 0.0    310.307  
 114.75    310.44  
 0.0    310.574  
 111.5    310.708  
 0.0    310.841  
 108.25    310.974  
 0.0    311.108  
 105.0    311.241  
 0.0    311.375  
 101.75    311.508  
 0.0    311.641  
 98.5    311.775  
 0.0    311.908  
 95.25    312.042  
 0.0    312.175  
 92.0    312.309  
 0.0    312.442  
 88.75    312.575  
 0.0    312.709  
 85.5    312.842  
 0.0    312.976  
 82.25    313.109  
 0.0    313.243  
 79.0    313.376  
 0.0    313.509  
 75.75    313.643  
 0.0    313.776  
 72.5    313.91  
 0.0    314.043  
 69.25    314.177  
 0.0    314.31  
 66.0    314.443  
 0.0    314.577  
 62.75    314.71  
 0.0    314.844  
 59.5    314.977  
 0.0    315.111  
 56.25    315.244  
 0.0    315.377  
 53.0    315.511  
 0.0    315.644  
 49.75    315.778  
 0.0    315.911  
 46.5    316.044  
 0.0    316.178  
 43.25    316.311  
 0.0    316.445  
 40.0    316.578  
 0.0    316.712  
 36.75    316.845  
 0.0    316.979  
 33.5    317.112  
 0.0    317.245  
 30.25    317.379  
 0.0    317.512  
 27.0    317.646  
 0.0    317.779  
 23.75    317.913  
 0.0    318.046  
 20.5    318.179  
 0.0    318.313  
 17.25    318.446  
 0.0    318.58  
 14.0    318.713  
 0.0    318.847  
 10.75    318.98  
 0.0    319.113  
 7.5    319.247  
 0.0    319.38  
 4.25    319.514  
