 [352.5, 245.25, 131.5, 115.25]  
 [40.305, 41.639, 50.979, 59.785]  
 [40.838, 41.239, 42.306, 51.513]  
 [248.5, 216.0, 173.75, 105.5]  
 [68.325, 73.929, 77.398, 80.067]  
 [60.323, 74.329, 77.798, 80.734]  
 [261.5, 99.0, 89.25, 8.0]  
 [89.143, 95.812, 96.612, 109.955]  
 [89.54, 96.212, 97.146, 110.356]  
 [313.5, 261.5, 164.0, 95.75]  
 [125.166, 130.77, 138.776, 143.046]  
 [131.17]  
 [323.25, 203.0, 180.25, 27.5]  
 [148.383, 160.925, 162.793, 172.667]  
 [161.459, 173.201]  
 [199.75, 160.75, 147.75, 60.0]  
 [179.872, 187.078, 188.145, 191.347]  
 [187.478, 188.545, 191.748]  
 [284.25, 170.5, 115.25, 82.75]  
 [210.578, 213.247, 217.783, 227.123]  
 [213.78, 227.657]  
 [326.5, 290.75, 290.75, 219.25]  
 [250.624, 256.495, 259.43]  
 [251.157, 257.028]  
 [352.5, 108.75, 66.5, 56.75]  
 [266.118, 266.919, 270.388, 290.402]  
 [266.785, 267.452, 271.055]  
 [303.75, 303.75, 134.75, 79.5]  
 [296.824, 301.36, 315.237]  
 [290.946, 301.894, 309.5, 315.637]  
