 32.642    32.642  
 0.0    32.659  
 19.3846153846    32.792  
 0.0    32.925  
 19.5384615385    33.059  
 0.0    33.192  
 19.6923076923    33.326  
 0.0    33.459  
 19.8461538462    33.593  
 0.0    33.726  
 18.7692307692    33.86  
 0.0    33.993  
 18.9230769231    34.126  
 0.0    34.26  
 19.0769230769    34.393  
 0.0    34.527  
 19.2307692308    34.66  
 0.0    34.793  
 18.1538461538    34.928  
 0.0    35.06  
 18.3076923077    35.194  
 0.0    35.328  
 18.4615384615    35.461  
 0.0    35.594  
 18.6153846154    35.728  
 0.0    35.861  
 17.5384615385    35.995  
 0.0    36.128  
 17.6923076923    36.261  
 0.0    36.395  
 17.8461538462    36.528  
 0.0    36.661  
 18.0    36.795  
 0.0    36.928  
 16.9230769231    37.062  
 0.0    37.195  
 17.0769230769    37.329  
 0.0    37.463  
 17.2307692308    37.596  
 0.0    37.729  
 17.3846153846    37.862  
 0.0    37.996  
 16.3076923077    38.129  
 0.0    38.263  
 16.4615384615    38.396  
 0.0    38.529  
 16.6153846154    38.663  
 0.0    38.796  
 16.7692307692    38.93  
 0.0    39.063  
 15.6923076923    39.197  
 0.0    39.33  
 15.8461538462    39.464  
 0.0    39.597  
 16.0    39.731  
 0.0    39.864  
 16.1538461538    39.997  
 0.0    40.131  
 15.0769230769    40.264  
 0.0    40.398  
 15.2307692308    40.531  
 0.0    40.664  
 15.3846153846    40.799  
 0.0    40.931  
 15.5384615385    41.065  
 0.0    41.198  
 14.4615384615    41.332  
 0.0    41.465  
 14.6153846154    41.598  
 0.0    41.732  
 14.7692307692    41.865  
 0.0    41.999  
 14.9230769231    42.132  
 0.0    42.266  
 13.8461538462    42.399  
 0.0    42.532  
 14.0    42.666  
 0.0    42.799  
 14.1538461538    42.933  
 0.0    43.066  
 14.3076923077    43.199  
 0.0    43.333  
 13.2307692308    43.467  
 0.0    43.6  
 13.3846153846    43.733  
 0.0    43.867  
 13.5384615385    44.0  
 0.0    44.135  
 13.6923076923    44.267  
 0.0    44.4  
 12.6153846154    44.534  
 0.0    44.667  
 12.7692307692    44.801  
 0.0    44.934  
 12.9230769231    45.067  
 0.0    45.201  
 13.0769230769    45.334  
 0.0    45.468  
 12.0    45.601  
 0.0    45.735  
 12.1538461538    45.868  
 0.0    46.002  
 12.3076923077    46.135  
 0.0    46.269  
 12.4615384615    46.402  
 0.0    46.535  
 11.3846153846    46.668  
 0.0    46.802  
 11.5384615385    46.935  
 0.0    47.069  
 11.6923076923    47.202  
 0.0    47.336  
 11.8461538462    47.47  
 0.0    47.603  
 10.7692307692    47.736  
 0.0    47.87  
 10.9230769231    48.003  
 0.0    48.136  
 11.0769230769    48.27  
 0.0    48.403  
 11.2307692308    48.537  
 0.0    48.67  
 10.1538461538    48.803  
 0.0    48.937  
 10.3076923077    49.07  
 0.0    49.204  
 10.4615384615    49.337  
 0.0    49.471  
 10.6153846154    49.604  
 0.0    49.738  
 9.53846153846    49.871  
 0.0    50.004  
 9.69230769231    50.138  
 0.0    50.271  
 9.84615384615    50.404  
 0.0    50.538  
 10.0    50.671  
 0.0    50.806  
 8.92307692308    50.939  
 0.0    51.072  
 9.07692307692    51.205  
 0.0    51.339  
 9.23076923077    51.472  
 0.0    51.606  
 9.38461538462    51.739  
 0.0    51.873  
 8.30769230769    52.006  
 0.0    52.139  
 8.46153846154    52.272  
 0.0    52.406  
 8.61538461538    52.539  
 0.0    52.673  
 8.76923076923    52.806  
 0.0    52.94  
 7.69230769231    53.073  
 0.0    53.207  
 7.84615384615    53.34  
 0.0    53.474  
 8.0    53.607  
 0.0    53.741  
 8.15384615385    53.874  
 0.0    54.007  
 7.07692307692    54.142  
 0.0    54.274  
 7.23076923077    54.407  
 0.0    54.541  
 7.38461538462    54.674  
 0.0    54.808  
 7.53846153846    54.941  
 0.0    55.075  
 6.46153846154    55.208  
 0.0    55.342  
 6.61538461538    55.475  
 0.0    55.609  
 6.76923076923    55.742  
 0.0    55.876  
 6.92307692308    56.009  
 0.0    56.142  
 5.84615384615    56.275  
 0.0    56.409  
 6.0    56.542  
 0.0    56.676  
 6.15384615385    56.809  
 0.0    56.943  
 6.30769230769    57.076  
 0.0    57.21  
 5.23076923077    57.343  
 0.0    57.477  
 5.38461538462    57.611  
 0.0    57.743  
 5.53846153846    57.877  
 0.0    58.01  
 5.69230769231    58.143  
 0.0    58.277  
 4.61538461538    58.41  
 0.0    58.544  
 4.76923076923    58.677  
 0.0    58.811  
 4.92307692308    58.944  
 0.0    59.078  
 5.07692307692    59.211  
 0.0    59.345  
 4.0    59.478  
 0.0    59.611  
 4.15384615385    59.745  
 0.0    59.878  
 4.30769230769    60.011  
 0.0    60.145  
 4.46153846154    60.278  
 0.0    60.421  
 19.3846153846    60.562  
 0.0    60.696  
 19.5384615385    60.83  
 0.0    60.963  
 19.6923076923    61.096  
 0.0    61.229  
 19.8461538462    61.363  
 0.0    61.496  
 18.7692307692    61.63  
 0.0    61.763  
 18.9230769231    61.897  
 0.0    62.03  
 19.0769230769    62.164  
 0.0    62.297  
 19.2307692308    62.43  
 0.0    62.564  
 18.1538461538    62.697  
 0.0    62.83  
 18.3076923077    62.964  
 0.0    63.097  
 18.4615384615    63.231  
 0.0    63.364  
 18.6153846154    63.498  
 0.0    63.631  
 17.5384615385    63.765  
 0.0    63.898  
 17.6923076923    64.032  
 0.0    64.166  
 17.8461538462    64.299  
 0.0    64.432  
 18.0    64.565  
 0.0    64.699  
 16.9230769231    64.832  
 0.0    64.965  
 17.0769230769    65.099  
 0.0    65.232  
 17.2307692308    65.366  
 0.0    65.499  
 17.3846153846    65.633  
 0.0    65.766  
 16.3076923077    65.899  
 0.0    66.033  
 16.4615384615    66.166  
 0.0    66.3  
 16.6153846154    66.433  
 0.0    66.566  
 16.7692307692    66.7  
 0.0    66.833  
 15.6923076923    66.967  
 0.0    67.1  
 15.8461538462    67.234  
 0.0    67.367  
 16.0    67.502  
 0.0    67.634  
 16.1538461538    67.768  
 0.0    67.903  
 15.0769230769    68.036  
 0.0    68.169  
 15.2307692308    68.302  
 0.0    68.435  
 15.3846153846    68.568  
 0.0    68.701  
 15.5384615385    68.839  
 0.0    68.972  
 14.4615384615    69.105  
 0.0    69.237  
 14.6153846154    69.37  
 0.0    69.503  
 14.7692307692    69.636  
 0.0    69.769  
 14.9230769231    69.902  
 0.0    70.035  
 13.8461538462    70.169  
 0.0    70.302  
 14.0    70.436  
 0.0    70.569  
 14.1538461538    70.703  
 0.0    70.837  
 14.3076923077    70.97  
 0.0    71.103  
 13.2307692308    71.237  
 0.0    71.37  
 13.3846153846    71.504  
 0.0    71.636  
 13.5384615385    71.77  
 0.0    71.903  
 13.6923076923    72.037  
 0.0    72.17  
 12.6153846154    72.304  
 0.0    72.437  
 12.7692307692    72.571  
 0.0    72.704  
 12.9230769231    72.838  
 0.0    72.971  
 13.0769230769    73.105  
 0.0    73.238  
 12.0    73.372  
 0.0    73.504  
 12.1538461538    73.638  
 0.0    73.771  
 12.3076923077    73.905  
 0.0    74.039  
 12.4615384615    74.173  
 0.0    74.306  
 11.3846153846    74.439  
 0.0    74.572  
 11.5384615385    74.706  
 0.0    74.839  
 11.6923076923    74.973  
 0.0    75.106  
 11.8461538462    75.24  
 0.0    75.373  
 10.7692307692    75.506  
 0.0    75.64  
 10.9230769231    75.773  
 0.0    75.906  
 11.0769230769    76.04  
 0.0    76.173  
 11.2307692308    76.307  
 0.0    76.44  
 10.1538461538    76.574  
 0.0    76.707  
 10.3076923077    76.841  
 0.0    76.974  
 10.4615384615    77.108  
 0.0    77.241  
 10.6153846154    77.374  
 0.0    77.508  
 9.53846153846    77.641  
 0.0    77.774  
 9.69230769231    77.908  
 0.0    78.041  
 9.84615384615    78.175  
 0.0    78.308  
 10.0    78.442  
 0.0    78.575  
 8.92307692308    78.709  
 0.0    78.842  
 9.07692307692    78.976  
 0.0    79.109  
 9.23076923077    79.242  
 0.0    79.375  
 9.38461538462    79.509  
 0.0    79.642  
 8.30769230769    79.776  
 0.0    79.909  
 8.46153846154    80.043  
 0.0    80.176  
 8.61538461538    80.31  
 0.0    80.443  
 8.76923076923    80.577  
 0.0    80.71  
 7.69230769231    80.844  
 0.0    80.977  
 7.84615384615    81.111  
 0.0    81.243  
 8.0    81.377  
 0.0    81.51  
 8.15384615385    81.644  
 0.0    81.777  
 7.07692307692    81.911  
 0.0    82.044  
 7.23076923077    82.178  
 0.0    82.311  
 7.38461538462    82.445  
 0.0    82.578  
 7.53846153846    82.712  
 0.0    82.845  
 6.46153846154    82.978  
 0.0    83.111  
 6.61538461538    83.245  
 0.0    83.378  
 6.76923076923    83.512  
 0.0    83.645  
 6.92307692308    83.779  
 0.0    83.912  
 5.84615384615    84.046  
 0.0    84.18  
 6.0    84.313  
 0.0    84.446  
 6.15384615385    84.58  
 0.0    84.713  
 6.30769230769    84.846  
 0.0    84.979  
 5.23076923077    85.113  
 0.0    85.246  
 5.38461538462    85.38  
 0.0    85.513  
 5.53846153846    85.647  
 0.0    85.78  
 5.69230769231    85.914  
 0.0    86.047  
 4.61538461538    86.181  
 0.0    86.314  
 4.76923076923    86.448  
 0.0    86.581  
 4.92307692308    86.714  
 0.0    86.847  
 5.07692307692    86.981  
 0.0    87.114  
 4.0    87.248  
 0.0    87.381  
 4.15384615385    87.516  
 0.0    87.648  
 4.30769230769    87.782  
 0.0    87.915  
 4.46153846154    88.049  
 0.0    88.19  
 19.3846153846    88.331  
 0.0    88.466  
 19.5384615385    88.599  
 0.0    88.733  
 19.6923076923    88.866  
 0.0    88.999  
 19.8461538462    89.133  
 0.0    89.266  
 18.7692307692    89.4  
 0.0    89.533  
 18.9230769231    89.667  
 0.0    89.8  
 19.0769230769    89.934  
 0.0    90.067  
 19.2307692308    90.201  
 0.0    90.334  
 18.1538461538    90.467  
 0.0    90.601  
 18.3076923077    90.734  
 0.0    90.868  
 18.4615384615    91.001  
 0.0    91.134  
 18.6153846154    91.268  
 0.0    91.401  
 17.5384615385    91.535  
 0.0    91.668  
 17.6923076923    91.801  
 0.0    91.935  
 17.8461538462    92.069  
 0.0    92.202  
 18.0    92.335  
 0.0    92.469  
 16.9230769231    92.602  
 0.0    92.735  
 17.0769230769    92.869  
 0.0    93.002  
 17.2307692308    93.136  
 0.0    93.269  
 17.3846153846    93.403  
 0.0    93.536  
 16.3076923077    93.67  
 0.0    93.803  
 16.4615384615    93.936  
 0.0    94.07  
 16.6153846154    94.204  
 0.0    94.338  
 16.7692307692    94.471  
 0.0    94.603  
 15.6923076923    94.737  
 0.0    94.87  
 15.8461538462    95.004  
 0.0    95.137  
 16.0    95.271  
 0.0    95.404  
 16.1538461538    95.538  
 0.0    95.671  
 15.0769230769    95.804  
 0.0    95.938  
 15.2307692308    96.071  
 0.0    96.205  
 15.3846153846    96.338  
 0.0    96.471  
 15.5384615385    96.605  
 0.0    96.738  
 14.4615384615    96.872  
 0.0    97.005  
 14.6153846154    97.139  
 0.0    97.272  
 14.7692307692    97.406  
 0.0    97.54  
 14.9230769231    97.672  
 0.0    97.806  
 13.8461538462    97.939  
 0.0    98.073  
 14.0    98.206  
 0.0    98.34  
 14.1538461538    98.473  
 0.0    98.606  
 14.3076923077    98.74  
 0.0    98.873  
 13.2307692308    99.007  
 0.0    99.14  
 13.3846153846    99.274  
 0.0    99.407  
 13.5384615385    99.541  
 0.0    99.674  
 13.6923076923    99.807  
 0.0    99.941  
 12.6153846154    100.074  
 0.0    100.208  
 12.7692307692    100.341  
 0.0    100.474  
 12.9230769231    100.608  
 0.0    100.741  
 13.0769230769    100.875  
 0.0    101.009  
 12.0    101.142  
 0.0    101.275  
 12.1538461538    101.408  
 0.0    101.542  
 12.3076923077    101.675  
 0.0    101.808  
 12.4615384615    101.942  
 0.0    102.075  
 11.3846153846    102.209  
 0.0    102.342  
 11.5384615385    102.476  
 0.0    102.609  
 11.6923076923    102.743  
 0.0    102.876  
 11.8461538462    103.01  
 0.0    103.143  
 10.7692307692    103.276  
 0.0    103.409  
 10.9230769231    103.543  
 0.0    103.676  
 11.0769230769    103.81  
 0.0    103.943  
 11.2307692308    104.077  
 0.0    104.211  
 10.1538461538    104.344  
 0.0    104.477  
 10.3076923077    104.611  
 0.0    104.744  
 10.4615384615    104.878  
 0.0    105.011  
 10.6153846154    105.145  
 0.0    105.278  
 9.53846153846    105.411  
 0.0    105.544  
 9.69230769231    105.678  
 0.0    105.811  
 9.84615384615    105.945  
 0.0    106.078  
 10.0    106.212  
 0.0    106.345  
 8.92307692308    106.479  
 0.0    106.612  
 9.07692307692    106.746  
 0.0    106.879  
 9.23076923077    107.013  
 0.0    107.146  
 9.38461538462    107.279  
 0.0    107.412  
 8.30769230769    107.547  
 0.0    107.68  
 8.46153846154    107.813  
 0.0    107.947  
 8.61538461538    108.08  
 0.0    108.213  
 8.76923076923    108.347  
 0.0    108.48  
 7.69230769231    108.614  
 0.0    108.747  
 7.84615384615    108.88  
 0.0    109.014  
 8.0    109.147  
 0.0    109.28  
 8.15384615385    109.414  
 0.0    109.547  
 7.07692307692    109.681  
 0.0    109.814  
 7.23076923077    109.948  
 0.0    110.081  
 7.38461538462    110.215  
 0.0    110.348  
 7.53846153846    110.482  
 0.0    110.615  
 6.46153846154    110.749  
 0.0    110.883  
 6.61538461538    111.015  
 0.0    111.148  
 6.76923076923    111.282  
 0.0    111.415  
 6.92307692308    111.549  
 0.0    111.682  
 5.84615384615    111.816  
 0.0    111.949  
 6.0    112.083  
 0.0    112.216  
 6.15384615385    112.35  
 0.0    112.483  
 6.30769230769    112.617  
 0.0    112.75  
 5.23076923077    112.883  
 0.0    113.016  
 5.38461538462    113.15  
 0.0    113.283  
 5.53846153846    113.417  
 0.0    113.55  
 5.69230769231    113.684  
 0.0    113.817  
 4.61538461538    113.951  
 0.0    114.084  
 4.76923076923    114.219  
 0.0    114.351  
 4.92307692308    114.485  
 0.0    114.618  
 5.07692307692    114.751  
 0.0    114.885  
 4.0    115.018  
 0.0    115.151  
 4.15384615385    115.285  
 0.0    115.418  
 4.30769230769    115.552  
 0.0    115.685  
 4.46153846154    115.819  
 0.0    115.961  
 19.3846153846    116.101  
 0.0    116.236  
 19.5384615385    116.369  
 0.0    116.503  
 19.6923076923    116.636  
 0.0    116.77  
 19.8461538462    116.903  
 0.0    117.036  
 18.7692307692    117.17  
 0.0    117.303  
 18.9230769231    117.437  
 0.0    117.571  
 19.0769230769    117.704  
 0.0    117.837  
 19.2307692308    117.971  
 0.0    118.104  
 18.1538461538    118.237  
 0.0    118.371  
 18.3076923077    118.504  
 0.0    118.638  
 18.4615384615    118.771  
 0.0    118.904  
 18.6153846154    119.038  
 0.0    119.171  
 17.5384615385    119.305  
 0.0    119.438  
 17.6923076923    119.572  
 0.0    119.705  
 17.8461538462    119.839  
 0.0    119.972  
 18.0    120.105  
 0.0    120.239  
 16.9230769231    120.372  
 0.0    120.506  
 17.0769230769    120.639  
 0.0    120.773  
 17.2307692308    120.907  
 0.0    121.04  
 17.3846153846    121.173  
 0.0    121.306  
 16.3076923077    121.44  
 0.0    121.573  
 16.4615384615    121.707  
 0.0    121.84  
 16.6153846154    121.973  
 0.0    122.107  
 16.7692307692    122.24  
 0.0    122.374  
 15.6923076923    122.507  
 0.0    122.64  
 15.8461538462    122.774  
 0.0    122.907  
 16.0    123.041  
 0.0    123.174  
 16.1538461538    123.308  
 0.0    123.441  
 15.0769230769    123.575  
 0.0    123.708  
 15.2307692308    123.842  
 0.0    123.975  
 15.3846153846    124.108  
 0.0    124.242  
 15.5384615385    124.375  
 0.0    124.509  
 14.4615384615    124.642  
 0.0    124.775  
 14.6153846154    124.909  
 0.0    125.042  
 14.7692307692    125.176  
 0.0    125.309  
 14.9230769231    125.443  
 0.0    125.576  
 13.8461538462    125.709  
 0.0    125.843  
 14.0    125.976  
 0.0    126.11  
 14.1538461538    126.243  
 0.0    126.377  
 14.3076923077    126.51  
 0.0    126.643  
 13.2307692308    126.777  
 0.0    126.91  
 13.3846153846    127.044  
 0.0    127.177  
 13.5384615385    127.311  
 0.0    127.444  
 13.6923076923    127.578  
 0.0    127.711  
 12.6153846154    127.844  
 0.0    127.978  
 12.7692307692    128.111  
 0.0    128.245  
 12.9230769231    128.378  
 0.0    128.511  
 13.0769230769    128.645  
 0.0    128.778  
 12.0    128.912  
 0.0    129.045  
 12.1538461538    129.179  
 0.0    129.312  
 12.3076923077    129.446  
 0.0    129.579  
 12.4615384615    129.712  
 0.0    129.846  
 11.3846153846    129.979  
 0.0    130.112  
 11.5384615385    130.246  
 0.0    130.379  
 11.6923076923    130.513  
 0.0    130.646  
 11.8461538462    130.78  
 0.0    130.914  
 10.7692307692    131.047  
 0.0    131.18  
 10.9230769231    131.314  
 0.0    131.447  
 11.0769230769    131.58  
 0.0    131.714  
 11.2307692308    131.847  
 0.0    131.981  
 10.1538461538    132.114  
 0.0    132.247  
 10.3076923077    132.381  
 0.0    132.514  
 10.4615384615    132.648  
 0.0    132.781  
 10.6153846154    132.915  
 0.0    133.048  
 9.53846153846    133.181  
 0.0    133.315  
 9.69230769231    133.448  
 0.0    133.582  
 9.84615384615    133.715  
 0.0    133.849  
 10.0    133.982  
 0.0    134.116  
 8.92307692308    134.25  
 0.0    134.382  
 9.07692307692    134.516  
 0.0    134.649  
 9.23076923077    134.783  
 0.0    134.916  
 9.38461538462    135.049  
 0.0    135.183  
 8.30769230769    135.316  
 0.0    135.45  
 8.46153846154    135.583  
 0.0    135.717  
 8.61538461538    135.85  
 0.0    135.983  
 8.76923076923    136.117  
 0.0    136.25  
 7.69230769231    136.384  
 0.0    136.517  
 7.84615384615    136.651  
 0.0    136.784  
 8.0    136.917  
 0.0    137.051  
 8.15384615385    137.184  
 0.0    137.318  
 7.07692307692    137.451  
 0.0    137.586  
 7.23076923077    137.719  
 0.0    137.852  
 7.38461538462    137.985  
 0.0    138.118  
 7.53846153846    138.252  
 0.0    138.385  
 6.46153846154    138.519  
 0.0    138.652  
 6.61538461538    138.786  
 0.0    138.919  
 6.76923076923    139.052  
 0.0    139.186  
 6.92307692308    139.319  
 0.0    139.453  
 5.84615384615    139.586  
 0.0    139.72  
 6.0    139.853  
 0.0    139.986  
 6.15384615385    140.12  
 0.0    140.253  
 6.30769230769    140.387  
 0.0    140.52  
 5.23076923077    140.653  
 0.0    140.787  
 5.38461538462    140.921  
 0.0    141.054  
 5.53846153846    141.187  
 0.0    141.321  
 5.69230769231    141.454  
 0.0    141.588  
 4.61538461538    141.721  
 0.0    141.854  
 4.76923076923    141.988  
 0.0    142.121  
 4.92307692308    142.255  
 0.0    142.388  
 5.07692307692    142.522  
 0.0    142.655  
 4.0    142.788  
 0.0    142.922  
 4.15384615385    143.055  
 0.0    143.189  
 4.30769230769    143.322  
 0.0    143.456  
 4.46153846154    143.589  
 0.0    143.732  
 19.3846153846    143.872  
 0.0    144.006  
 19.5384615385    144.14  
 0.0    144.274  
 19.6923076923    144.407  
 0.0    144.54  
 19.8461538462    144.673  
 0.0    144.806  
 18.7692307692    144.94  
 0.0    145.073  
 18.9230769231    145.207  
 0.0    145.34  
 19.0769230769    145.474  
 0.0    145.607  
 19.2307692308    145.741  
 0.0    145.874  
 18.1538461538    146.008  
 0.0    146.141  
 18.3076923077    146.274  
 0.0    146.408  
 18.4615384615    146.541  
 0.0    146.674  
 18.6153846154    146.808  
 0.0    146.941  
 17.5384615385    147.075  
 0.0    147.208  
 17.6923076923    147.342  
 0.0    147.475  
 17.8461538462    147.609  
 0.0    147.742  
 18.0    147.876  
 0.0    148.009  
 16.9230769231    148.142  
 0.0    148.276  
 17.0769230769    148.409  
 0.0    148.542  
 17.2307692308    148.676  
 0.0    148.809  
 17.3846153846    148.943  
 0.0    149.076  
 16.3076923077    149.21  
 0.0    149.343  
 16.4615384615    149.476  
 0.0    149.61  
 16.6153846154    149.744  
 0.0    149.877  
 16.7692307692    150.01  
 0.0    150.144  
 15.6923076923    150.277  
 0.0    150.411  
 15.8461538462    150.544  
 0.0    150.677  
 16.0    150.811  
 0.0    150.945  
 16.1538461538    151.078  
 0.0    151.211  
 15.0769230769    151.345  
 0.0    151.478  
 15.2307692308    151.612  
 0.0    151.745  
 15.3846153846    151.878  
 0.0    152.012  
 15.5384615385    152.145  
 0.0    152.279  
 14.4615384615    152.412  
 0.0    152.545  
 14.6153846154    152.679  
 0.0    152.812  
 14.7692307692    152.946  
 0.0    153.079  
 14.9230769231    153.212  
 0.0    153.346  
 13.8461538462    153.48  
 0.0    153.613  
 14.0    153.746  
 0.0    153.88  
 14.1538461538    154.013  
 0.0    154.146  
 14.3076923077    154.281  
 0.0    154.413  
 13.2307692308    154.547  
 0.0    154.68  
 13.3846153846    154.814  
 0.0    154.947  
 13.5384615385    155.08  
 0.0    155.214  
 13.6923076923    155.347  
 0.0    155.481  
 12.6153846154    155.614  
 0.0    155.748  
 12.7692307692    155.881  
 0.0    156.015  
 12.9230769231    156.148  
 0.0    156.282  
 13.0769230769    156.415  
 0.0    156.548  
 12.0    156.681  
 0.0    156.815  
 12.1538461538    156.948  
 0.0    157.082  
 12.3076923077    157.215  
 0.0    157.349  
 12.4615384615    157.482  
 0.0    157.617  
 11.3846153846    157.75  
 0.0    157.883  
 11.5384615385    158.016  
 0.0    158.149  
 11.6923076923    158.283  
 0.0    158.416  
 11.8461538462    158.55  
 0.0    158.683  
 10.7692307692    158.816  
 0.0    158.95  
 10.9230769231    159.083  
 0.0    159.217  
 11.0769230769    159.35  
 0.0    159.484  
 11.2307692308    159.617  
 0.0    159.751  
 10.1538461538    159.884  
 0.0    160.018  
 10.3076923077    160.151  
 0.0    160.284  
 10.4615384615    160.418  
 0.0    160.551  
 10.6153846154    160.684  
 0.0    160.818  
 9.53846153846    160.952  
 0.0    161.085  
 9.69230769231    161.218  
 0.0    161.352  
 9.84615384615    161.485  
 0.0    161.619  
 10.0    161.752  
 0.0    161.886  
 8.92307692308    162.019  
 0.0    162.152  
 9.07692307692    162.285  
 0.0    162.419  
 9.23076923077    162.552  
 0.0    162.686  
 9.38461538462    162.819  
 0.0    162.953  
 8.30769230769    163.086  
 0.0    163.22  
 8.46153846154    163.353  
 0.0    163.487  
 8.61538461538    163.62  
 0.0    163.754  
 8.76923076923    163.887  
 0.0    164.02  
 7.69230769231    164.154  
 0.0    164.288  
 7.84615384615    164.421  
 0.0    164.554  
 8.0    164.687  
 0.0    164.821  
 8.15384615385    164.954  
 0.0    165.088  
 7.07692307692    165.221  
 0.0    165.355  
 7.23076923077    165.488  
 0.0    165.622  
 7.38461538462    165.755  
 0.0    165.889  
 7.53846153846    166.022  
 0.0    166.155  
 6.46153846154    166.288  
 0.0    166.422  
 6.61538461538    166.555  
 0.0    166.689  
 6.76923076923    166.822  
 0.0    166.956  
 6.92307692308    167.089  
 0.0    167.223  
 5.84615384615    167.356  
 0.0    167.49  
 6.0    167.624  
 0.0    167.756  
 6.15384615385    167.89  
 0.0    168.023  
 6.30769230769    168.156  
 0.0    168.29  
 5.23076923077    168.423  
 0.0    168.557  
 5.38461538462    168.691  
 0.0    168.824  
 5.53846153846    168.957  
 0.0    169.091  
 5.69230769231    169.225  
 0.0    169.358  
 4.61538461538    169.491  
 0.0    169.624  
 4.76923076923    169.758  
 0.0    169.891  
 4.92307692308    170.024  
 0.0    170.158  
 5.07692307692    170.291  
 0.0    170.425  
 4.0    170.558  
 0.0    170.692  
 4.15384615385    170.825  
 0.0    170.96  
 4.30769230769    171.092  
 0.0    171.226  
 4.46153846154    171.359  
 0.0    171.503  
 19.3846153846    171.642  
 0.0    171.776  
 19.5384615385    171.91  
 0.0    172.043  
 19.6923076923    172.177  
 0.0    172.31  
 19.8461538462    172.443  
 0.0    172.577  
 18.7692307692    172.71  
 0.0    172.843  
 18.9230769231    172.977  
 0.0    173.11  
 19.0769230769    173.244  
 0.0    173.377  
 19.2307692308    173.511  
 0.0    173.644  
 18.1538461538    173.778  
 0.0    173.911  
 18.3076923077    174.044  
 0.0    174.178  
 18.4615384615    174.312  
 0.0    174.445  
 18.6153846154    174.578  
 0.0    174.711  
 17.5384615385    174.845  
 0.0    174.978  
 17.6923076923    175.112  
 0.0    175.245  
 17.8461538462    175.379  
 0.0    175.512  
 18.0    175.646  
 0.0    175.779  
 16.9230769231    175.913  
 0.0    176.046  
 17.0769230769    176.179  
 0.0    176.313  
 17.2307692308    176.446  
 0.0    176.58  
 17.3846153846    176.713  
 0.0    176.846  
 16.3076923077    176.98  
 0.0    177.113  
 16.4615384615    177.247  
 0.0    177.38  
 16.6153846154    177.514  
 0.0    177.648  
 16.7692307692    177.781  
 0.0    177.914  
 15.6923076923    178.047  
 0.0    178.181  
 15.8461538462    178.314  
 0.0    178.448  
 16.0    178.581  
 0.0    178.714  
 16.1538461538    178.848  
 0.0    178.981  
 15.0769230769    179.115  
 0.0    179.248  
 15.2307692308    179.382  
 0.0    179.515  
 15.3846153846    179.649  
 0.0    179.782  
 15.5384615385    179.915  
 0.0    180.049  
 14.4615384615    180.182  
 0.0    180.316  
 14.6153846154    180.449  
 0.0    180.583  
 14.7692307692    180.716  
 0.0    180.849  
 14.9230769231    180.984  
 0.0    181.117  
 13.8461538462    181.25  
 0.0    181.383  
 14.0    181.517  
 0.0    181.65  
 14.1538461538    181.783  
 0.0    181.917  
 14.3076923077    182.05  
 0.0    182.184  
 13.2307692308    182.317  
 0.0    182.451  
 13.3846153846    182.584  
 0.0    182.717  
 13.5384615385    182.851  
 0.0    182.984  
 13.6923076923    183.118  
 0.0    183.251  
 12.6153846154    183.385  
 0.0    183.518  
 12.7692307692    183.651  
 0.0    183.785  
 12.9230769231    183.918  
 0.0    184.052  
 13.0769230769    184.185  
 0.0    184.319  
 12.0    184.452  
 0.0    184.585  
 12.1538461538    184.719  
 0.0    184.852  
 12.3076923077    184.986  
 0.0    185.119  
 12.4615384615    185.252  
 0.0    185.386  
 11.3846153846    185.519  
 0.0    185.653  
 11.5384615385    185.786  
 0.0    185.92  
 11.6923076923    186.053  
 0.0    186.186  
 11.8461538462    186.32  
 0.0    186.453  
 10.7692307692    186.587  
 0.0    186.72  
 10.9230769231    186.854  
 0.0    186.987  
 11.0769230769    187.12  
 0.0    187.254  
 11.2307692308    187.388  
 0.0    187.521  
 10.1538461538    187.655  
 0.0    187.789  
 10.3076923077    187.922  
 0.0    188.055  
 10.4615384615    188.188  
 0.0    188.321  
 10.6153846154    188.455  
 0.0    188.588  
 9.53846153846    188.722  
 0.0    188.855  
 9.69230769231    188.988  
 0.0    189.122  
 9.84615384615    189.255  
 0.0    189.389  
 10.0    189.522  
 0.0    189.656  
 8.92307692308    189.789  
 0.0    189.923  
 9.07692307692    190.056  
 0.0    190.189  
 9.23076923077    190.323  
 0.0    190.456  
 9.38461538462    190.59  
 0.0    190.723  
 8.30769230769    190.857  
 0.0    190.991  
 8.46153846154    191.124  
 0.0    191.257  
 8.61538461538    191.39  
 0.0    191.524  
 8.76923076923    191.657  
 0.0    191.791  
 7.69230769231    191.924  
 0.0    192.057  
 7.84615384615    192.191  
 0.0    192.324  
 8.0    192.458  
 0.0    192.591  
 8.15384615385    192.724  
 0.0    192.858  
 7.07692307692    192.991  
 0.0    193.125  
 7.23076923077    193.258  
 0.0    193.392  
 7.38461538462    193.525  
 0.0    193.659  
 7.53846153846    193.792  
 0.0    193.925  
 6.46153846154    194.059  
 0.0    194.192  
 6.61538461538    194.327  
 0.0    194.46  
 6.76923076923    194.593  
 0.0    194.726  
 6.92307692308    194.859  
 0.0    194.993  
 5.84615384615    195.126  
 0.0    195.26  
 6.0    195.393  
 0.0    195.535  
 6.15384615385    195.676  
 0.0    195.81  
 6.30769230769    195.944  
 0.0    196.077  
 5.23076923077    196.21  
 0.0    196.344  
 5.38461538462    196.477  
 0.0    196.611  
 5.53846153846    196.744  
 0.0    196.878  
 5.69230769231    197.011  
 0.0    197.144  
 4.61538461538    197.278  
 0.0    197.411  
 4.76923076923    197.545  
 0.0    197.679  
 4.92307692308    197.812  
 0.0    197.945  
 5.07692307692    198.078  
 0.0    198.212  
 4.0    198.345  
 0.0    198.479  
 4.15384615385    198.612  
 0.0    198.746  
 4.30769230769    198.879  
 0.0    199.012  
 4.46153846154    199.146  
 0.0    199.293  
 19.3846153846    199.429  
 0.0    199.562  
 19.5384615385    199.696  
 0.0    199.83  
 19.6923076923    199.963  
 0.0    200.097  
 19.8461538462    200.23  
 0.0    200.363  
 18.7692307692    200.497  
 0.0    200.63  
 18.9230769231    200.764  
 0.0    200.897  
 19.0769230769    201.032  
 0.0    201.164  
 19.2307692308    201.298  
 0.0    201.431  
 18.1538461538    201.564  
 0.0    201.698  
 18.3076923077    201.831  
 0.0    201.965  
 18.4615384615    202.098  
 0.0    202.232  
 18.6153846154    202.365  
 0.0    202.498  
 17.5384615385    202.632  
 0.0    202.765  
 17.6923076923    202.899  
 0.0    203.032  
 17.8461538462    203.166  
 0.0    203.299  
 18.0    203.432  
 0.0    203.566  
 16.9230769231    203.699  
 0.0    203.833  
 17.0769230769    203.966  
 0.0    204.099  
 17.2307692308    204.233  
 0.0    204.367  
 17.3846153846    204.5  
 0.0    204.634  
 16.3076923077    204.767  
 0.0    204.9  
 16.4615384615    205.034  
 0.0    205.167  
 16.6153846154    205.3  
 0.0    205.434  
 16.7692307692    205.567  
 0.0    205.701  
 15.6923076923    205.834  
 0.0    205.968  
 15.8461538462    206.101  
 0.0    206.234  
 16.0    206.368  
 0.0    206.501  
 16.1538461538    206.635  
 0.0    206.768  
 15.0769230769    206.902  
 0.0    207.035  
 15.2307692308    207.168  
 0.0    207.302  
 15.3846153846    207.435  
 0.0    207.569  
 15.5384615385    207.703  
 0.0    207.836  
 14.4615384615    207.969  
 0.0    208.102  
 14.6153846154    208.236  
 0.0    208.369  
 14.7692307692    208.503  
 0.0    208.636  
 14.9230769231    208.77  
 0.0    208.903  
 13.8461538462    209.036  
 0.0    209.17  
 14.0    209.303  
 0.0    209.437  
 14.1538461538    209.57  
 0.0    209.703  
 14.3076923077    209.837  
 0.0    209.97  
 13.2307692308    210.104  
 0.0    210.237  
 13.3846153846    210.371  
 0.0    210.504  
 13.5384615385    210.638  
 0.0    210.771  
 13.6923076923    210.904  
 0.0    211.038  
 12.6153846154    211.172  
 0.0    211.305  
 12.7692307692    211.438  
 0.0    211.571  
 12.9230769231    211.705  
 0.0    211.838  
 13.0769230769    211.972  
 0.0    212.105  
 12.0    212.239  
 0.0    212.372  
 12.1538461538    212.506  
 0.0    212.639  
 12.3076923077    212.772  
 0.0    212.906  
 12.4615384615    213.039  
 0.0    213.173  
 11.3846153846    213.306  
 0.0    213.44  
 11.5384615385    213.573  
 0.0    213.706  
 11.6923076923    213.84  
 0.0    213.973  
 11.8461538462    214.107  
 0.0    214.24  
 10.7692307692    214.375  
 0.0    214.508  
 10.9230769231    214.641  
 0.0    214.774  
 11.0769230769    214.908  
 0.0    215.041  
 11.2307692308    215.174  
 0.0    215.308  
 10.1538461538    215.441  
 0.0    215.574  
 10.3076923077    215.708  
 0.0    215.841  
 10.4615384615    215.975  
 0.0    216.108  
 10.6153846154    216.242  
 0.0    216.375  
 9.53846153846    216.509  
 0.0    216.642  
 9.69230769231    216.775  
 0.0    216.909  
 9.84615384615    217.042  
 0.0    217.176  
 10.0    217.309  
 0.0    217.442  
 8.92307692308    217.576  
 0.0    217.71  
 9.07692307692    217.843  
 0.0    217.976  
 9.23076923077    218.11  
 0.0    218.243  
 9.38461538462    218.377  
 0.0    218.51  
 8.30769230769    218.643  
 0.0    218.777  
 8.46153846154    218.91  
 0.0    219.044  
 8.61538461538    219.177  
 0.0    219.31  
 8.76923076923    219.444  
 0.0    219.577  
 7.69230769231    219.711  
 0.0    219.844  
 7.84615384615    219.978  
 0.0    220.111  
 8.0    220.244  
 0.0    220.378  
 8.15384615385    220.511  
 0.0    220.645  
 7.07692307692    220.778  
 0.0    220.912  
 7.23076923077    221.046  
 0.0    221.179  
 7.38461538462    221.313  
 0.0    221.446  
 7.53846153846    221.579  
 0.0    221.712  
 6.46153846154    221.846  
 0.0    221.979  
 6.61538461538    222.113  
 0.0    222.246  
 6.76923076923    222.379  
 0.0    222.513  
 6.92307692308    222.646  
 0.0    222.78  
 5.84615384615    222.913  
 0.0    223.047  
 6.0    223.18  
 0.0    223.313  
 6.15384615385    223.447  
 0.0    223.58  
 6.30769230769    223.714  
 0.0    223.847  
 5.23076923077    223.981  
 0.0    224.114  
 5.38461538462    224.248  
 0.0    224.382  
 5.53846153846    224.515  
 0.0    224.648  
 5.69230769231    224.781  
 0.0    224.915  
 4.61538461538    225.048  
 0.0    225.181  
 4.76923076923    225.315  
 0.0    225.448  
 4.92307692308    225.582  
 0.0    225.715  
 5.07692307692    225.848  
 0.0    225.982  
 4.0    226.115  
 0.0    226.249  
 4.15384615385    226.382  
 0.0    226.516  
 4.30769230769    226.649  
 0.0    226.783  
 4.46153846154    226.916  
 0.0    227.064  
 19.3846153846    227.2  
 0.0    227.333  
 19.5384615385    227.466  
 0.0    227.612  
 19.6923076923    227.749  
 0.0    227.883  
 19.8461538462    228.017  
 0.0    228.15  
 18.7692307692    228.284  
 0.0    228.417  
 18.9230769231    228.551  
 0.0    228.684  
 19.0769230769    228.818  
 0.0    228.951  
 19.2307692308    229.084  
 0.0    229.218  
 18.1538461538    229.351  
 0.0    229.484  
 18.3076923077    229.618  
 0.0    229.751  
 18.4615384615    229.885  
 0.0    230.018  
 18.6153846154    230.152  
 0.0    230.285  
 17.5384615385    230.419  
 0.0    230.552  
 17.6923076923    230.685  
 0.0    230.819  
 17.8461538462    230.952  
 0.0    231.086  
 18.0    231.22  
 0.0    231.353  
 16.9230769231    231.486  
 0.0    231.619  
 17.0769230769    231.753  
 0.0    231.886  
 17.2307692308    232.02  
 0.0    232.153  
 17.3846153846    232.287  
 0.0    232.42  
 16.3076923077    232.554  
 0.0    232.687  
 16.4615384615    232.82  
 0.0    232.954  
 16.6153846154    233.087  
 0.0    233.221  
 16.7692307692    233.354  
 0.0    233.487  
 15.6923076923    233.621  
 0.0    233.754  
 15.8461538462    233.888  
 0.0    234.021  
 16.0    234.155  
 0.0    234.288  
 16.1538461538    234.423  
 0.0    234.556  
 15.0769230769    234.689  
 0.0    234.822  
 15.2307692308    234.956  
 0.0    235.089  
 15.3846153846    235.222  
 0.0    235.356  
 15.5384615385    235.489  
 0.0    235.622  
 14.4615384615    235.756  
 0.0    235.889  
 14.6153846154    236.023  
 0.0    236.156  
 14.7692307692    236.289  
 0.0    236.423  
 14.9230769231    236.556  
 0.0    236.69  
 13.8461538462    236.823  
 0.0    236.957  
 14.0    237.09  
 0.0    237.223  
 14.1538461538    237.357  
 0.0    237.49  
 14.3076923077    237.624  
 0.0    237.758  
 13.2307692308    237.891  
 0.0    238.024  
 13.3846153846    238.158  
 0.0    238.291  
 13.5384615385    238.424  
 0.0    238.558  
 13.6923076923    238.691  
 0.0    238.825  
 12.6153846154    238.958  
 0.0    239.091  
 12.7692307692    239.225  
 0.0    239.358  
 12.9230769231    239.492  
 0.0    239.625  
 13.0769230769    239.759  
 0.0    239.892  
 12.0    240.026  
 0.0    240.159  
 12.1538461538    240.292  
 0.0    240.426  
 12.3076923077    240.559  
 0.0    240.693  
 12.4615384615    240.826  
 0.0    240.96  
 11.3846153846    241.094  
 0.0    241.227  
 11.5384615385    241.361  
 0.0    241.494  
 11.6923076923    241.628  
 0.0    241.761  
 11.8461538462    241.894  
 0.0    242.027  
 10.7692307692    242.161  
 0.0    242.294  
 10.9230769231    242.427  
 0.0    242.561  
 11.0769230769    242.694  
 0.0    242.828  
 11.2307692308    242.961  
 0.0    243.094  
 10.1538461538    243.228  
 0.0    243.361  
 10.3076923077    243.495  
 0.0    243.628  
 10.4615384615    243.762  
 0.0    243.895  
 10.6153846154    244.028  
 0.0    244.162  
 9.53846153846    244.295  
 0.0    244.429  
 9.69230769231    244.563  
 0.0    244.696  
 9.84615384615    244.829  
 0.0    244.962  
 10.0    245.096  
 0.0    245.229  
 8.92307692308    245.363  
 0.0    245.496  
 9.07692307692    245.63  
 0.0    245.763  
 9.23076923077    245.896  
 0.0    246.03  
 9.38461538462    246.163  
 0.0    246.297  
 8.30769230769    246.43  
 0.0    246.564  
 8.46153846154    246.697  
 0.0    246.83  
 8.61538461538    246.964  
 0.0    247.097  
 8.76923076923    247.231  
 0.0    247.364  
 7.69230769231    247.498  
 0.0    247.631  
 7.84615384615    247.766  
 0.0    247.899  
 8.0    248.032  
 0.0    248.165  
 8.15384615385    248.298  
 0.0    248.432  
 7.07692307692    248.565  
 0.0    248.699  
 7.23076923077    248.833  
 0.0    248.966  
 7.38461538462    249.099  
 0.0    249.233  
 7.53846153846    249.366  
 0.0    249.499  
 6.46153846154    249.632  
 0.0    249.766  
 6.61538461538    249.899  
 0.0    250.033  
 6.76923076923    250.166  
 0.0    250.3  
 6.92307692308    250.433  
 0.0    250.566  
 5.84615384615    250.7  
 0.0    250.833  
 6.0    250.967  
 0.0    251.101  
 6.15384615385    251.234  
 0.0    251.367  
 6.30769230769    251.501  
 0.0    251.634  
 5.23076923077    251.767  
 0.0    251.901  
 5.38461538462    252.034  
 0.0    252.167  
 5.53846153846    252.301  
 0.0    252.435  
 5.69230769231    252.568  
 0.0    252.701  
 4.61538461538    252.835  
 0.0    252.968  
 4.76923076923    253.102  
 0.0    253.235  
 4.92307692308    253.368  
 0.0    253.502  
 5.07692307692    253.635  
 0.0    253.769  
 4.0    253.902  
 0.0    254.036  
 4.15384615385    254.169  
 0.0    254.303  
 4.30769230769    254.437  
 0.0    254.57  
 4.46153846154    254.704  
 0.0    254.851  
 19.3846153846    254.986  
 0.0    255.12  
 19.5384615385    255.253  
 0.0    255.387  
 19.6923076923    255.52  
 0.0    255.653  
 19.8461538462    255.787  
 0.0    255.92  
 18.7692307692    256.054  
 0.0    256.187  
 18.9230769231    256.321  
 0.0    256.454  
 19.0769230769    256.588  
 0.0    256.721  
 19.2307692308    256.855  
 0.0    256.988  
 18.1538461538    257.122  
 0.0    257.256  
 18.3076923077    257.389  
 0.0    257.523  
 18.4615384615    257.657  
 0.0    257.79  
 18.6153846154    257.924  
 0.0    258.057  
 17.5384615385    258.191  
 0.0    258.324  
 17.6923076923    258.458  
 0.0    258.591  
 17.8461538462    258.725  
 0.0    258.858  
 18.0    258.992  
 0.0    259.125  
 16.9230769231    259.259  
 0.0    259.392  
 17.0769230769    259.526  
 0.0    259.659  
 17.2307692308    259.792  
 0.0    259.926  
 17.3846153846    260.059  
 0.0    260.192  
 16.3076923077    260.326  
 0.0    260.459  
 16.4615384615    260.593  
 0.0    260.726  
 16.6153846154    260.86  
 0.0    260.993  
 16.7692307692    261.126  
 0.0    261.26  
 15.6923076923    261.393  
 0.0    261.526  
 15.8461538462    261.66  
 0.0    261.793  
 16.0    261.926  
 0.0    262.06  
 16.1538461538    262.193  
 0.0    262.326  
 15.0769230769    262.46  
 0.0    262.593  
 15.2307692308    262.727  
 0.0    262.86  
 15.3846153846    262.993  
 0.0    263.127  
 15.5384615385    263.26  
 0.0    263.393  
 14.4615384615    263.526  
 0.0    263.66  
 14.6153846154    263.793  
 0.0    263.927  
 14.7692307692    264.06  
 0.0    264.194  
 14.9230769231    264.327  
 0.0    264.461  
 13.8461538462    264.594  
 0.0    264.727  
 14.0    264.861  
 0.0    264.994  
 14.1538461538    265.127  
 0.0    265.26  
 14.3076923077    265.394  
 0.0    265.527  
 13.2307692308    265.661  
 0.0    265.794  
 13.3846153846    265.928  
 0.0    266.061  
 13.5384615385    266.194  
 0.0    266.328  
 13.6923076923    266.461  
 0.0    266.595  
 12.6153846154    266.728  
 0.0    266.862  
 12.7692307692    266.995  
 0.0    267.128  
 12.9230769231    267.262  
 0.0    267.395  
 13.0769230769    267.529  
 0.0    267.662  
 12.0    267.797  
 0.0    267.93  
 12.1538461538    268.063  
 0.0    268.196  
 12.3076923077    268.33  
 0.0    268.463  
 12.4615384615    268.597  
 0.0    268.73  
 11.3846153846    268.864  
 0.0    268.997  
 11.5384615385    269.13  
 0.0    269.264  
 11.6923076923    269.397  
 0.0    269.531  
 11.8461538462    269.664  
 0.0    269.797  
 10.7692307692    269.931  
 0.0    270.064  
 10.9230769231    270.197  
 0.0    270.331  
 11.0769230769    270.464  
 0.0    270.597  
 11.2307692308    270.731  
 0.0    270.864  
 10.1538461538    270.998  
 0.0    271.132  
 10.3076923077    271.266  
 0.0    271.399  
 10.4615384615    271.532  
 0.0    271.666  
 10.6153846154    271.799  
 0.0    271.933  
 9.53846153846    272.066  
 0.0    272.199  
 9.69230769231    272.333  
 0.0    272.466  
 9.84615384615    272.599  
 0.0    272.733  
 10.0    272.866  
 0.0    272.999  
 8.92307692308    273.133  
 0.0    273.266  
 9.07692307692    273.4  
 0.0    273.533  
 9.23076923077    273.667  
 0.0    273.8  
 9.38461538462    273.933  
 0.0    274.067  
 8.30769230769    274.2  
 0.0    274.334  
 8.46153846154    274.468  
 0.0    274.602  
 8.61538461538    274.735  
 0.0    274.868  
 8.76923076923    275.001  
 0.0    275.135  
 7.69230769231    275.268  
 0.0    275.401  
 7.84615384615    275.535  
 0.0    275.668  
 8.0    275.801  
 0.0    275.935  
 8.15384615385    276.068  
 0.0    276.202  
 7.07692307692    276.335  
 0.0    276.469  
 7.23076923077    276.602  
 0.0    276.735  
 7.38461538462    276.869  
 0.0    277.002  
 7.53846153846    277.136  
 0.0    277.269  
 6.46153846154    277.403  
 0.0    277.536  
 6.61538461538    277.669  
 0.0    277.804  
 6.76923076923    277.937  
 0.0    278.071  
 6.92307692308    278.204  
 0.0    278.338  
 5.84615384615    278.472  
 0.0    278.605  
 6.0    278.739  
 0.0    278.872  
 6.15384615385    279.005  
 0.0    279.139  
 6.30769230769    279.272  
 0.0    279.405  
 5.23076923077    279.539  
 0.0    279.672  
 5.38461538462    279.805  
 0.0    279.939  
 5.53846153846    280.072  
 0.0    280.206  
 5.69230769231    280.339  
 0.0    280.472  
 4.61538461538    280.606  
 0.0    280.739  
 4.76923076923    280.872  
 0.0    281.006  
 4.92307692308    281.14  
 0.0    281.273  
 5.07692307692    281.406  
 0.0    281.54  
 4.0    281.673  
 0.0    281.806  
 4.15384615385    281.94  
 0.0    282.073  
 4.30769230769    282.207  
 0.0    282.34  
 4.46153846154    282.473  
 0.0    282.621  
 19.3846153846    282.755  
 0.0    282.89  
 19.5384615385    283.023  
 0.0    283.157  
 19.6923076923    283.29  
 0.0    283.424  
 19.8461538462    283.557  
 0.0    283.69  
 18.7692307692    283.824  
 0.0    283.957  
 18.9230769231    284.091  
 0.0    284.224  
 19.0769230769    284.358  
 0.0    284.492  
 19.2307692308    284.626  
 0.0    284.759  
 18.1538461538    284.892  
 0.0    285.026  
 18.3076923077    285.159  
 0.0    285.293  
 18.4615384615    285.426  
 0.0    285.559  
 18.6153846154    285.693  
 0.0    285.826  
 17.5384615385    285.96  
 0.0    286.093  
 17.6923076923    286.227  
 0.0    286.36  
 17.8461538462    286.494  
 0.0    286.627  
 18.0    286.761  
 0.0    286.894  
 16.9230769231    287.028  
 0.0    287.161  
 17.0769230769    287.295  
 0.0    287.428  
 17.2307692308    287.562  
 0.0    287.695  
 17.3846153846    287.829  
 0.0    287.962  
 16.3076923077    288.096  
 0.0    288.229  
 16.4615384615    288.363  
 0.0    288.496  
 16.6153846154    288.63  
 0.0    288.763  
 16.7692307692    288.897  
 0.0    289.03  
 15.6923076923    289.163  
 0.0    289.297  
 15.8461538462    289.43  
 0.0    289.563  
 16.0    289.697  
 0.0    289.83  
 16.1538461538    289.964  
 0.0    290.097  
 15.0769230769    290.231  
 0.0    290.364  
 15.2307692308    290.498  
 0.0    290.631  
 15.3846153846    290.764  
 0.0    290.898  
 15.5384615385    291.031  
 0.0    291.165  
 14.4615384615    291.298  
 0.0    291.432  
 14.6153846154    291.565  
 0.0    291.699  
 14.7692307692    291.832  
 0.0    291.966  
 14.9230769231    292.099  
 0.0    292.233  
 13.8461538462    292.366  
 0.0    292.5  
 14.0    292.633  
 0.0    292.766  
 14.1538461538    292.9  
 0.0    293.033  
 14.3076923077    293.167  
 0.0    293.3  
 13.2307692308    293.434  
 0.0    293.567  
 13.3846153846    293.701  
 0.0    293.834  
 13.5384615385    293.968  
 0.0    294.101  
 13.6923076923    294.235  
 0.0    294.368  
 12.6153846154    294.502  
 0.0    294.635  
 12.7692307692    294.769  
 0.0    294.902  
 12.9230769231    295.035  
 0.0    295.169  
 13.0769230769    295.302  
 0.0    295.435  
 12.0    295.569  
 0.0    295.702  
 12.1538461538    295.836  
 0.0    295.969  
 12.3076923077    296.103  
 0.0    296.236  
 12.4615384615    296.369  
 0.0    296.503  
 11.3846153846    296.636  
 0.0    296.769  
 11.5384615385    296.916  
 0.0    297.05  
 11.6923076923    297.184  
 0.0    297.317  
 11.8461538462    297.451  
 0.0    297.584  
 10.7692307692    297.717  
 0.0    297.851  
 10.9230769231    297.985  
 0.0    298.119  
 11.0769230769    298.252  
 0.0    298.386  
 11.2307692308    298.519  
 0.0    298.653  
 10.1538461538    298.786  
 0.0    298.92  
 10.3076923077    299.053  
 0.0    299.186  
 10.4615384615    299.32  
 0.0    299.453  
 10.6153846154    299.587  
 0.0    299.72  
 9.53846153846    299.853  
 0.0    299.987  
 9.69230769231    300.12  
 0.0    300.254  
 9.84615384615    300.387  
 0.0    300.52  
 10.0    300.654  
 0.0    300.787  
 8.92307692308    300.921  
 0.0    301.054  
 9.07692307692    301.188  
 0.0    301.322  
 9.23076923077    301.455  
 0.0    301.589  
 9.38461538462    301.722  
 0.0    301.856  
 8.30769230769    301.989  
 0.0    302.123  
 8.46153846154    302.256  
 0.0    302.39  
 8.61538461538    302.523  
 0.0    302.657  
 8.76923076923    302.79  
 0.0    302.924  
 7.69230769231    303.057  
 0.0    303.195  
 7.84615384615    303.337  
 0.0    303.472  
 8.0    303.605  
 0.0    303.738  
 8.15384615385    303.872  
 0.0    304.005  
 7.07692307692    304.139  
 0.0    304.272  
 7.23076923077    304.405  
 0.0    304.54  
 7.38461538462    304.673  
 0.0    304.807  
 7.53846153846    304.94  
 0.0    305.073  
 6.46153846154    305.207  
 0.0    305.34  
 6.61538461538    305.474  
 0.0    305.607  
 6.76923076923    305.741  
 0.0    305.874  
 6.92307692308    306.008  
 0.0    306.141  
 5.84615384615    306.275  
 0.0    306.408  
 6.0    306.541  
 0.0    306.675  
 6.15384615385    306.808  
 0.0    306.942  
 6.30769230769    307.075  
 0.0    307.209  
 5.23076923077    307.342  
 0.0    307.476  
 5.38461538462    307.61  
 0.0    307.743  
 5.53846153846    307.877  
 0.0    308.01  
 5.69230769231    308.144  
 0.0    308.277  
 4.61538461538    308.411  
 0.0    308.544  
 4.76923076923    308.678  
 0.0    308.811  
 4.92307692308    308.945  
 0.0    309.078  
 5.07692307692    309.212  
 0.0    309.346  
 4.0    309.479  
 0.0    309.612  
 4.15384615385    309.746  
 0.0    309.879  
 4.30769230769    310.013  
 0.0    310.146  
 4.46153846154    310.28  
