 [8.7692307692307665, 15.384615384615378, 16.923076923076913, 18.153846153846146]  
 [34.925, 37.059, 40.797, 52.804]  
 [37.727, 41.329, 53.338]  
 [11.692307692307688, 13.384615384615378, 17.692307692307683, 18.461538461538453]  
 [63.228, 64.029, 71.501, 74.97]  
 [63.762, 72.034, 75.638]  
 [8.3076923076923048, 12.923076923076918, 13.230769230769225, 19.230769230769219]  
 [90.198, 99.004, 100.605, 107.545]  
 [99.405, 101.273, 108.078]  
 [4.7692307692307692, 12.923076923076918, 13.692307692307686, 16.461538461538453]  
 [121.704, 127.577, 128.376, 141.986]  
 [122.238, 128.109, 128.909, 142.519]  
 [6.3076923076923066, 9.6923076923076881, 10.615384615384611, 11.999999999999995]  
 [156.68, 160.682, 161.216, 168.154]  
 [157.213, 161.216, 168.822]  
 [4.1538461538461542, 12.153846153846148, 15.999999999999993, 16.307692307692299]  
 [176.978, 178.579, 184.717, 198.61]  
 [177.511, 179.246, 185.25]  
 [12.307692307692303, 13.84615384615384, 14.307692307692301, 14.769230769230763]  
 [208.5, 209.034, 209.835, 212.77]  
 [209.034, 210.369, 213.304]  
 [12.923076923076918, 13.384615384615378, 14.307692307692301, 15.384615384615378]  
 [235.22, 237.622, 238.156, 239.49]  
 [235.754, 238.156, 240.023]  
 [5.3846153846153841, 5.5384615384615374, 7.3846153846153824, 15.999999999999993]  
 [261.924, 276.867, 279.804, 280.07]  
 [262.458, 277.401, 280.337, 280.737]  
 [9.9999999999999964, 10.923076923076918, 13.230769230769225, 13.84615384615384]  
 [292.364, 293.432, 297.983, 300.652]  
 [293.031, 293.966, 298.517, 301.187]  
