 [6.4615384615384599, 9.2307692307692282, 16.461538461538453, 19.230769230769219]  
 [36.108, 40.912, 53.454, 58.258]  
 [36.776, 53.988, 58.792]  
 [12.769230769230763, 14.153846153846148, 15.538461538461531, 18.153846153846146]  
 [74.82, 77.222, 79.623, 84.16]  
 [75.354, 77.755, 80.157, 84.695]  
 [14.615384615384608, 15.384615384615378, 15.999999999999993, 17.538461538461529]  
 [105.792, 107.127, 108.195, 110.863]  
 [106.859, 108.062, 108.861, 111.398]  
 [6.3076923076923066, 18.615384615384606, 18.769230769230759, 19.538461538461526]  
 [119.152, 140.518, 140.784, 142.119]  
 [141.187, 142.653]  
 [10.461538461538458, 15.07692307692307, 16.307692307692299, 19.538461538461526]  
 [154.144, 162.15, 164.285, 169.892]  
 [154.812, 162.684, 164.82, 170.424]  
 [4.4615384615384617, 11.230769230769226, 14.769230769230763, 18.307692307692299]  
 [171.508, 183.249, 189.387, 195.525]  
 []  
 [13.84615384615384, 18.461538461538453, 19.076923076923066, 19.538461538461526]  
 [215.572, 223.595, 224.662, 225.464]  
 [216.106, 224.129, 225.464]  
 [8.7692307692307665, 11.076923076923073, 12.307692307692303, 15.846153846153838]  
 [234.553, 238.556, 240.692, 246.831]  
 [226.277, 235.221, 247.365]  
 [7.2307692307692291, 7.5384615384615365, 13.538461538461533, 18.461538461538453]  
 [259.672, 260.206, 270.633, 279.188]  
 [271.166, 279.722]  
 [5.3846153846153841, 9.2307692307692282, 10.461538461538458, 19.076923076923066]  
 [284.274, 290.947, 293.082, 308.106]  
 [293.883]  
