 31.657    31.657  
 0.0    31.674  
 4.0    31.808  
 0.0    31.941  
 4.15384615385    32.09  
 0.0    32.225  
 4.30769230769    32.362  
 0.0    32.496  
 4.46153846154    32.641  
 0.0    32.775  
 4.61538461538    32.909  
 0.0    33.042  
 4.76923076923    33.175  
 0.0    33.309  
 4.92307692308    33.442  
 0.0    33.575  
 5.07692307692    33.709  
 0.0    33.843  
 5.23076923077    33.977  
 0.0    34.109  
 5.38461538462    34.243  
 0.0    34.376  
 5.53846153846    34.51  
 0.0    34.643  
 5.69230769231    34.777  
 0.0    34.91  
 5.84615384615    35.043  
 0.0    35.176  
 6.0    35.31  
 0.0    35.443  
 6.15384615385    35.577  
 0.0    35.71  
 6.30769230769    35.844  
 0.0    35.977  
 6.46153846154    36.111  
 0.0    36.244  
 6.61538461538    36.378  
 0.0    36.511  
 6.76923076923    36.645  
 0.0    36.778  
 6.92307692308    36.912  
 0.0    37.045  
 7.07692307692    37.178  
 0.0    37.311  
 7.23076923077    37.445  
 0.0    37.578  
 7.38461538462    37.712  
 0.0    37.846  
 7.53846153846    37.979  
 0.0    38.112  
 7.69230769231    38.246  
 0.0    38.379  
 7.84615384615    38.513  
 0.0    38.646  
 8.0    38.78  
 0.0    38.913  
 8.15384615385    39.047  
 0.0    39.179  
 8.30769230769    39.313  
 0.0    39.446  
 8.46153846154    39.58  
 0.0    39.713  
 8.61538461538    39.847  
 0.0    39.98  
 8.76923076923    40.114  
 0.0    40.247  
 8.92307692308    40.381  
 0.0    40.514  
 9.07692307692    40.648  
 0.0    40.781  
 9.23076923077    40.914  
 0.0    41.047  
 9.38461538462    41.182  
 0.0    41.315  
 9.53846153846    41.448  
 0.0    41.581  
 9.69230769231    41.715  
 0.0    41.848  
 9.84615384615    41.982  
 0.0    42.115  
 10.0    42.249  
 0.0    42.382  
 10.1538461538    42.516  
 0.0    42.649  
 10.3076923077    42.782  
 0.0    42.915  
 10.4615384615    43.05  
 0.0    43.182  
 10.6153846154    43.316  
 0.0    43.449  
 10.7692307692    43.583  
 0.0    43.716  
 10.9230769231    43.85  
 0.0    43.983  
 11.0769230769    44.117  
 0.0    44.25  
 11.2307692308    44.384  
 0.0    44.518  
 11.3846153846    44.651  
 0.0    44.784  
 11.5384615385    44.917  
 0.0    45.05  
 11.6923076923    45.184  
 0.0    45.317  
 11.8461538462    45.451  
 0.0    45.584  
 12.0    45.718  
 0.0    45.851  
 12.1538461538    45.985  
 0.0    46.118  
 12.3076923077    46.252  
 0.0    46.385  
 12.4615384615    46.519  
 0.0    46.651  
 12.6153846154    46.785  
 0.0    46.918  
 12.7692307692    47.052  
 0.0    47.185  
 12.9230769231    47.319  
 0.0    47.452  
 13.0769230769    47.586  
 0.0    47.719  
 13.2307692308    47.854  
 0.0    47.987  
 13.3846153846    48.12  
 0.0    48.253  
 13.5384615385    48.387  
 0.0    48.52  
 13.6923076923    48.654  
 0.0    48.786  
 13.8461538462    48.92  
 0.0    49.053  
 14.0    49.187  
 0.0    49.32  
 14.1538461538    49.454  
 0.0    49.587  
 14.3076923077    49.721  
 0.0    49.854  
 14.4615384615    49.988  
 0.0    50.121  
 14.6153846154    50.255  
 0.0    50.388  
 14.7692307692    50.522  
 0.0    50.654  
 14.9230769231    50.788  
 0.0    50.921  
 15.0769230769    51.055  
 0.0    51.189  
 15.2307692308    51.322  
 0.0    51.455  
 15.3846153846    51.589  
 0.0    51.722  
 15.5384615385    51.856  
 0.0    51.989  
 15.6923076923    52.123  
 0.0    52.256  
 15.8461538462    52.389  
 0.0    52.522  
 16.0    52.656  
 0.0    52.789  
 16.1538461538    52.923  
 0.0    53.056  
 16.3076923077    53.19  
 0.0    53.323  
 16.4615384615    53.457  
 0.0    53.59  
 16.6153846154    53.724  
 0.0    53.857  
 16.7692307692    53.991  
 0.0    54.124  
 16.9230769231    54.258  
 0.0    54.39  
 17.0769230769    54.525  
 0.0    54.658  
 17.2307692308    54.791  
 0.0    54.925  
 17.3846153846    55.058  
 0.0    55.192  
 17.5384615385    55.325  
 0.0    55.458  
 17.6923076923    55.592  
 0.0    55.725  
 17.8461538462    55.859  
 0.0    55.992  
 18.0    56.125  
 0.0    56.259  
 18.1538461538    56.392  
 0.0    56.525  
 18.3076923077    56.659  
 0.0    56.792  
 18.4615384615    56.926  
 0.0    57.059  
 18.6153846154    57.193  
 0.0    57.326  
 18.7692307692    57.46  
 0.0    57.593  
 18.9230769231    57.727  
 0.0    57.861  
 19.0769230769    57.994  
 0.0    58.127  
 19.2307692308    58.261  
 0.0    58.394  
 19.3846153846    58.528  
 0.0    58.66  
 19.5384615385    58.794  
 0.0    58.927  
 19.6923076923    59.061  
 0.0    59.194  
 19.8461538462    59.328  
 0.0    59.471  
 4.0    59.61  
 0.0    59.745  
 4.15384615385    59.878  
 0.0    60.012  
 4.30769230769    60.145  
 0.0    60.278  
 4.46153846154    60.412  
 0.0    60.545  
 4.61538461538    60.679  
 0.0    60.812  
 4.76923076923    60.946  
 0.0    61.079  
 4.92307692308    61.213  
 0.0    61.346  
 5.07692307692    61.479  
 0.0    61.612  
 5.23076923077    61.746  
 0.0    61.879  
 5.38461538462    62.013  
 0.0    62.146  
 5.53846153846    62.28  
 0.0    62.413  
 5.69230769231    62.547  
 0.0    62.68  
 5.84615384615    62.814  
 0.0    62.947  
 6.0    63.081  
 0.0    63.214  
 6.15384615385    63.347  
 0.0    63.48  
 6.30769230769    63.614  
 0.0    63.747  
 6.46153846154    63.881  
 0.0    64.014  
 6.61538461538    64.148  
 0.0    64.281  
 6.76923076923    64.415  
 0.0    64.549  
 6.92307692308    64.682  
 0.0    64.815  
 7.07692307692    64.948  
 0.0    65.082  
 7.23076923077    65.215  
 0.0    65.349  
 7.38461538462    65.482  
 0.0    65.615  
 7.53846153846    65.749  
 0.0    65.882  
 7.69230769231    66.016  
 0.0    66.149  
 7.84615384615    66.283  
 0.0    66.416  
 8.0    66.55  
 0.0    66.683  
 8.15384615385    66.817  
 0.0    66.952  
 8.30769230769    67.086  
 0.0    67.218  
 8.46153846154    67.351  
 0.0    67.485  
 8.61538461538    67.618  
 0.0    67.75  
 8.76923076923    67.885  
 0.0    68.018  
 8.92307692308    68.151  
 0.0    68.284  
 9.07692307692    68.418  
 0.0    68.551  
 9.23076923077    68.684  
 0.0    68.818  
 9.38461538462    68.951  
 0.0    69.085  
 9.53846153846    69.218  
 0.0    69.352  
 9.69230769231    69.485  
 0.0    69.618  
 9.84615384615    69.752  
 0.0    69.885  
 10.0    70.019  
 0.0    70.152  
 10.1538461538    70.286  
 0.0    70.419  
 10.3076923077    70.553  
 0.0    70.686  
 10.4615384615    70.819  
 0.0    70.953  
 10.6153846154    71.086  
 0.0    71.221  
 10.7692307692    71.353  
 0.0    71.487  
 10.9230769231    71.62  
 0.0    71.753  
 11.0769230769    71.887  
 0.0    72.02  
 11.2307692308    72.154  
 0.0    72.287  
 11.3846153846    72.421  
 0.0    72.554  
 11.5384615385    72.688  
 0.0    72.821  
 11.6923076923    72.954  
 0.0    73.088  
 11.8461538462    73.221  
 0.0    73.355  
 12.0    73.488  
 0.0    73.621  
 12.1538461538    73.755  
 0.0    73.888  
 12.3076923077    74.022  
 0.0    74.155  
 12.4615384615    74.289  
 0.0    74.422  
 12.6153846154    74.556  
 0.0    74.689  
 12.7692307692    74.822  
 0.0    74.956  
 12.9230769231    75.089  
 0.0    75.223  
 13.0769230769    75.356  
 0.0    75.489  
 13.2307692308    75.623  
 0.0    75.756  
 13.3846153846    75.89  
 0.0    76.023  
 13.5384615385    76.157  
 0.0    76.29  
 13.6923076923    76.424  
 0.0    76.557  
 13.8461538462    76.69  
 0.0    76.824  
 14.0    76.957  
 0.0    77.091  
 14.1538461538    77.224  
 0.0    77.358  
 14.3076923077    77.491  
 0.0    77.624  
 14.4615384615    77.758  
 0.0    77.892  
 14.6153846154    78.025  
 0.0    78.158  
 14.7692307692    78.292  
 0.0    78.425  
 14.9230769231    78.559  
 0.0    78.692  
 15.0769230769    78.825  
 0.0    78.959  
 15.2307692308    79.092  
 0.0    79.226  
 15.3846153846    79.359  
 0.0    79.492  
 15.5384615385    79.626  
 0.0    79.759  
 15.6923076923    79.893  
 0.0    80.026  
 15.8461538462    80.16  
 0.0    80.293  
 16.0    80.427  
 0.0    80.56  
 16.1538461538    80.693  
 0.0    80.827  
 16.3076923077    80.96  
 0.0    81.094  
 16.4615384615    81.228  
 0.0    81.361  
 16.6153846154    81.495  
 0.0    81.628  
 16.7692307692    81.761  
 0.0    81.894  
 16.9230769231    82.028  
 0.0    82.161  
 17.0769230769    82.294  
 0.0    82.428  
 17.2307692308    82.561  
 0.0    82.695  
 17.3846153846    82.828  
 0.0    82.962  
 17.5384615385    83.095  
 0.0    83.229  
 17.6923076923    83.362  
 0.0    83.495  
 17.8461538462    83.629  
 0.0    83.762  
 18.0    83.896  
 0.0    84.029  
 18.1538461538    84.163  
 0.0    84.296  
 18.3076923077    84.43  
 0.0    84.564  
 18.4615384615    84.697  
 0.0    84.83  
 18.6153846154    84.963  
 0.0    85.096  
 18.7692307692    85.23  
 0.0    85.363  
 18.9230769231    85.497  
 0.0    85.63  
 19.0769230769    85.764  
 0.0    85.897  
 19.2307692308    86.031  
 0.0    86.164  
 19.3846153846    86.297  
 0.0    86.431  
 19.5384615385    86.564  
 0.0    86.698  
 19.6923076923    86.831  
 0.0    86.964  
 19.8461538462    87.098  
 0.0    87.24  
 4.0    87.381  
 0.0    87.515  
 4.15384615385    87.648  
 0.0    87.781  
 4.30769230769    87.916  
 0.0    88.049  
 4.46153846154    88.182  
 0.0    88.315  
 4.61538461538    88.449  
 0.0    88.582  
 4.76923076923    88.716  
 0.0    88.849  
 4.92307692308    88.983  
 0.0    89.116  
 5.07692307692    89.25  
 0.0    89.383  
 5.23076923077    89.516  
 0.0    89.65  
 5.38461538462    89.783  
 0.0    89.917  
 5.53846153846    90.05  
 0.0    90.183  
 5.69230769231    90.317  
 0.0    90.45  
 5.84615384615    90.584  
 0.0    90.717  
 6.0    90.851  
 0.0    90.984  
 6.15384615385    91.118  
 0.0    91.252  
 6.30769230769    91.384  
 0.0    91.517  
 6.46153846154    91.651  
 0.0    91.784  
 6.61538461538    91.918  
 0.0    92.051  
 6.76923076923    92.185  
 0.0    92.318  
 6.92307692308    92.452  
 0.0    92.585  
 7.07692307692    92.719  
 0.0    92.852  
 7.23076923077    92.986  
 0.0    93.119  
 7.38461538462    93.252  
 0.0    93.385  
 7.53846153846    93.519  
 0.0    93.652  
 7.69230769231    93.786  
 0.0    93.919  
 7.84615384615    94.053  
 0.0    94.186  
 8.0    94.32  
 0.0    94.453  
 8.15384615385    94.588  
 0.0    94.721  
 8.30769230769    94.854  
 0.0    94.987  
 8.46153846154    95.12  
 0.0    95.254  
 8.61538461538    95.387  
 0.0    95.52  
 8.76923076923    95.654  
 0.0    95.787  
 8.92307692308    95.921  
 0.0    96.054  
 9.07692307692    96.188  
 0.0    96.321  
 9.23076923077    96.455  
 0.0    96.588  
 9.38461538462    96.722  
 0.0    96.855  
 9.53846153846    96.988  
 0.0    97.122  
 9.69230769231    97.255  
 0.0    97.388  
 9.84615384615    97.522  
 0.0    97.655  
 10.0    97.789  
 0.0    97.923  
 10.1538461538    98.056  
 0.0    98.189  
 10.3076923077    98.323  
 0.0    98.456  
 10.4615384615    98.59  
 0.0    98.723  
 10.6153846154    98.856  
 0.0    98.99  
 10.7692307692    99.123  
 0.0    99.256  
 10.9230769231    99.39  
 0.0    99.523  
 11.0769230769    99.657  
 0.0    99.79  
 11.2307692308    99.924  
 0.0    100.057  
 11.3846153846    100.191  
 0.0    100.324  
 11.5384615385    100.458  
 0.0    100.591  
 11.6923076923    100.725  
 0.0    100.858  
 11.8461538462    100.992  
 0.0    101.124  
 12.0    101.259  
 0.0    101.392  
 12.1538461538    101.525  
 0.0    101.658  
 12.3076923077    101.792  
 0.0    101.925  
 12.4615384615    102.059  
 0.0    102.192  
 12.6153846154    102.326  
 0.0    102.459  
 12.7692307692    102.593  
 0.0    102.726  
 12.9230769231    102.859  
 0.0    102.993  
 13.0769230769    103.126  
 0.0    103.26  
 13.2307692308    103.393  
 0.0    103.526  
 13.3846153846    103.66  
 0.0    103.793  
 13.5384615385    103.927  
 0.0    104.06  
 13.6923076923    104.194  
 0.0    104.327  
 13.8461538462    104.461  
 0.0    104.595  
 14.0    104.727  
 0.0    104.86  
 14.1538461538    104.994  
 0.0    105.127  
 14.3076923077    105.261  
 0.0    105.394  
 14.4615384615    105.528  
 0.0    105.661  
 14.6153846154    105.795  
 0.0    105.928  
 14.7692307692    106.062  
 0.0    106.195  
 14.9230769231    106.329  
 0.0    106.462  
 15.0769230769    106.596  
 0.0    106.728  
 15.2307692308    106.862  
 0.0    106.996  
 15.3846153846    107.129  
 0.0    107.262  
 15.5384615385    107.396  
 0.0    107.529  
 15.6923076923    107.663  
 0.0    107.796  
 15.8461538462    107.931  
 0.0    108.064  
 16.0    108.197  
 0.0    108.33  
 16.1538461538    108.464  
 0.0    108.597  
 16.3076923077    108.73  
 0.0    108.863  
 16.4615384615    109.001  
 0.0    109.134  
 16.6153846154    109.267  
 0.0    109.399  
 16.7692307692    109.532  
 0.0    109.665  
 16.9230769231    109.798  
 0.0    109.931  
 17.0769230769    110.065  
 0.0    110.198  
 17.2307692308    110.332  
 0.0    110.465  
 17.3846153846    110.599  
 0.0    110.732  
 17.5384615385    110.865  
 0.0    110.999  
 17.6923076923    111.132  
 0.0    111.266  
 17.8461538462    111.4  
 0.0    111.532  
 18.0    111.666  
 0.0    111.799  
 18.1538461538    111.933  
 0.0    112.066  
 18.3076923077    112.2  
 0.0    112.333  
 18.4615384615    112.466  
 0.0    112.6  
 18.6153846154    112.733  
 0.0    112.867  
 18.7692307692    113.0  
 0.0    113.133  
 18.9230769231    113.267  
 0.0    113.4  
 19.0769230769    113.534  
 0.0    113.667  
 19.2307692308    113.801  
 0.0    113.934  
 19.3846153846    114.068  
 0.0    114.201  
 19.5384615385    114.334  
 0.0    114.468  
 19.6923076923    114.602  
 0.0    114.735  
 19.8461538462    114.869  
 0.0    115.011  
 4.0    115.152  
 0.0    115.285  
 4.15384615385    115.418  
 0.0    115.552  
 4.30769230769    115.685  
 0.0    115.819  
 4.46153846154    115.952  
 0.0    116.086  
 4.61538461538    116.219  
 0.0    116.352  
 4.76923076923    116.486  
 0.0    116.619  
 4.92307692308    116.752  
 0.0    116.886  
 5.07692307692    117.019  
 0.0    117.153  
 5.23076923077    117.286  
 0.0    117.42  
 5.38461538462    117.553  
 0.0    117.687  
 5.53846153846    117.82  
 0.0    117.955  
 5.69230769231    118.088  
 0.0    118.221  
 5.84615384615    118.354  
 0.0    118.487  
 6.0    118.621  
 0.0    118.754  
 6.15384615385    118.887  
 0.0    119.021  
 6.30769230769    119.154  
 0.0    119.288  
 6.46153846154    119.421  
 0.0    119.555  
 6.61538461538    119.688  
 0.0    119.822  
 6.76923076923    119.955  
 0.0    120.089  
 6.92307692308    120.222  
 0.0    120.355  
 7.07692307692    120.489  
 0.0    120.622  
 7.23076923077    120.755  
 0.0    120.889  
 7.38461538462    121.022  
 0.0    121.156  
 7.53846153846    121.29  
 0.0    121.423  
 7.69230769231    121.556  
 0.0    121.69  
 7.84615384615    121.823  
 0.0    121.957  
 8.0    122.09  
 0.0    122.223  
 8.15384615385    122.357  
 0.0    122.49  
 8.30769230769    122.623  
 0.0    122.757  
 8.46153846154    122.89  
 0.0    123.024  
 8.61538461538    123.157  
 0.0    123.291  
 8.76923076923    123.424  
 0.0    123.558  
 8.92307692308    123.691  
 0.0    123.825  
 9.07692307692    123.958  
 0.0    124.092  
 9.23076923077    124.225  
 0.0    124.358  
 9.38461538462    124.491  
 0.0    124.626  
 9.53846153846    124.759  
 0.0    124.892  
 9.69230769231    125.025  
 0.0    125.159  
 9.84615384615    125.292  
 0.0    125.426  
 10.0    125.559  
 0.0    125.693  
 10.1538461538    125.826  
 0.0    125.96  
 10.3076923077    126.093  
 0.0    126.226  
 10.4615384615    126.359  
 0.0    126.493  
 10.6153846154    126.626  
 0.0    126.76  
 10.7692307692    126.893  
 0.0    127.027  
 10.9230769231    127.16  
 0.0    127.294  
 11.0769230769    127.427  
 0.0    127.56  
 11.2307692308    127.694  
 0.0    127.827  
 11.3846153846    127.962  
 0.0    128.095  
 11.5384615385    128.228  
 0.0    128.361  
 11.6923076923    128.495  
 0.0    128.628  
 11.8461538462    128.761  
 0.0    128.895  
 12.0    129.028  
 0.0    129.162  
 12.1538461538    129.295  
 0.0    129.429  
 12.3076923077    129.562  
 0.0    129.695  
 12.4615384615    129.829  
 0.0    129.962  
 12.6153846154    130.096  
 0.0    130.229  
 12.7692307692    130.363  
 0.0    130.496  
 12.9230769231    130.63  
 0.0    130.763  
 13.0769230769    130.897  
 0.0    131.03  
 13.2307692308    131.163  
 0.0    131.298  
 13.3846153846    131.431  
 0.0    131.563  
 13.5384615385    131.697  
 0.0    131.83  
 13.6923076923    131.964  
 0.0    132.097  
 13.8461538462    132.231  
 0.0    132.364  
 14.0    132.498  
 0.0    132.631  
 14.1538461538    132.765  
 0.0    132.898  
 14.3076923077    133.032  
 0.0    133.165  
 14.4615384615    133.298  
 0.0    133.432  
 14.6153846154    133.565  
 0.0    133.698  
 14.7692307692    133.832  
 0.0    133.975  
 14.9230769231    134.115  
 0.0    134.249  
 15.0769230769    134.383  
 0.0    134.516  
 15.2307692308    134.65  
 0.0    134.783  
 15.3846153846    134.916  
 0.0    135.049  
 15.5384615385    135.183  
 0.0    135.316  
 15.6923076923    135.45  
 0.0    135.583  
 15.8461538462    135.717  
 0.0    135.85  
 16.0    135.984  
 0.0    136.117  
 16.1538461538    136.25  
 0.0    136.384  
 16.3076923077    136.517  
 0.0    136.651  
 16.4615384615    136.784  
 0.0    136.917  
 16.6153846154    137.051  
 0.0    137.184  
 16.7692307692    137.318  
 0.0    137.451  
 16.9230769231    137.585  
 0.0    137.718  
 17.0769230769    137.852  
 0.0    137.986  
 17.2307692308    138.118  
 0.0    138.252  
 17.3846153846    138.385  
 0.0    138.519  
 17.5384615385    138.652  
 0.0    138.785  
 17.6923076923    138.919  
 0.0    139.052  
 17.8461538462    139.186  
 0.0    139.319  
 18.0    139.453  
 0.0    139.586  
 18.1538461538    139.72  
 0.0    139.853  
 18.3076923077    139.987  
 0.0    140.12  
 18.4615384615    140.253  
 0.0    140.387  
 18.6153846154    140.52  
 0.0    140.653  
 18.7692307692    140.787  
 0.0    140.92  
 18.9230769231    141.056  
 0.0    141.189  
 19.0769230769    141.323  
 0.0    141.456  
 19.2307692308    141.589  
 0.0    141.722  
 19.3846153846    141.855  
 0.0    141.988  
 19.5384615385    142.121  
 0.0    142.255  
 19.6923076923    142.388  
 0.0    142.522  
 19.8461538462    142.655  
 0.0    142.798  
 4.0    142.938  
 0.0    143.072  
 4.15384615385    143.205  
 0.0    143.339  
 4.30769230769    143.472  
 0.0    143.606  
 4.46153846154    143.739  
 0.0    143.872  
 4.61538461538    144.006  
 0.0    144.139  
 4.76923076923    144.273  
 0.0    144.406  
 4.92307692308    144.54  
 0.0    144.674  
 5.07692307692    144.807  
 0.0    144.94  
 5.23076923077    145.073  
 0.0    145.207  
 5.38461538462    145.34  
 0.0    145.474  
 5.53846153846    145.607  
 0.0    145.741  
 5.69230769231    145.874  
 0.0    146.007  
 5.84615384615    146.141  
 0.0    146.274  
 6.0    146.408  
 0.0    146.541  
 6.15384615385    146.674  
 0.0    146.808  
 6.30769230769    146.941  
 0.0    147.075  
 6.46153846154    147.208  
 0.0    147.342  
 6.61538461538    147.475  
 0.0    147.608  
 6.76923076923    147.742  
 0.0    147.875  
 6.92307692308    148.01  
 0.0    148.143  
 7.07692307692    148.276  
 0.0    148.409  
 7.23076923077    148.542  
 0.0    148.676  
 7.38461538462    148.809  
 0.0    148.943  
 7.53846153846    149.076  
 0.0    149.21  
 7.69230769231    149.343  
 0.0    149.477  
 7.84615384615    149.61  
 0.0    149.743  
 8.0    149.877  
 0.0    150.011  
 8.15384615385    150.144  
 0.0    150.278  
 8.30769230769    150.411  
 0.0    150.544  
 8.46153846154    150.677  
 0.0    150.811  
 8.61538461538    150.944  
 0.0    151.078  
 8.76923076923    151.211  
 0.0    151.345  
 8.92307692308    151.479  
 0.0    151.611  
 9.07692307692    151.745  
 0.0    151.878  
 9.23076923077    152.012  
 0.0    152.145  
 9.38461538462    152.279  
 0.0    152.412  
 9.53846153846    152.545  
 0.0    152.679  
 9.69230769231    152.812  
 0.0    152.946  
 9.84615384615    153.081  
 0.0    153.214  
 10.0    153.347  
 0.0    153.48  
 10.1538461538    153.613  
 0.0    153.746  
 10.3076923077    153.88  
 0.0    154.013  
 10.4615384615    154.147  
 0.0    154.28  
 10.6153846154    154.413  
 0.0    154.547  
 10.7692307692    154.681  
 0.0    154.814  
 10.9230769231    154.948  
 0.0    155.081  
 11.0769230769    155.214  
 0.0    155.348  
 11.2307692308    155.481  
 0.0    155.614  
 11.3846153846    155.748  
 0.0    155.881  
 11.5384615385    156.015  
 0.0    156.148  
 11.6923076923    156.282  
 0.0    156.415  
 11.8461538462    156.548  
 0.0    156.682  
 12.0    156.815  
 0.0    156.949  
 12.1538461538    157.084  
 0.0    157.217  
 12.3076923077    157.35  
 0.0    157.483  
 12.4615384615    157.616  
 0.0    157.749  
 12.6153846154    157.883  
 0.0    158.017  
 12.7692307692    158.15  
 0.0    158.283  
 12.9230769231    158.417  
 0.0    158.55  
 13.0769230769    158.683  
 0.0    158.817  
 13.2307692308    158.95  
 0.0    159.084  
 13.3846153846    159.217  
 0.0    159.35  
 13.5384615385    159.484  
 0.0    159.617  
 13.6923076923    159.751  
 0.0    159.884  
 13.8461538462    160.018  
 0.0    160.151  
 14.0    160.284  
 0.0    160.418  
 14.1538461538    160.551  
 0.0    160.685  
 14.3076923077    160.818  
 0.0    160.951  
 14.4615384615    161.085  
 0.0    161.218  
 14.6153846154    161.353  
 0.0    161.486  
 14.7692307692    161.619  
 0.0    161.752  
 14.9230769231    161.886  
 0.0    162.019  
 15.0769230769    162.153  
 0.0    162.286  
 15.2307692308    162.419  
 0.0    162.553  
 15.3846153846    162.686  
 0.0    162.82  
 15.5384615385    162.953  
 0.0    163.086  
 15.6923076923    163.22  
 0.0    163.354  
 15.8461538462    163.487  
 0.0    163.62  
 16.0    163.754  
 0.0    163.887  
 16.1538461538    164.021  
 0.0    164.154  
 16.3076923077    164.288  
 0.0    164.421  
 16.4615384615    164.554  
 0.0    164.689  
 16.6153846154    164.822  
 0.0    164.955  
 16.7692307692    165.088  
 0.0    165.221  
 16.9230769231    165.355  
 0.0    165.488  
 17.0769230769    165.622  
 0.0    165.755  
 17.2307692308    165.889  
 0.0    166.022  
 17.3846153846    166.155  
 0.0    166.289  
 17.5384615385    166.422  
 0.0    166.555  
 17.6923076923    166.689  
 0.0    166.822  
 17.8461538462    166.956  
 0.0    167.089  
 18.0    167.223  
 0.0    167.356  
 18.1538461538    167.49  
 0.0    167.623  
 18.3076923077    167.757  
 0.0    167.89  
 18.4615384615    168.025  
 0.0    168.158  
 18.6153846154    168.291  
 0.0    168.425  
 18.7692307692    168.558  
 0.0    168.691  
 18.9230769231    168.825  
 0.0    168.961  
 19.0769230769    169.094  
 0.0    169.228  
 19.2307692308    169.361  
 0.0    169.494  
 19.3846153846    169.628  
 0.0    169.76  
 19.5384615385    169.894  
 0.0    170.027  
 19.6923076923    170.16  
 0.0    170.293  
 19.8461538462    170.426  
 0.0    170.569  
 4.0    170.708  
 0.0    170.842  
 4.15384615385    170.975  
 0.0    171.109  
 4.30769230769    171.242  
 0.0    171.377  
 4.46153846154    171.51  
 0.0    171.643  
 4.61538461538    171.776  
 0.0    171.91  
 4.76923076923    172.043  
 0.0    172.176  
 4.92307692308    172.31  
 0.0    172.443  
 5.07692307692    172.577  
 0.0    172.71  
 5.23076923077    172.843  
 0.0    172.977  
 5.38461538462    173.11  
 0.0    173.244  
 5.53846153846    173.377  
 0.0    173.511  
 5.69230769231    173.644  
 0.0    173.777  
 5.84615384615    173.911  
 0.0    174.044  
 6.0    174.178  
 0.0    174.311  
 6.15384615385    174.445  
 0.0    174.578  
 6.30769230769    174.712  
 0.0    174.846  
 6.46153846154    174.979  
 0.0    175.112  
 6.61538461538    175.245  
 0.0    175.379  
 6.76923076923    175.512  
 0.0    175.645  
 6.92307692308    175.779  
 0.0    175.912  
 7.07692307692    176.046  
 0.0    176.179  
 7.23076923077    176.313  
 0.0    176.446  
 7.38461538462    176.58  
 0.0    176.713  
 7.53846153846    176.846  
 0.0    176.98  
 7.69230769231    177.113  
 0.0    177.247  
 7.84615384615    177.38  
 0.0    177.514  
 8.0    177.647  
 0.0    177.78  
 8.15384615385    177.914  
 0.0    178.048  
 8.30769230769    178.182  
 0.0    178.315  
 8.46153846154    178.448  
 0.0    178.581  
 8.61538461538    178.715  
 0.0    178.848  
 8.76923076923    178.981  
 0.0    179.115  
 8.92307692308    179.248  
 0.0    179.382  
 9.07692307692    179.515  
 0.0    179.648  
 9.23076923077    179.782  
 0.0    179.915  
 9.38461538462    180.049  
 0.0    180.182  
 9.53846153846    180.316  
 0.0    180.449  
 9.69230769231    180.582  
 0.0    180.716  
 9.84615384615    180.849  
 0.0    180.983  
 10.0    181.116  
 0.0    181.249  
 10.1538461538    181.384  
 0.0    181.517  
 10.3076923077    181.65  
 0.0    181.784  
 10.4615384615    181.917  
 0.0    182.05  
 10.6153846154    182.184  
 0.0    182.317  
 10.7692307692    182.451  
 0.0    182.584  
 10.9230769231    182.717  
 0.0    182.851  
 11.0769230769    182.984  
 0.0    183.118  
 11.2307692308    183.251  
 0.0    183.384  
 11.3846153846    183.518  
 0.0    183.651  
 11.5384615385    183.785  
 0.0    183.918  
 11.6923076923    184.052  
 0.0    184.185  
 11.8461538462    184.318  
 0.0    184.452  
 12.0    184.585  
 0.0    184.72  
 12.1538461538    184.853  
 0.0    184.986  
 12.3076923077    185.12  
 0.0    185.253  
 12.4615384615    185.386  
 0.0    185.52  
 12.6153846154    185.653  
 0.0    185.787  
 12.7692307692    185.92  
 0.0    186.053  
 12.9230769231    186.187  
 0.0    186.32  
 13.0769230769    186.453  
 0.0    186.587  
 13.2307692308    186.72  
 0.0    186.854  
 13.3846153846    186.988  
 0.0    187.121  
 13.5384615385    187.254  
 0.0    187.388  
 13.6923076923    187.521  
 0.0    187.655  
 13.8461538462    187.788  
 0.0    187.921  
 14.0    188.055  
 0.0    188.189  
 14.1538461538    188.323  
 0.0    188.456  
 14.3076923077    188.589  
 0.0    188.722  
 14.4615384615    188.856  
 0.0    188.989  
 14.6153846154    189.122  
 0.0    189.255  
 14.7692307692    189.389  
 0.0    189.522  
 14.9230769231    189.656  
 0.0    189.789  
 15.0769230769    189.923  
 0.0    190.056  
 15.2307692308    190.19  
 0.0    190.323  
 15.3846153846    190.456  
 0.0    190.59  
 15.5384615385    190.723  
 0.0    190.857  
 15.6923076923    190.99  
 0.0    191.123  
 15.8461538462    191.257  
 0.0    191.391  
 16.0    191.524  
 0.0    191.658  
 16.1538461538    191.792  
 0.0    191.925  
 16.3076923077    192.059  
 0.0    192.192  
 16.4615384615    192.326  
 0.0    192.459  
 16.6153846154    192.593  
 0.0    192.726  
 16.7692307692    192.859  
 0.0    192.992  
 16.9230769231    193.125  
 0.0    193.258  
 17.0769230769    193.392  
 0.0    193.525  
 17.2307692308    193.659  
 0.0    193.792  
 17.3846153846    193.926  
 0.0    194.059  
 17.5384615385    194.193  
 0.0    194.326  
 17.6923076923    194.459  
 0.0    194.593  
 17.8461538462    194.727  
 0.0    194.861  
 18.0    194.994  
 0.0    195.127  
 18.1538461538    195.261  
 0.0    195.394  
 18.3076923077    195.527  
 0.0    195.66  
 18.4615384615    195.794  
 0.0    195.927  
 18.6153846154    196.06  
 0.0    196.194  
 18.7692307692    196.327  
 0.0    196.461  
 18.9230769231    196.594  
 0.0    196.727  
 19.0769230769    196.861  
 0.0    196.994  
 19.2307692308    197.128  
 0.0    197.261  
 19.3846153846    197.395  
 0.0    197.528  
 19.5384615385    197.662  
 0.0    197.795  
 19.6923076923    197.929  
 0.0    198.063  
 19.8461538462    198.196  
 0.0    198.34  
 4.0    198.478  
 0.0    198.612  
 4.15384615385    198.746  
 0.0    198.879  
 4.30769230769    199.013  
 0.0    199.146  
 4.46153846154    199.279  
 0.0    199.413  
 4.61538461538    199.546  
 0.0    199.68  
 4.76923076923    199.813  
 0.0    199.946  
 4.92307692308    200.08  
 0.0    200.213  
 5.07692307692    200.347  
 0.0    200.48  
 5.23076923077    200.614  
 0.0    200.747  
 5.38461538462    200.881  
 0.0    201.014  
 5.53846153846    201.147  
 0.0    201.281  
 5.69230769231    201.415  
 0.0    201.548  
 5.84615384615    201.681  
 0.0    201.815  
 6.0    201.948  
 0.0    202.081  
 6.15384615385    202.215  
 0.0    202.348  
 6.30769230769    202.482  
 0.0    202.615  
 6.46153846154    202.749  
 0.0    202.882  
 6.61538461538    203.015  
 0.0    203.149  
 6.76923076923    203.282  
 0.0    203.416  
 6.92307692308    203.549  
 0.0    203.683  
 7.07692307692    203.816  
 0.0    203.949  
 7.23076923077    204.083  
 0.0    204.216  
 7.38461538462    204.35  
 0.0    204.483  
 7.53846153846    204.617  
 0.0    204.751  
 7.69230769231    204.884  
 0.0    205.017  
 7.84615384615    205.15  
 0.0    205.284  
 8.0    205.417  
 0.0    205.551  
 8.15384615385    205.684  
 0.0    205.817  
 8.30769230769    205.951  
 0.0    206.084  
 8.46153846154    206.218  
 0.0    206.351  
 8.61538461538    206.485  
 0.0    206.618  
 8.76923076923    206.752  
 0.0    206.885  
 8.92307692308    207.018  
 0.0    207.152  
 9.07692307692    207.285  
 0.0    207.419  
 9.23076923077    207.552  
 0.0    207.685  
 9.38461538462    207.819  
 0.0    207.952  
 9.53846153846    208.087  
 0.0    208.22  
 9.69230769231    208.354  
 0.0    208.487  
 9.84615384615    208.62  
 0.0    208.754  
 10.0    208.888  
 0.0    209.021  
 10.1538461538    209.154  
 0.0    209.291  
 10.3076923077    209.436  
 0.0    209.57  
 10.4615384615    209.704  
 0.0    209.837  
 10.6153846154    209.971  
 0.0    210.104  
 10.7692307692    210.237  
 0.0    210.371  
 10.9230769231    210.504  
 0.0    210.638  
 11.0769230769    210.771  
 0.0    210.904  
 11.2307692308    211.038  
 0.0    211.171  
 11.3846153846    211.305  
 0.0    211.439  
 11.5384615385    211.572  
 0.0    211.705  
 11.6923076923    211.838  
 0.0    211.972  
 11.8461538462    212.105  
 0.0    212.239  
 12.0    212.372  
 0.0    212.506  
 12.1538461538    212.639  
 0.0    212.772  
 12.3076923077    212.906  
 0.0    213.039  
 12.4615384615    213.173  
 0.0    213.306  
 12.6153846154    213.44  
 0.0    213.573  
 12.7692307692    213.707  
 0.0    213.84  
 12.9230769231    213.973  
 0.0    214.107  
 13.0769230769    214.24  
 0.0    214.374  
 13.2307692308    214.507  
 0.0    214.64  
 13.3846153846    214.775  
 0.0    214.908  
 13.5384615385    215.042  
 0.0    215.175  
 13.6923076923    215.308  
 0.0    215.441  
 13.8461538462    215.575  
 0.0    215.708  
 14.0    215.841  
 0.0    215.975  
 14.1538461538    216.108  
 0.0    216.242  
 14.3076923077    216.375  
 0.0    216.509  
 14.4615384615    216.642  
 0.0    216.775  
 14.6153846154    216.909  
 0.0    217.042  
 14.7692307692    217.176  
 0.0    217.309  
 14.9230769231    217.443  
 0.0    217.576  
 15.0769230769    217.709  
 0.0    217.843  
 15.2307692308    217.976  
 0.0    218.111  
 15.3846153846    218.244  
 0.0    218.378  
 15.5384615385    218.511  
 0.0    218.644  
 15.6923076923    218.778  
 0.0    218.912  
 15.8461538462    219.046  
 0.0    219.179  
 16.0    219.313  
 0.0    219.446  
 16.1538461538    219.579  
 0.0    219.713  
 16.3076923077    219.847  
 0.0    219.98  
 16.4615384615    220.114  
 0.0    220.247  
 16.6153846154    220.381  
 0.0    220.514  
 16.7692307692    220.648  
 0.0    220.781  
 16.9230769231    220.914  
 0.0    221.047  
 17.0769230769    221.181  
 0.0    221.314  
 17.2307692308    221.448  
 0.0    221.582  
 17.3846153846    221.715  
 0.0    221.849  
 17.5384615385    221.982  
 0.0    222.115  
 17.6923076923    222.249  
 0.0    222.396  
 17.8461538462    222.53  
 0.0    222.663  
 18.0    222.797  
 0.0    222.93  
 18.1538461538    223.064  
 0.0    223.197  
 18.3076923077    223.33  
 0.0    223.464  
 18.4615384615    223.597  
 0.0    223.73  
 18.6153846154    223.864  
 0.0    223.997  
 18.7692307692    224.131  
 0.0    224.264  
 18.9230769231    224.398  
 0.0    224.531  
 19.0769230769    224.665  
 0.0    224.799  
 19.2307692308    224.932  
 0.0    225.066  
 19.3846153846    225.199  
 0.0    225.333  
 19.5384615385    225.467  
 0.0    225.6  
 19.6923076923    225.733  
 0.0    225.867  
 19.8461538462    226.0  
 0.0    226.146  
 4.0    226.281  
 0.0    226.415  
 4.15384615385    226.549  
 0.0    226.683  
 4.30769230769    226.816  
 0.0    226.949  
 4.46153846154    227.083  
 0.0    227.216  
 4.61538461538    227.35  
 0.0    227.483  
 4.76923076923    227.617  
 0.0    227.75  
 4.92307692308    227.884  
 0.0    228.017  
 5.07692307692    228.151  
 0.0    228.285  
 5.23076923077    228.418  
 0.0    228.551  
 5.38461538462    228.685  
 0.0    228.818  
 5.53846153846    228.952  
 0.0    229.085  
 5.69230769231    229.218  
 0.0    229.351  
 5.84615384615    229.485  
 0.0    229.618  
 6.0    229.751  
 0.0    229.885  
 6.15384615385    230.018  
 0.0    230.152  
 6.30769230769    230.285  
 0.0    230.419  
 6.46153846154    230.552  
 0.0    230.686  
 6.61538461538    230.819  
 0.0    230.952  
 6.76923076923    231.086  
 0.0    231.219  
 6.92307692308    231.353  
 0.0    231.487  
 7.07692307692    231.62  
 0.0    231.754  
 7.23076923077    231.887  
 0.0    232.021  
 7.38461538462    232.154  
 0.0    232.287  
 7.53846153846    232.421  
 0.0    232.554  
 7.69230769231    232.687  
 0.0    232.82  
 7.84615384615    232.954  
 0.0    233.087  
 8.0    233.221  
 0.0    233.354  
 8.15384615385    233.488  
 0.0    233.621  
 8.30769230769    233.755  
 0.0    233.888  
 8.46153846154    234.022  
 0.0    234.155  
 8.61538461538    234.289  
 0.0    234.422  
 8.76923076923    234.555  
 0.0    234.689  
 8.92307692308    234.823  
 0.0    234.956  
 9.07692307692    235.089  
 0.0    235.223  
 9.23076923077    235.356  
 0.0    235.489  
 9.38461538462    235.622  
 0.0    235.756  
 9.53846153846    235.889  
 0.0    236.023  
 9.69230769231    236.156  
 0.0    236.29  
 9.84615384615    236.423  
 0.0    236.556  
 10.0    236.69  
 0.0    236.823  
 10.1538461538    236.957  
 0.0    237.09  
 10.3076923077    237.224  
 0.0    237.357  
 10.4615384615    237.491  
 0.0    237.624  
 10.6153846154    237.757  
 0.0    237.891  
 10.7692307692    238.024  
 0.0    238.158  
 10.9230769231    238.292  
 0.0    238.425  
 11.0769230769    238.558  
 0.0    238.691  
 11.2307692308    238.825  
 0.0    238.958  
 11.3846153846    239.092  
 0.0    239.225  
 11.5384615385    239.359  
 0.0    239.492  
 11.6923076923    239.626  
 0.0    239.759  
 11.8461538462    239.893  
 0.0    240.026  
 12.0    240.16  
 0.0    240.293  
 12.1538461538    240.427  
 0.0    240.56  
 12.3076923077    240.694  
 0.0    240.827  
 12.4615384615    240.961  
 0.0    241.094  
 12.6153846154    241.228  
 0.0    241.361  
 12.7692307692    241.495  
 0.0    241.628  
 12.9230769231    241.762  
 0.0    241.895  
 13.0769230769    242.028  
 0.0    242.161  
 13.2307692308    242.295  
 0.0    242.428  
 13.3846153846    242.562  
 0.0    242.695  
 13.5384615385    242.828  
 0.0    242.962  
 13.6923076923    243.095  
 0.0    243.229  
 13.8461538462    243.362  
 0.0    243.496  
 14.0    243.629  
 0.0    243.763  
 14.1538461538    243.896  
 0.0    244.03  
 14.3076923077    244.163  
 0.0    244.297  
 14.4615384615    244.431  
 0.0    244.564  
 14.6153846154    244.698  
 0.0    244.832  
 14.7692307692    244.965  
 0.0    245.099  
 14.9230769231    245.232  
 0.0    245.365  
 15.0769230769    245.499  
 0.0    245.632  
 15.2307692308    245.765  
 0.0    245.899  
 15.3846153846    246.032  
 0.0    246.166  
 15.5384615385    246.299  
 0.0    246.433  
 15.6923076923    246.566  
 0.0    246.7  
 15.8461538462    246.833  
 0.0    246.966  
 16.0    247.1  
 0.0    247.233  
 16.1538461538    247.367  
 0.0    247.5  
 16.3076923077    247.634  
 0.0    247.767  
 16.4615384615    247.901  
 0.0    248.034  
 16.6153846154    248.168  
 0.0    248.301  
 16.7692307692    248.435  
 0.0    248.568  
 16.9230769231    248.702  
 0.0    248.835  
 17.0769230769    248.969  
 0.0    249.102  
 17.2307692308    249.235  
 0.0    249.369  
 17.3846153846    249.503  
 0.0    249.636  
 17.5384615385    249.769  
 0.0    249.903  
 17.6923076923    250.036  
 0.0    250.169  
 17.8461538462    250.303  
 0.0    250.436  
 18.0    250.57  
 0.0    250.703  
 18.1538461538    250.837  
 0.0    250.97  
 18.3076923077    251.104  
 0.0    251.237  
 18.4615384615    251.37  
 0.0    251.504  
 18.6153846154    251.638  
 0.0    251.771  
 18.7692307692    251.904  
 0.0    252.037  
 18.9230769231    252.171  
 0.0    252.304  
 19.0769230769    252.438  
 0.0    252.571  
 19.2307692308    252.705  
 0.0    252.839  
 19.3846153846    252.972  
 0.0    253.105  
 19.5384615385    253.239  
 0.0    253.372  
 19.6923076923    253.51  
 0.0    253.652  
 19.8461538462    253.786  
 0.0    253.932  
 4.0    254.068  
 0.0    254.203  
 4.15384615385    254.336  
 0.0    254.469  
 4.30769230769    254.603  
 0.0    254.736  
 4.46153846154    254.87  
 0.0    255.004  
 4.61538461538    255.137  
 0.0    255.271  
 4.76923076923    255.404  
 0.0    255.538  
 4.92307692308    255.672  
 0.0    255.805  
 5.07692307692    255.938  
 0.0    256.071  
 5.23076923077    256.205  
 0.0    256.338  
 5.38461538462    256.471  
 0.0    256.605  
 5.53846153846    256.738  
 0.0    256.871  
 5.69230769231    257.005  
 0.0    257.138  
 5.84615384615    257.271  
 0.0    257.405  
 6.0    257.538  
 0.0    257.672  
 6.15384615385    257.805  
 0.0    257.939  
 6.30769230769    258.072  
 0.0    258.207  
 6.46153846154    258.34  
 0.0    258.473  
 6.61538461538    258.606  
 0.0    258.74  
 6.76923076923    258.873  
 0.0    259.007  
 6.92307692308    259.14  
 0.0    259.274  
 7.07692307692    259.407  
 0.0    259.541  
 7.23076923077    259.674  
 0.0    259.808  
 7.38461538462    259.941  
 0.0    260.074  
 7.53846153846    260.208  
 0.0    260.341  
 7.69230769231    260.475  
 0.0    260.608  
 7.84615384615    260.742  
 0.0    260.875  
 8.0    261.009  
 0.0    261.142  
 8.15384615385    261.275  
 0.0    261.408  
 8.30769230769    261.542  
 0.0    261.676  
 8.46153846154    261.809  
 0.0    261.942  
 8.61538461538    262.076  
 0.0    262.209  
 8.76923076923    262.342  
 0.0    262.476  
 8.92307692308    262.609  
 0.0    262.742  
 9.07692307692    262.876  
 0.0    263.009  
 9.23076923077    263.142  
 0.0    263.276  
 9.38461538462    263.409  
 0.0    263.543  
 9.53846153846    263.676  
 0.0    263.81  
 9.69230769231    263.943  
 0.0    264.076  
 9.84615384615    264.21  
 0.0    264.343  
 10.0    264.477  
 0.0    264.61  
 10.1538461538    264.744  
 0.0    264.878  
 10.3076923077    265.015  
 0.0    265.16  
 10.4615384615    265.294  
 0.0    265.428  
 10.6153846154    265.561  
 0.0    265.695  
 10.7692307692    265.829  
 0.0    265.962  
 10.9230769231    266.096  
 0.0    266.229  
 11.0769230769    266.363  
 0.0    266.496  
 11.2307692308    266.63  
 0.0    266.764  
 11.3846153846    266.897  
 0.0    267.031  
 11.5384615385    267.165  
 0.0    267.298  
 11.6923076923    267.432  
 0.0    267.566  
 11.8461538462    267.699  
 0.0    267.832  
 12.0    267.966  
 0.0    268.099  
 12.1538461538    268.233  
 0.0    268.366  
 12.3076923077    268.5  
 0.0    268.633  
 12.4615384615    268.766  
 0.0    268.9  
 12.6153846154    269.033  
 0.0    269.166  
 12.7692307692    269.3  
 0.0    269.433  
 12.9230769231    269.567  
 0.0    269.7  
 13.0769230769    269.834  
 0.0    269.968  
 13.2307692308    270.101  
 0.0    270.235  
 13.3846153846    270.368  
 0.0    270.502  
 13.5384615385    270.635  
 0.0    270.768  
 13.6923076923    270.902  
 0.0    271.035  
 13.8461538462    271.168  
 0.0    271.302  
 14.0    271.435  
 0.0    271.569  
 14.1538461538    271.702  
 0.0    271.836  
 14.3076923077    271.969  
 0.0    272.103  
 14.4615384615    272.236  
 0.0    272.369  
 14.6153846154    272.503  
 0.0    272.636  
 14.7692307692    272.77  
 0.0    272.903  
 14.9230769231    273.036  
 0.0    273.17  
 15.0769230769    273.303  
 0.0    273.437  
 15.2307692308    273.57  
 0.0    273.704  
 15.3846153846    273.837  
 0.0    273.97  
 15.5384615385    274.104  
 0.0    274.237  
 15.6923076923    274.371  
 0.0    274.504  
 15.8461538462    274.638  
 0.0    274.771  
 16.0    274.905  
 0.0    275.05  
 16.1538461538    275.185  
 0.0    275.318  
 16.3076923077    275.451  
 0.0    275.585  
 16.4615384615    275.718  
 0.0    275.852  
 16.6153846154    275.985  
 0.0    276.118  
 16.7692307692    276.252  
 0.0    276.386  
 16.9230769231    276.519  
 0.0    276.653  
 17.0769230769    276.786  
 0.0    276.92  
 17.2307692308    277.053  
 0.0    277.187  
 17.3846153846    277.32  
 0.0    277.454  
 17.5384615385    277.587  
 0.0    277.721  
 17.6923076923    277.854  
 0.0    277.988  
 17.8461538462    278.121  
 0.0    278.255  
 18.0    278.389  
 0.0    278.522  
 18.1538461538    278.656  
 0.0    278.789  
 18.3076923077    278.923  
 0.0    279.056  
 18.4615384615    279.19  
 0.0    279.323  
 18.6153846154    279.457  
 0.0    279.59  
 18.7692307692    279.724  
 0.0    279.857  
 18.9230769231    279.991  
 0.0    280.124  
 19.0769230769    280.258  
 0.0    280.391  
 19.2307692308    280.525  
 0.0    280.659  
 19.3846153846    280.792  
 0.0    280.925  
 19.5384615385    281.059  
 0.0    281.192  
 19.6923076923    281.326  
 0.0    281.459  
 19.8461538462    281.594  
 0.0    281.741  
 4.0    281.874  
 0.0    282.008  
 4.15384615385    282.141  
 0.0    282.274  
 4.30769230769    282.408  
 0.0    282.542  
 4.46153846154    282.675  
 0.0    282.808  
 4.61538461538    282.942  
 0.0    283.075  
 4.76923076923    283.209  
 0.0    283.342  
 4.92307692308    283.475  
 0.0    283.609  
 5.07692307692    283.742  
 0.0    283.875  
 5.23076923077    284.009  
 0.0    284.143  
 5.38461538462    284.276  
 0.0    284.409  
 5.53846153846    284.543  
 0.0    284.676  
 5.69230769231    284.81  
 0.0    284.943  
 5.84615384615    285.077  
 0.0    285.211  
 6.0    285.344  
 0.0    285.477  
 6.15384615385    285.611  
 0.0    285.744  
 6.30769230769    285.878  
 0.0    286.012  
 6.46153846154    286.145  
 0.0    286.279  
 6.61538461538    286.412  
 0.0    286.546  
 6.76923076923    286.679  
 0.0    286.813  
 6.92307692308    286.946  
 0.0    287.08  
 7.07692307692    287.213  
 0.0    287.347  
 7.23076923077    287.48  
 0.0    287.614  
 7.38461538462    287.747  
 0.0    287.881  
 7.53846153846    288.014  
 0.0    288.148  
 7.69230769231    288.281  
 0.0    288.415  
 7.84615384615    288.548  
 0.0    288.682  
 8.0    288.815  
 0.0    288.948  
 8.15384615385    289.082  
 0.0    289.215  
 8.30769230769    289.349  
 0.0    289.482  
 8.46153846154    289.615  
 0.0    289.749  
 8.61538461538    289.882  
 0.0    290.015  
 8.76923076923    290.149  
 0.0    290.282  
 8.92307692308    290.415  
 0.0    290.549  
 9.07692307692    290.682  
 0.0    290.816  
 9.23076923077    290.949  
 0.0    291.083  
 9.38461538462    291.216  
 0.0    291.35  
 9.53846153846    291.483  
 0.0    291.617  
 9.69230769231    291.75  
 0.0    291.883  
 9.84615384615    292.017  
 0.0    292.15  
 10.0    292.284  
 0.0    292.417  
 10.1538461538    292.551  
 0.0    292.684  
 10.3076923077    292.818  
 0.0    292.951  
 10.4615384615    293.084  
 0.0    293.218  
 10.6153846154    293.351  
 0.0    293.485  
 10.7692307692    293.618  
 0.0    293.751  
 10.9230769231    293.885  
 0.0    294.018  
 11.0769230769    294.152  
 0.0    294.285  
 11.2307692308    294.419  
 0.0    294.552  
 11.3846153846    294.686  
 0.0    294.819  
 11.5384615385    294.953  
 0.0    295.086  
 11.6923076923    295.219  
 0.0    295.353  
 11.8461538462    295.486  
 0.0    295.619  
 12.0    295.753  
 0.0    295.886  
 12.1538461538    296.02  
 0.0    296.153  
 12.3076923077    296.288  
 0.0    296.433  
 12.4615384615    296.566  
 0.0    296.7  
 12.6153846154    296.834  
 0.0    296.967  
 12.7692307692    297.103  
 0.0    297.237  
 12.9230769231    297.371  
 0.0    297.504  
 13.0769230769    297.638  
 0.0    297.771  
 13.2307692308    297.904  
 0.0    298.038  
 13.3846153846    298.172  
 0.0    298.305  
 13.5384615385    298.439  
 0.0    298.572  
 13.6923076923    298.705  
 0.0    298.838  
 13.8461538462    298.972  
 0.0    299.106  
 14.0    299.239  
 0.0    299.372  
 14.1538461538    299.506  
 0.0    299.64  
 14.3076923077    299.773  
 0.0    299.919  
 14.4615384615    300.053  
 0.0    300.186  
 14.6153846154    300.319  
 0.0    300.453  
 14.7692307692    300.586  
 0.0    300.72  
 14.9230769231    300.854  
 0.0    300.987  
 15.0769230769    301.121  
 0.0    301.255  
 15.2307692308    301.388  
 0.0    301.522  
 15.3846153846    301.656  
 0.0    301.789  
 15.5384615385    301.923  
 0.0    302.057  
 15.6923076923    302.191  
 0.0    302.324  
 15.8461538462    302.458  
 0.0    302.592  
 16.0    302.725  
 0.0    302.859  
 16.1538461538    302.992  
 0.0    303.125  
 16.3076923077    303.259  
 0.0    303.404  
 16.4615384615    303.539  
 0.0    303.672  
 16.6153846154    303.806  
 0.0    303.939  
 16.7692307692    304.073  
 0.0    304.207  
 16.9230769231    304.341  
 0.0    304.475  
 17.0769230769    304.609  
 0.0    304.743  
 17.2307692308    304.876  
 0.0    305.01  
 17.3846153846    305.156  
 0.0    305.29  
 17.5384615385    305.423  
 0.0    305.557  
 17.6923076923    305.69  
 0.0    305.824  
 17.8461538462    305.958  
 0.0    306.092  
 18.0    306.226  
 0.0    306.36  
 18.1538461538    306.494  
 0.0    306.627  
 18.3076923077    306.762  
 0.0    306.906  
 18.4615384615    307.041  
 0.0    307.174  
 18.6153846154    307.308  
 0.0    307.441  
 18.7692307692    307.575  
 0.0    307.708  
 18.9230769231    307.842  
 0.0    307.975  
 19.0769230769    308.108  
 0.0    308.242  
 19.2307692308    308.376  
 0.0    308.51  
 19.3846153846    308.644  
 0.0    308.778  
 19.5384615385    308.912  
 0.0    309.046  
 19.6923076923    309.179  
 0.0    309.313  
 19.8461538462    309.447  
