 [313.5, 255.0, 183.5, 50.25]  
 [38.453, 43.257, 49.127, 60.069]  
 [38.987, 43.791, 49.661, 60.603]  
 [349.25, 342.75, 245.25, 131.5]  
 [64.339, 64.872, 72.878, 82.218]  
 [64.873, 73.412, 82.752]  
 [245.25, 138.0, 86.0, 86.0]  
 [101.699, 110.505, 114.775]  
 [102.233, 111.039, 115.309]  
 [177.0, 105.5, 63.25, 50.25]  
 [136.124, 141.995, 145.464, 146.531]  
 [136.658, 142.529, 145.998, 147.065]  
 [342.75, 274.5, 134.75, 11.25]  
 [151.335, 156.939, 168.414, 178.555]  
 [151.869, 157.473, 168.814]  
 [290.75, 264.75, 193.25, 79.5]  
 [184.425, 186.56, 192.431, 201.771]  
 [179.088, 184.959, 187.094, 192.965, 202.305]  
 [274.5, 229.0, 164.0, 108.75]  
 [214.581, 218.317, 223.654, 228.191]  
 [215.114, 218.984, 224.188, 228.724]  
 [326.5, 245.25, 232.25, 121.75]  
 [239.148, 245.82, 246.887, 255.961]  
 [239.682, 246.354, 247.421, 256.494]  
 [235.5, 225.75, 222.5, 173.75]  
 [275.458, 276.259, 276.526, 280.528]  
 [275.992, 277.193, 281.062]  
 [115.25, 53.5, 30.75, 24.25]  
 [314.17, 319.24, 321.108, 321.642]  
 [314.703, 319.774, 321.643, 322.176]  
