 34.576    34.576  
 0.0    34.593  
 1.0    34.724  
 0.0    34.858  
 4.25    34.991  
 0.0    35.124  
 7.5    35.258  
 0.0    35.391  
 10.75    35.525  
 0.0    35.658  
 14.0    35.791  
 0.0    35.925  
 17.25    36.058  
 0.0    36.192  
 20.5    36.325  
 0.0    36.459  
 23.75    36.592  
 0.0    36.725  
 27.0    36.859  
 0.0    36.993  
 30.25    37.126  
 0.0    37.259  
 33.5    37.392  
 0.0    37.526  
 36.75    37.659  
 0.0    37.793  
 40.0    37.927  
 0.0    38.06  
 43.25    38.193  
 0.0    38.326  
 46.5    38.462  
 0.0    38.593  
 49.75    38.727  
 0.0    38.86  
 53.0    38.994  
 0.0    39.127  
 56.25    39.26  
 0.0    39.394  
 59.5    39.527  
 0.0    39.661  
 62.75    39.794  
 0.0    39.928  
 66.0    40.061  
 0.0    40.195  
 69.25    40.328  
 0.0    40.461  
 72.5    40.595  
 0.0    40.728  
 75.75    40.862  
 0.0    40.995  
 79.0    41.129  
 0.0    41.262  
 82.25    41.395  
 0.0    41.529  
 85.5    41.662  
 0.0    41.796  
 88.75    41.929  
 0.0    42.063  
 92.0    42.196  
 0.0    42.329  
 95.25    42.463  
 0.0    42.596  
 98.5    42.73  
 0.0    42.863  
 101.75    42.996  
 0.0    43.13  
 105.0    43.265  
 0.0    43.397  
 108.25    43.53  
 0.0    43.664  
 111.5    43.798  
 0.0    43.93  
 114.75    44.064  
 0.0    44.197  
 118.0    44.331  
 0.0    44.464  
 121.25    44.598  
 0.0    44.731  
 124.5    44.864  
 0.0    44.998  
 127.75    45.131  
 0.0    45.265  
 131.0    45.398  
 0.0    45.532  
 134.25    45.665  
 0.0    45.799  
 137.5    45.932  
 0.0    46.065  
 140.75    46.199  
 0.0    46.332  
 144.0    46.466  
 0.0    46.599  
 147.25    46.733  
 0.0    46.866  
 150.5    46.999  
 0.0    47.133  
 153.75    47.266  
 0.0    47.4  
 157.0    47.533  
 0.0    47.667  
 160.25    47.8  
 0.0    47.933  
 163.5    48.067  
 0.0    48.2  
 166.75    48.334  
 0.0    48.467  
 170.0    48.601  
 0.0    48.734  
 173.25    48.867  
 0.0    49.001  
 176.5    49.134  
 0.0    49.268  
 179.75    49.401  
 0.0    49.535  
 183.0    49.668  
 0.0    49.801  
 186.25    49.935  
 0.0    50.068  
 189.5    50.202  
 0.0    50.335  
 192.75    50.469  
 0.0    50.602  
 196.0    50.735  
 0.0    50.869  
 199.25    51.002  
 0.0    51.136  
 202.5    51.269  
 0.0    51.403  
 205.75    51.536  
 0.0    51.669  
 209.0    51.803  
 0.0    51.936  
 212.25    52.07  
 0.0    52.203  
 215.5    52.337  
 0.0    52.47  
 218.75    52.604  
 0.0    52.737  
 222.0    52.87  
 0.0    53.004  
 225.25    53.137  
 0.0    53.271  
 228.5    53.404  
 0.0    53.538  
 231.75    53.671  
 0.0    53.804  
 235.0    53.938  
 0.0    54.071  
 238.25    54.205  
 0.0    54.338  
 241.5    54.472  
 0.0    54.605  
 244.75    54.738  
 0.0    54.872  
 248.0    55.005  
 0.0    55.139  
 251.25    55.272  
 0.0    55.406  
 254.5    55.539  
 0.0    55.672  
 257.75    55.806  
 0.0    55.939  
 261.0    56.073  
 0.0    56.207  
 264.25    56.34  
 0.0    56.473  
 267.5    56.606  
 0.0    56.74  
 270.75    56.873  
 0.0    57.007  
 274.0    57.14  
 0.0    57.273  
 277.25    57.407  
 0.0    57.54  
 280.5    57.674  
 0.0    57.807  
 283.75    57.941  
 0.0    58.074  
 287.0    58.208  
 0.0    58.341  
 290.25    58.474  
 0.0    58.608  
 293.5    58.741  
 0.0    58.875  
 296.75    59.008  
 0.0    59.142  
 300.0    59.275  
 0.0    59.408  
 303.25    59.542  
 0.0    59.675  
 306.5    59.809  
 0.0    59.942  
 309.75    60.076  
 0.0    60.209  
 313.0    60.342  
 0.0    60.476  
 316.25    60.61  
 0.0    60.743  
 319.5    60.876  
 0.0    61.01  
 322.75    61.143  
 0.0    61.276  
 326.0    61.41  
 0.0    61.543  
 329.25    61.677  
 0.0    61.81  
 332.5    61.944  
 0.0    62.077  
 335.75    62.211  
 0.0    62.344  
 339.0    62.477  
 0.0    62.611  
 342.25    62.744  
 0.0    62.878  
 345.5    63.011  
 0.0    63.144  
 348.75    63.278  
 0.0    63.414  
 1.0    63.545  
 0.0    63.678  
 4.25    63.812  
 0.0    63.945  
 7.5    64.078  
 0.0    64.212  
 10.75    64.345  
 0.0    64.479  
 14.0    64.612  
 0.0    64.746  
 17.25    64.881  
 0.0    65.012  
 20.5    65.146  
 0.0    65.279  
 23.75    65.413  
 0.0    65.546  
 27.0    65.68  
 0.0    65.813  
 30.25    65.947  
 0.0    66.08  
 33.5    66.213  
 0.0    66.347  
 36.75    66.48  
 0.0    66.614  
 40.0    66.747  
 0.0    66.881  
 43.25    67.014  
 0.0    67.147  
 46.5    67.281  
 0.0    67.414  
 49.75    67.548  
 0.0    67.681  
 53.0    67.814  
 0.0    67.948  
 56.25    68.081  
 0.0    68.215  
 59.5    68.348  
 0.0    68.482  
 62.75    68.615  
 0.0    68.749  
 66.0    68.882  
 0.0    69.015  
 69.25    69.149  
 0.0    69.283  
 72.5    69.416  
 0.0    69.549  
 75.75    69.683  
 0.0    69.816  
 79.0    69.949  
 0.0    70.083  
 82.25    70.216  
 0.0    70.35  
 85.5    70.483  
 0.0    70.617  
 88.75    70.75  
 0.0    70.883  
 92.0    71.017  
 0.0    71.15  
 95.25    71.284  
 0.0    71.417  
 98.5    71.551  
 0.0    71.684  
 101.75    71.817  
 0.0    71.951  
 105.0    72.084  
 0.0    72.218  
 108.25    72.351  
 0.0    72.485  
 111.5    72.618  
 0.0    72.751  
 114.75    72.886  
 0.0    73.018  
 118.0    73.152  
 0.0    73.285  
 121.25    73.419  
 0.0    73.552  
 124.5    73.686  
 0.0    73.819  
 127.75    73.952  
 0.0    74.086  
 131.0    74.219  
 0.0    74.353  
 134.25    74.486  
 0.0    74.619  
 137.5    74.753  
 0.0    74.886  
 140.75    75.02  
 0.0    75.153  
 144.0    75.287  
 0.0    75.42  
 147.25    75.553  
 0.0    75.687  
 150.5    75.82  
 0.0    75.954  
 153.75    76.087  
 0.0    76.221  
 157.0    76.354  
 0.0    76.488  
 160.25    76.621  
 0.0    76.754  
 163.5    76.888  
 0.0    77.021  
 166.75    77.155  
 0.0    77.288  
 170.0    77.422  
 0.0    77.555  
 173.25    77.688  
 0.0    77.822  
 176.5    77.955  
 0.0    78.089  
 179.75    78.222  
 0.0    78.355  
 183.0    78.489  
 0.0    78.622  
 186.25    78.756  
 0.0    78.889  
 189.5    79.023  
 0.0    79.156  
 192.75    79.289  
 0.0    79.423  
 196.0    79.556  
 0.0    79.69  
 199.25    79.823  
 0.0    79.957  
 202.5    80.09  
 0.0    80.224  
 205.75    80.357  
 0.0    80.49  
 209.0    80.624  
 0.0    80.757  
 212.25    80.891  
 0.0    81.024  
 215.5    81.158  
 0.0    81.291  
 218.75    81.424  
 0.0    81.558  
 222.0    81.691  
 0.0    81.825  
 225.25    81.958  
 0.0    82.091  
 228.5    82.227  
 0.0    82.358  
 231.75    82.492  
 0.0    82.625  
 235.0    82.759  
 0.0    82.893  
 238.25    83.026  
 0.0    83.159  
 241.5    83.292  
 0.0    83.426  
 244.75    83.559  
 0.0    83.693  
 248.0    83.826  
 0.0    83.96  
 251.25    84.093  
 0.0    84.226  
 254.5    84.36  
 0.0    84.493  
 257.75    84.627  
 0.0    84.76  
 261.0    84.894  
 0.0    85.027  
 264.25    85.16  
 0.0    85.294  
 267.5    85.427  
 0.0    85.561  
 270.75    85.694  
 0.0    85.828  
 274.0    85.961  
 0.0    86.094  
 277.25    86.228  
 0.0    86.361  
 280.5    86.495  
 0.0    86.628  
 283.75    86.762  
 0.0    86.895  
 287.0    87.028  
 0.0    87.162  
 290.25    87.295  
 0.0    87.429  
 293.5    87.562  
 0.0    87.696  
 296.75    87.829  
 0.0    87.962  
 300.0    88.096  
 0.0    88.229  
 303.25    88.363  
 0.0    88.496  
 306.5    88.63  
 0.0    88.763  
 309.75    88.897  
 0.0    89.03  
 313.0    89.163  
 0.0    89.297  
 316.25    89.43  
 0.0    89.564  
 319.5    89.697  
 0.0    89.831  
 322.75    89.964  
 0.0    90.097  
 326.0    90.231  
 0.0    90.364  
 329.25    90.498  
 0.0    90.631  
 332.5    90.764  
 0.0    90.898  
 335.75    91.031  
 0.0    91.165  
 339.0    91.298  
 0.0    91.432  
 342.25    91.565  
 0.0    91.699  
 345.5    91.832  
 0.0    91.965  
 348.75    92.099  
 0.0    92.234  
 1.0    92.366  
 0.0    92.499  
 4.25    92.633  
 0.0    92.766  
 7.5    92.899  
 0.0    93.033  
 10.75    93.166  
 0.0    93.3  
 14.0    93.433  
 0.0    93.566  
 17.25    93.7  
 0.0    93.833  
 20.5    93.967  
 0.0    94.1  
 23.75    94.234  
 0.0    94.367  
 27.0    94.501  
 0.0    94.634  
 30.25    94.767  
 0.0    94.901  
 33.5    95.034  
 0.0    95.168  
 36.75    95.301  
 0.0    95.434  
 40.0    95.568  
 0.0    95.701  
 43.25    95.835  
 0.0    95.968  
 46.5    96.102  
 0.0    96.235  
 49.75    96.369  
 0.0    96.502  
 53.0    96.635  
 0.0    96.769  
 56.25    96.902  
 0.0    97.036  
 59.5    97.169  
 0.0    97.303  
 62.75    97.436  
 0.0    97.569  
 66.0    97.703  
 0.0    97.836  
 69.25    97.97  
 0.0    98.103  
 72.5    98.237  
 0.0    98.37  
 75.75    98.503  
 0.0    98.637  
 79.0    98.77  
 0.0    98.904  
 82.25    99.037  
 0.0    99.171  
 85.5    99.304  
 0.0    99.438  
 88.75    99.571  
 0.0    99.704  
 92.0    99.838  
 0.0    99.971  
 95.25    100.105  
 0.0    100.238  
 98.5    100.371  
 0.0    100.505  
 101.75    100.638  
 0.0    100.772  
 105.0    100.905  
 0.0    101.039  
 108.25    101.172  
 0.0    101.305  
 111.5    101.439  
 0.0    101.572  
 114.75    101.707  
 0.0    101.839  
 118.0    101.973  
 0.0    102.106  
 121.25    102.239  
 0.0    102.373  
 124.5    102.506  
 0.0    102.64  
 127.75    102.773  
 0.0    102.907  
 131.0    103.04  
 0.0    103.173  
 134.25    103.307  
 0.0    103.44  
 137.5    103.574  
 0.0    103.707  
 140.75    103.841  
 0.0    103.974  
 144.0    104.107  
 0.0    104.241  
 147.25    104.374  
 0.0    104.508  
 150.5    104.641  
 0.0    104.775  
 153.75    104.908  
 0.0    105.041  
 157.0    105.175  
 0.0    105.308  
 160.25    105.442  
 0.0    105.575  
 163.5    105.709  
 0.0    105.842  
 166.75    105.975  
 0.0    106.109  
 170.0    106.242  
 0.0    106.376  
 173.25    106.509  
 0.0    106.643  
 176.5    106.776  
 0.0    106.91  
 179.75    107.043  
 0.0    107.176  
 183.0    107.31  
 0.0    107.443  
 186.25    107.577  
 0.0    107.71  
 189.5    107.844  
 0.0    107.977  
 192.75    108.11  
 0.0    108.244  
 196.0    108.377  
 0.0    108.511  
 199.25    108.644  
 0.0    108.778  
 202.5    108.911  
 0.0    109.044  
 205.75    109.178  
 0.0    109.311  
 209.0    109.445  
 0.0    109.578  
 212.25    109.712  
 0.0    109.845  
 215.5    109.978  
 0.0    110.112  
 218.75    110.245  
 0.0    110.379  
 222.0    110.514  
 0.0    110.646  
 225.25    110.779  
 0.0    110.913  
 228.5    111.046  
 0.0    111.179  
 231.75    111.313  
 0.0    111.446  
 235.0    111.58  
 0.0    111.713  
 238.25    111.846  
 0.0    111.98  
 241.5    112.113  
 0.0    112.247  
 244.75    112.38  
 0.0    112.514  
 248.0    112.647  
 0.0    112.78  
 251.25    112.914  
 0.0    113.047  
 254.5    113.181  
 0.0    113.314  
 257.75    113.448  
 0.0    113.581  
 261.0    113.714  
 0.0    113.848  
 264.25    113.981  
 0.0    114.115  
 267.5    114.248  
 0.0    114.382  
 270.75    114.515  
 0.0    114.649  
 274.0    114.782  
 0.0    114.915  
 277.25    115.049  
 0.0    115.182  
 280.5    115.316  
 0.0    115.449  
 283.75    115.582  
 0.0    115.716  
 287.0    115.849  
 0.0    115.983  
 290.25    116.116  
 0.0    116.25  
 293.5    116.383  
 0.0    116.517  
 296.75    116.65  
 0.0    116.783  
 300.0    116.917  
 0.0    117.05  
 303.25    117.184  
 0.0    117.317  
 306.5    117.451  
 0.0    117.584  
 309.75    117.717  
 0.0    117.851  
 313.0    117.984  
 0.0    118.118  
 316.25    118.251  
 0.0    118.385  
 319.5    118.518  
 0.0    118.651  
 322.75    118.785  
 0.0    118.918  
 326.0    119.052  
 0.0    119.185  
 329.25    119.319  
 0.0    119.452  
 332.5    119.585  
 0.0    119.719  
 335.75    119.852  
 0.0    119.986  
 339.0    120.119  
 0.0    120.253  
 342.25    120.386  
 0.0    120.519  
 345.5    120.653  
 0.0    120.786  
 348.75    120.92  
 0.0    121.058  
 1.0    121.186  
 0.0    121.32  
 4.25    121.453  
 0.0    121.587  
 7.5    121.72  
 0.0    121.854  
 10.75    121.987  
 0.0    122.121  
 14.0    122.254  
 0.0    122.387  
 17.25    122.521  
 0.0    122.654  
 20.5    122.788  
 0.0    122.921  
 23.75    123.055  
 0.0    123.188  
 27.0    123.321  
 0.0    123.455  
 30.25    123.588  
 0.0    123.722  
 33.5    123.855  
 0.0    123.989  
 36.75    124.122  
 0.0    124.255  
 40.0    124.389  
 0.0    124.522  
 43.25    124.656  
 0.0    124.789  
 46.5    124.923  
 0.0    125.056  
 49.75    125.189  
 0.0    125.323  
 53.0    125.456  
 0.0    125.59  
 56.25    125.723  
 0.0    125.857  
 59.5    125.99  
 0.0    126.123  
 62.75    126.257  
 0.0    126.39  
 66.0    126.524  
 0.0    126.657  
 69.25    126.791  
 0.0    126.924  
 72.5    127.057  
 0.0    127.191  
 75.75    127.324  
 0.0    127.458  
 79.0    127.591  
 0.0    127.725  
 82.25    127.858  
 0.0    127.991  
 85.5    128.125  
 0.0    128.258  
 88.75    128.392  
 0.0    128.525  
 92.0    128.659  
 0.0    128.792  
 95.25    128.925  
 0.0    129.059  
 98.5    129.192  
 0.0    129.326  
 101.75    129.459  
 0.0    129.593  
 105.0    129.726  
 0.0    129.859  
 108.25    129.993  
 0.0    130.126  
 111.5    130.26  
 0.0    130.393  
 114.75    130.527  
 0.0    130.66  
 118.0    130.793  
 0.0    130.927  
 121.25    131.06  
 0.0    131.194  
 124.5    131.327  
 0.0    131.461  
 127.75    131.594  
 0.0    131.728  
 131.0    131.861  
 0.0    131.994  
 134.25    132.128  
 0.0    132.261  
 137.5    132.395  
 0.0    132.528  
 140.75    132.662  
 0.0    132.795  
 144.0    132.928  
 0.0    133.062  
 147.25    133.195  
 0.0    133.329  
 150.5    133.462  
 0.0    133.596  
 153.75    133.729  
 0.0    133.862  
 157.0    133.996  
 0.0    134.129  
 160.25    134.263  
 0.0    134.396  
 163.5    134.529  
 0.0    134.663  
 166.75    134.796  
 0.0    134.93  
 170.0    135.063  
 0.0    135.197  
 173.25    135.33  
 0.0    135.464  
 176.5    135.597  
 0.0    135.73  
 179.75    135.864  
 0.0    135.997  
 183.0    136.131  
 0.0    136.264  
 186.25    136.398  
 0.0    136.531  
 189.5    136.664  
 0.0    136.798  
 192.75    136.932  
 0.0    137.065  
 196.0    137.198  
 0.0    137.332  
 199.25    137.465  
 0.0    137.598  
 202.5    137.732  
 0.0    137.865  
 205.75    137.999  
 0.0    138.132  
 209.0    138.266  
 0.0    138.399  
 212.25    138.532  
 0.0    138.666  
 215.5    138.799  
 0.0    138.933  
 218.75    139.066  
 0.0    139.2  
 222.0    139.333  
 0.0    139.466  
 225.25    139.6  
 0.0    139.733  
 228.5    139.867  
 0.0    140.0  
 231.75    140.134  
 0.0    140.267  
 235.0    140.4  
 0.0    140.534  
 238.25    140.667  
 0.0    140.801  
 241.5    140.934  
 0.0    141.068  
 244.75    141.201  
 0.0    141.334  
 248.0    141.468  
 0.0    141.601  
 251.25    141.735  
 0.0    141.868  
 254.5    142.003  
 0.0    142.135  
 257.75    142.268  
 0.0    142.402  
 261.0    142.535  
 0.0    142.669  
 264.25    142.802  
 0.0    142.936  
 267.5    143.069  
 0.0    143.202  
 270.75    143.336  
 0.0    143.469  
 274.0    143.603  
 0.0    143.736  
 277.25    143.87  
 0.0    144.003  
 280.5    144.136  
 0.0    144.27  
 283.75    144.403  
 0.0    144.537  
 287.0    144.67  
 0.0    144.804  
 290.25    144.937  
 0.0    145.07  
 293.5    145.204  
 0.0    145.337  
 296.75    145.471  
 0.0    145.604  
 300.0    145.738  
 0.0    145.871  
 303.25    146.004  
 0.0    146.138  
 306.5    146.271  
 0.0    146.405  
 309.75    146.54  
 0.0    146.672  
 313.0    146.805  
 0.0    146.938  
 316.25    147.072  
 0.0    147.206  
 319.5    147.339  
 0.0    147.472  
 322.75    147.606  
 0.0    147.739  
 326.0    147.873  
 0.0    148.006  
 329.25    148.139  
 0.0    148.273  
 332.5    148.406  
 0.0    148.54  
 335.75    148.673  
 0.0    148.807  
 339.0    148.94  
 0.0    149.073  
 342.25    149.207  
 0.0    149.34  
 345.5    149.474  
 0.0    149.607  
 348.75    149.741  
 0.0    149.879  
 1.0    150.007  
 0.0    150.141  
 4.25    150.274  
 0.0    150.408  
 7.5    150.541  
 0.0    150.675  
 10.75    150.808  
 0.0    150.941  
 14.0    151.075  
 0.0    151.208  
 17.25    151.343  
 0.0    151.475  
 20.5    151.609  
 0.0    151.742  
 23.75    151.875  
 0.0    152.009  
 27.0    152.142  
 0.0    152.276  
 30.25    152.409  
 0.0    152.542  
 33.5    152.676  
 0.0    152.809  
 36.75    152.943  
 0.0    153.076  
 40.0    153.21  
 0.0    153.343  
 43.25    153.477  
 0.0    153.61  
 46.5    153.743  
 0.0    153.877  
 49.75    154.01  
 0.0    154.144  
 53.0    154.277  
 0.0    154.411  
 56.25    154.544  
 0.0    154.677  
 59.5    154.811  
 0.0    154.944  
 62.75    155.078  
 0.0    155.211  
 66.0    155.345  
 0.0    155.478  
 69.25    155.611  
 0.0    155.745  
 72.5    155.879  
 0.0    156.012  
 75.75    156.145  
 0.0    156.279  
 79.0    156.412  
 0.0    156.546  
 82.25    156.679  
 0.0    156.812  
 85.5    156.947  
 0.0    157.079  
 88.75    157.213  
 0.0    157.346  
 92.0    157.479  
 0.0    157.613  
 95.25    157.746  
 0.0    157.88  
 98.5    158.013  
 0.0    158.147  
 101.75    158.28  
 0.0    158.413  
 105.0    158.547  
 0.0    158.68  
 108.25    158.814  
 0.0    158.947  
 111.5    159.081  
 0.0    159.214  
 114.75    159.348  
 0.0    159.481  
 118.0    159.614  
 0.0    159.748  
 121.25    159.881  
 0.0    160.015  
 124.5    160.148  
 0.0    160.282  
 127.75    160.415  
 0.0    160.548  
 131.0    160.682  
 0.0    160.815  
 134.25    160.949  
 0.0    161.082  
 137.5    161.215  
 0.0    161.349  
 140.75    161.482  
 0.0    161.616  
 144.0    161.749  
 0.0    161.883  
 147.25    162.016  
 0.0    162.149  
 150.5    162.283  
 0.0    162.416  
 153.75    162.55  
 0.0    162.683  
 157.0    162.817  
 0.0    162.95  
 160.25    163.084  
 0.0    163.217  
 163.5    163.35  
 0.0    163.484  
 166.75    163.617  
 0.0    163.751  
 170.0    163.884  
 0.0    164.018  
 173.25    164.151  
 0.0    164.284  
 176.5    164.418  
 0.0    164.551  
 179.75    164.685  
 0.0    164.818  
 183.0    164.952  
 0.0    165.085  
 186.25    165.218  
 0.0    165.352  
 189.5    165.485  
 0.0    165.619  
 192.75    165.752  
 0.0    165.886  
 196.0    166.019  
 0.0    166.152  
 199.25    166.286  
 0.0    166.419  
 202.5    166.553  
 0.0    166.686  
 205.75    166.82  
 0.0    166.953  
 209.0    167.086  
 0.0    167.22  
 212.25    167.353  
 0.0    167.487  
 215.5    167.62  
 0.0    167.754  
 218.75    167.887  
 0.0    168.021  
 222.0    168.154  
 0.0    168.287  
 225.25    168.421  
 0.0    168.554  
 228.5    168.688  
 0.0    168.821  
 231.75    168.954  
 0.0    169.088  
 235.0    169.221  
 0.0    169.355  
 238.25    169.488  
 0.0    169.622  
 241.5    169.755  
 0.0    169.888  
 244.75    170.022  
 0.0    170.155  
 248.0    170.289  
 0.0    170.422  
 251.25    170.556  
 0.0    170.689  
 254.5    170.822  
 0.0    170.956  
 257.75    171.089  
 0.0    171.223  
 261.0    171.356  
 0.0    171.49  
 264.25    171.623  
 0.0    171.757  
 267.5    171.89  
 0.0    172.023  
 270.75    172.157  
 0.0    172.29  
 274.0    172.424  
 0.0    172.557  
 277.25    172.69  
 0.0    172.824  
 280.5    172.957  
 0.0    173.091  
 283.75    173.224  
 0.0    173.358  
 287.0    173.491  
 0.0    173.624  
 290.25    173.758  
 0.0    173.891  
 293.5    174.025  
 0.0    174.158  
 296.75    174.292  
 0.0    174.425  
 300.0    174.559  
 0.0    174.692  
 303.25    174.825  
 0.0    174.959  
 306.5    175.092  
 0.0    175.226  
 309.75    175.359  
 0.0    175.492  
 313.0    175.626  
 0.0    175.759  
 316.25    175.893  
 0.0    176.026  
 319.5    176.16  
 0.0    176.293  
 322.75    176.427  
 0.0    176.56  
 326.0    176.693  
 0.0    176.827  
 329.25    176.96  
 0.0    177.094  
 332.5    177.227  
 0.0    177.361  
 335.75    177.494  
 0.0    177.627  
 339.0    177.761  
 0.0    177.895  
 342.25    178.028  
 0.0    178.161  
 345.5    178.294  
 0.0    178.428  
 348.75    178.563  
 0.0    178.702  
 1.0    178.83  
 0.0    178.962  
 4.25    179.095  
 0.0    179.229  
 7.5    179.362  
 0.0    179.495  
 10.75    179.629  
 0.0    179.762  
 14.0    179.896  
 0.0    180.029  
 17.25    180.162  
 0.0    180.296  
 20.5    180.429  
 0.0    180.563  
 23.75    180.696  
 0.0    180.83  
 27.0    180.963  
 0.0    181.097  
 30.25    181.23  
 0.0    181.363  
 33.5    181.497  
 0.0    181.63  
 36.75    181.764  
 0.0    181.897  
 40.0    182.031  
 0.0    182.164  
 43.25    182.297  
 0.0    182.431  
 46.5    182.564  
 0.0    182.698  
 49.75    182.831  
 0.0    182.965  
 53.0    183.098  
 0.0    183.231  
 56.25    183.365  
 0.0    183.498  
 59.5    183.632  
 0.0    183.765  
 62.75    183.899  
 0.0    184.032  
 66.0    184.165  
 0.0    184.299  
 69.25    184.432  
 0.0    184.566  
 72.5    184.699  
 0.0    184.833  
 75.75    184.966  
 0.0    185.1  
 79.0    185.233  
 0.0    185.366  
 82.25    185.5  
 0.0    185.633  
 85.5    185.767  
 0.0    185.9  
 88.75    186.034  
 0.0    186.167  
 92.0    186.3  
 0.0    186.434  
 95.25    186.569  
 0.0    186.701  
 98.5    186.834  
 0.0    186.968  
 101.75    187.101  
 0.0    187.234  
 105.0    187.368  
 0.0    187.501  
 108.25    187.635  
 0.0    187.768  
 111.5    187.902  
 0.0    188.035  
 114.75    188.168  
 0.0    188.302  
 118.0    188.435  
 0.0    188.569  
 121.25    188.702  
 0.0    188.836  
 124.5    188.969  
 0.0    189.102  
 127.75    189.236  
 0.0    189.369  
 131.0    189.503  
 0.0    189.636  
 134.25    189.77  
 0.0    189.903  
 137.5    190.036  
 0.0    190.17  
 140.75    190.303  
 0.0    190.437  
 144.0    190.57  
 0.0    190.703  
 147.25    190.837  
 0.0    190.97  
 150.5    191.104  
 0.0    191.237  
 153.75    191.371  
 0.0    191.504  
 157.0    191.638  
 0.0    191.771  
 160.25    191.904  
 0.0    192.038  
 163.5    192.171  
 0.0    192.305  
 166.75    192.438  
 0.0    192.572  
 170.0    192.705  
 0.0    192.838  
 173.25    192.972  
 0.0    193.105  
 176.5    193.239  
 0.0    193.372  
 179.75    193.506  
 0.0    193.639  
 183.0    193.772  
 0.0    193.906  
 186.25    194.039  
 0.0    194.173  
 189.5    194.306  
 0.0    194.44  
 192.75    194.573  
 0.0    194.706  
 196.0    194.84  
 0.0    194.973  
 199.25    195.107  
 0.0    195.24  
 202.5    195.374  
 0.0    195.507  
 205.75    195.64  
 0.0    195.774  
 209.0    195.907  
 0.0    196.041  
 212.25    196.174  
 0.0    196.308  
 215.5    196.441  
 0.0    196.574  
 218.75    196.708  
 0.0    196.841  
 222.0    196.975  
 0.0    197.108  
 225.25    197.242  
 0.0    197.375  
 228.5    197.508  
 0.0    197.642  
 231.75    197.775  
 0.0    197.909  
 235.0    198.042  
 0.0    198.176  
 238.25    198.309  
 0.0    198.442  
 241.5    198.576  
 0.0    198.709  
 244.75    198.843  
 0.0    198.976  
 248.0    199.11  
 0.0    199.243  
 251.25    199.377  
 0.0    199.51  
 254.5    199.643  
 0.0    199.777  
 257.75    199.91  
 0.0    200.044  
 261.0    200.177  
 0.0    200.311  
 264.25    200.444  
 0.0    200.577  
 267.5    200.711  
 0.0    200.844  
 270.75    200.978  
 0.0    201.111  
 274.0    201.245  
 0.0    201.378  
 277.25    201.511  
 0.0    201.645  
 280.5    201.78  
 0.0    201.912  
 283.75    202.045  
 0.0    202.179  
 287.0    202.312  
 0.0    202.445  
 290.25    202.579  
 0.0    202.712  
 293.5    202.846  
 0.0    202.979  
 296.75    203.113  
 0.0    203.246  
 300.0    203.379  
 0.0    203.513  
 303.25    203.646  
 0.0    203.78  
 306.5    203.913  
 0.0    204.047  
 309.75    204.18  
 0.0    204.314  
 313.0    204.447  
 0.0    204.58  
 316.25    204.714  
 0.0    204.847  
 319.5    204.981  
 0.0    205.114  
 322.75    205.247  
 0.0    205.381  
 326.0    205.514  
 0.0    205.648  
 329.25    205.781  
 0.0    205.915  
 332.5    206.048  
 0.0    206.181  
 335.75    206.315  
 0.0    206.448  
 339.0    206.582  
 0.0    206.715  
 342.25    206.849  
 0.0    206.982  
 345.5    207.115  
 0.0    207.249  
 348.75    207.382  
 0.0    207.523  
 1.0    207.651  
 0.0    207.783  
 4.25    207.916  
 0.0    208.049  
 7.5    208.183  
 0.0    208.316  
 10.75    208.45  
 0.0    208.583  
 14.0    208.717  
 0.0    208.85  
 17.25    208.983  
 0.0    209.117  
 20.5    209.25  
 0.0    209.384  
 23.75    209.517  
 0.0    209.651  
 27.0    209.784  
 0.0    209.917  
 30.25    210.051  
 0.0    210.184  
 33.5    210.318  
 0.0    210.451  
 36.75    210.585  
 0.0    210.718  
 40.0    210.851  
 0.0    210.985  
 43.25    211.118  
 0.0    211.252  
 46.5    211.385  
 0.0    211.519  
 49.75    211.652  
 0.0    211.785  
 53.0    211.919  
 0.0    212.052  
 56.25    212.186  
 0.0    212.319  
 59.5    212.453  
 0.0    212.586  
 62.75    212.72  
 0.0    212.853  
 66.0    212.986  
 0.0    213.12  
 69.25    213.253  
 0.0    213.387  
 72.5    213.52  
 0.0    213.654  
 75.75    213.787  
 0.0    213.92  
 79.0    214.054  
 0.0    214.187  
 82.25    214.321  
 0.0    214.454  
 85.5    214.587  
 0.0    214.721  
 88.75    214.854  
 0.0    214.988  
 92.0    215.121  
 0.0    215.255  
 95.25    215.388  
 0.0    215.522  
 98.5    215.655  
 0.0    215.788  
 101.75    215.922  
 0.0    216.055  
 105.0    216.189  
 0.0    216.323  
 108.25    216.456  
 0.0    216.589  
 111.5    216.722  
 0.0    216.856  
 114.75    216.989  
 0.0    217.123  
 118.0    217.256  
 0.0    217.39  
 121.25    217.523  
 0.0    217.656  
 124.5    217.79  
 0.0    217.923  
 127.75    218.057  
 0.0    218.19  
 131.0    218.324  
 0.0    218.457  
 134.25    218.59  
 0.0    218.724  
 137.5    218.857  
 0.0    218.991  
 140.75    219.124  
 0.0    219.258  
 144.0    219.391  
 0.0    219.524  
 147.25    219.658  
 0.0    219.791  
 150.5    219.925  
 0.0    220.058  
 153.75    220.192  
 0.0    220.325  
 157.0    220.458  
 0.0    220.592  
 160.25    220.725  
 0.0    220.859  
 163.5    220.992  
 0.0    221.126  
 166.75    221.259  
 0.0    221.392  
 170.0    221.526  
 0.0    221.659  
 173.25    221.793  
 0.0    221.926  
 176.5    222.06  
 0.0    222.193  
 179.75    222.326  
 0.0    222.46  
 183.0    222.593  
 0.0    222.727  
 186.25    222.86  
 0.0    222.994  
 189.5    223.127  
 0.0    223.26  
 192.75    223.394  
 0.0    223.527  
 196.0    223.662  
 0.0    223.794  
 199.25    223.928  
 0.0    224.061  
 202.5    224.194  
 0.0    224.328  
 205.75    224.461  
 0.0    224.595  
 209.0    224.728  
 0.0    224.862  
 212.25    224.995  
 0.0    225.128  
 215.5    225.262  
 0.0    225.395  
 218.75    225.529  
 0.0    225.662  
 222.0    225.796  
 0.0    225.929  
 225.25    226.063  
 0.0    226.196  
 228.5    226.329  
 0.0    226.463  
 231.75    226.596  
 0.0    226.73  
 235.0    226.863  
 0.0    226.997  
 238.25    227.13  
 0.0    227.263  
 241.5    227.397  
 0.0    227.53  
 244.75    227.664  
 0.0    227.797  
 248.0    227.931  
 0.0    228.064  
 251.25    228.197  
 0.0    228.331  
 254.5    228.464  
 0.0    228.598  
 257.75    228.731  
 0.0    228.865  
 261.0    228.998  
 0.0    229.132  
 264.25    229.265  
 0.0    229.399  
 267.5    229.532  
 0.0    229.665  
 270.75    229.799  
 0.0    229.932  
 274.0    230.065  
 0.0    230.199  
 277.25    230.332  
 0.0    230.466  
 280.5    230.599  
 0.0    230.732  
 283.75    230.866  
 0.0    230.999  
 287.0    231.133  
 0.0    231.266  
 290.25    231.4  
 0.0    231.533  
 293.5    231.667  
 0.0    231.8  
 296.75    231.933  
 0.0    232.067  
 300.0    232.2  
 0.0    232.334  
 303.25    232.467  
 0.0    232.601  
 306.5    232.734  
 0.0    232.867  
 309.75    233.001  
 0.0    233.134  
 313.0    233.268  
 0.0    233.401  
 316.25    233.535  
 0.0    233.668  
 319.5    233.801  
 0.0    233.935  
 322.75    234.068  
 0.0    234.202  
 326.0    234.335  
 0.0    234.469  
 329.25    234.602  
 0.0    234.735  
 332.5    234.869  
 0.0    235.002  
 335.75    235.136  
 0.0    235.269  
 339.0    235.403  
 0.0    235.536  
 342.25    235.669  
 0.0    235.803  
 345.5    235.936  
 0.0    236.07  
 348.75    236.204  
 0.0    236.346  
 1.0    236.487  
 0.0    236.62  
 4.25    236.754  
 0.0    236.887  
 7.5    237.02  
 0.0    237.154  
 10.75    237.287  
 0.0    237.421  
 14.0    237.554  
 0.0    237.688  
 17.25    237.821  
 0.0    237.954  
 20.5    238.088  
 0.0    238.221  
 23.75    238.355  
 0.0    238.488  
 27.0    238.622  
 0.0    238.755  
 30.25    238.888  
 0.0    239.022  
 33.5    239.155  
 0.0    239.289  
 36.75    239.422  
 0.0    239.556  
 40.0    239.689  
 0.0    239.822  
 43.25    239.956  
 0.0    240.089  
 46.5    240.223  
 0.0    240.356  
 49.75    240.49  
 0.0    240.623  
 53.0    240.756  
 0.0    240.89  
 56.25    241.023  
 0.0    241.157  
 59.5    241.29  
 0.0    241.424  
 62.75    241.557  
 0.0    241.69  
 66.0    241.824  
 0.0    241.957  
 69.25    242.091  
 0.0    242.224  
 72.5    242.358  
 0.0    242.491  
 75.75    242.624  
 0.0    242.758  
 79.0    242.891  
 0.0    243.025  
 82.25    243.158  
 0.0    243.292  
 85.5    243.425  
 0.0    243.559  
 88.75    243.692  
 0.0    243.825  
 92.0    243.959  
 0.0    244.092  
 95.25    244.226  
 0.0    244.359  
 98.5    244.493  
 0.0    244.626  
 101.75    244.759  
 0.0    244.893  
 105.0    245.026  
 0.0    245.16  
 108.25    245.293  
 0.0    245.427  
 111.5    245.56  
 0.0    245.693  
 114.75    245.828  
 0.0    245.96  
 118.0    246.094  
 0.0    246.227  
 121.25    246.361  
 0.0    246.494  
 124.5    246.627  
 0.0    246.761  
 127.75    246.894  
 0.0    247.028  
 131.0    247.161  
 0.0    247.294  
 134.25    247.428  
 0.0    247.561  
 137.5    247.695  
 0.0    247.828  
 140.75    247.962  
 0.0    248.095  
 144.0    248.229  
 0.0    248.362  
 147.25    248.495  
 0.0    248.629  
 150.5    248.762  
 0.0    248.896  
 153.75    249.029  
 0.0    249.163  
 157.0    249.296  
 0.0    249.429  
 160.25    249.563  
 0.0    249.696  
 163.5    249.83  
 0.0    249.963  
 166.75    250.097  
 0.0    250.23  
 170.0    250.363  
 0.0    250.497  
 173.25    250.63  
 0.0    250.764  
 176.5    250.897  
 0.0    251.031  
 179.75    251.164  
 0.0    251.297  
 183.0    251.431  
 0.0    251.564  
 186.25    251.698  
 0.0    251.831  
 189.5    251.965  
 0.0    252.098  
 192.75    252.231  
 0.0    252.365  
 196.0    252.498  
 0.0    252.632  
 199.25    252.765  
 0.0    252.899  
 202.5    253.032  
 0.0    253.165  
 205.75    253.299  
 0.0    253.432  
 209.0    253.566  
 0.0    253.699  
 212.25    253.833  
 0.0    253.966  
 215.5    254.099  
 0.0    254.233  
 218.75    254.366  
 0.0    254.5  
 222.0    254.633  
 0.0    254.767  
 225.25    254.9  
 0.0    255.033  
 228.5    255.167  
 0.0    255.3  
 231.75    255.434  
 0.0    255.567  
 235.0    255.701  
 0.0    255.834  
 238.25    255.967  
 0.0    256.101  
 241.5    256.234  
 0.0    256.368  
 244.75    256.502  
 0.0    256.635  
 248.0    256.768  
 0.0    256.902  
 251.25    257.035  
 0.0    257.168  
 254.5    257.302  
 0.0    257.435  
 257.75    257.569  
 0.0    257.702  
 261.0    257.836  
 0.0    257.969  
 264.25    258.102  
 0.0    258.236  
 267.5    258.369  
 0.0    258.503  
 270.75    258.636  
 0.0    258.77  
 274.0    258.903  
 0.0    259.036  
 277.25    259.17  
 0.0    259.303  
 280.5    259.437  
 0.0    259.57  
 283.75    259.703  
 0.0    259.837  
 287.0    259.97  
 0.0    260.104  
 290.25    260.237  
 0.0    260.371  
 293.5    260.504  
 0.0    260.637  
 296.75    260.771  
 0.0    260.904  
 300.0    261.038  
 0.0    261.171  
 303.25    261.305  
 0.0    261.438  
 306.5    261.572  
 0.0    261.705  
 309.75    261.838  
 0.0    261.972  
 313.0    262.105  
 0.0    262.239  
 316.25    262.372  
 0.0    262.506  
 319.5    262.639  
 0.0    262.772  
 322.75    262.906  
 0.0    263.039  
 326.0    263.173  
 0.0    263.306  
 329.25    263.44  
 0.0    263.573  
 332.5    263.707  
 0.0    263.84  
 335.75    263.973  
 0.0    264.107  
 339.0    264.24  
 0.0    264.374  
 342.25    264.507  
 0.0    264.64  
 345.5    264.774  
 0.0    264.907  
 348.75    265.041  
 0.0    265.183  
 1.0    265.325  
 0.0    265.458  
 4.25    265.591  
 0.0    265.725  
 7.5    265.858  
 0.0    265.991  
 10.75    266.125  
 0.0    266.258  
 14.0    266.392  
 0.0    266.525  
 17.25    266.659  
 0.0    266.792  
 20.5    266.925  
 0.0    267.059  
 23.75    267.192  
 0.0    267.326  
 27.0    267.459  
 0.0    267.593  
 30.25    267.726  
 0.0    267.859  
 33.5    267.993  
 0.0    268.127  
 36.75    268.26  
 0.0    268.393  
 40.0    268.527  
 0.0    268.66  
 43.25    268.793  
 0.0    268.927  
 46.5    269.06  
 0.0    269.194  
 49.75    269.327  
 0.0    269.461  
 53.0    269.594  
 0.0    269.727  
 56.25    269.861  
 0.0    269.994  
 59.5    270.128  
 0.0    270.261  
 62.75    270.395  
 0.0    270.528  
 66.0    270.661  
 0.0    270.795  
 69.25    270.928  
 0.0    271.062  
 72.5    271.195  
 0.0    271.329  
 75.75    271.462  
 0.0    271.595  
 79.0    271.729  
 0.0    271.862  
 82.25    271.996  
 0.0    272.129  
 85.5    272.263  
 0.0    272.396  
 88.75    272.53  
 0.0    272.663  
 92.0    272.796  
 0.0    272.93  
 95.25    273.063  
 0.0    273.197  
 98.5    273.33  
 0.0    273.464  
 101.75    273.597  
 0.0    273.73  
 105.0    273.864  
 0.0    273.997  
 108.25    274.131  
 0.0    274.264  
 111.5    274.398  
 0.0    274.531  
 114.75    274.664  
 0.0    274.798  
 118.0    274.931  
 0.0    275.065  
 121.25    275.198  
 0.0    275.331  
 124.5    275.466  
 0.0    275.598  
 127.75    275.732  
 0.0    275.865  
 131.0    275.999  
 0.0    276.132  
 134.25    276.266  
 0.0    276.399  
 137.5    276.534  
 0.0    276.666  
 140.75    276.8  
 0.0    276.933  
 144.0    277.067  
 0.0    277.2  
 147.25    277.333  
 0.0    277.466  
 150.5    277.6  
 0.0    277.733  
 153.75    277.867  
 0.0    278.0  
 157.0    278.134  
 0.0    278.267  
 160.25    278.4  
 0.0    278.534  
 163.5    278.667  
 0.0    278.801  
 166.75    278.934  
 0.0    279.067  
 170.0    279.201  
 0.0    279.334  
 173.25    279.468  
 0.0    279.601  
 176.5    279.735  
 0.0    279.868  
 179.75    280.002  
 0.0    280.135  
 183.0    280.269  
 0.0    280.402  
 186.25    280.537  
 0.0    280.669  
 189.5    280.802  
 0.0    280.936  
 192.75    281.069  
 0.0    281.203  
 196.0    281.336  
 0.0    281.47  
 199.25    281.603  
 0.0    281.736  
 202.5    281.87  
 0.0    282.003  
 205.75    282.137  
 0.0    282.27  
 209.0    282.403  
 0.0    282.537  
 212.25    282.67  
 0.0    282.804  
 215.5    282.937  
 0.0    283.07  
 218.75    283.204  
 0.0    283.337  
 222.0    283.471  
 0.0    283.604  
 225.25    283.738  
 0.0    283.871  
 228.5    284.004  
 0.0    284.138  
 231.75    284.271  
 0.0    284.405  
 235.0    284.538  
 0.0    284.672  
 238.25    284.805  
 0.0    284.938  
 241.5    285.072  
 0.0    285.205  
 244.75    285.339  
 0.0    285.472  
 248.0    285.606  
 0.0    285.739  
 251.25    285.873  
 0.0    286.006  
 254.5    286.139  
 0.0    286.273  
 257.75    286.406  
 0.0    286.54  
 261.0    286.673  
 0.0    286.806  
 264.25    286.94  
 0.0    287.073  
 267.5    287.207  
 0.0    287.34  
 270.75    287.474  
 0.0    287.607  
 274.0    287.74  
 0.0    287.874  
 277.25    288.007  
 0.0    288.141  
 280.5    288.274  
 0.0    288.408  
 283.75    288.541  
 0.0    288.674  
 287.0    288.808  
 0.0    288.941  
 290.25    289.075  
 0.0    289.208  
 293.5    289.342  
 0.0    289.475  
 296.75    289.609  
 0.0    289.742  
 300.0    289.875  
 0.0    290.009  
 303.25    290.142  
 0.0    290.276  
 306.5    290.409  
 0.0    290.542  
 309.75    290.676  
 0.0    290.809  
 313.0    290.943  
 0.0    291.076  
 316.25    291.21  
 0.0    291.343  
 319.5    291.477  
 0.0    291.61  
 322.75    291.743  
 0.0    291.877  
 326.0    292.01  
 0.0    292.144  
 329.25    292.277  
 0.0    292.41  
 332.5    292.544  
 0.0    292.677  
 335.75    292.811  
 0.0    292.944  
 339.0    293.078  
 0.0    293.211  
 342.25    293.345  
 0.0    293.478  
 345.5    293.611  
 0.0    293.745  
 348.75    293.878  
 0.0    294.021  
 1.0    294.162  
 0.0    294.295  
 4.25    294.429  
 0.0    294.562  
 7.5    294.696  
 0.0    294.829  
 10.75    294.962  
 0.0    295.096  
 14.0    295.229  
 0.0    295.363  
 17.25    295.496  
 0.0    295.629  
 20.5    295.763  
 0.0    295.896  
 23.75    296.03  
 0.0    296.164  
 27.0    296.297  
 0.0    296.43  
 30.25    296.564  
 0.0    296.697  
 33.5    296.83  
 0.0    296.964  
 36.75    297.097  
 0.0    297.231  
 40.0    297.364  
 0.0    297.498  
 43.25    297.631  
 0.0    297.764  
 46.5    297.898  
 0.0    298.031  
 49.75    298.165  
 0.0    298.298  
 53.0    298.432  
 0.0    298.565  
 56.25    298.698  
 0.0    298.832  
 59.5    298.965  
 0.0    299.099  
 62.75    299.232  
 0.0    299.366  
 66.0    299.499  
 0.0    299.632  
 69.25    299.766  
 0.0    299.899  
 72.5    300.033  
 0.0    300.166  
 75.75    300.3  
 0.0    300.433  
 79.0    300.567  
 0.0    300.7  
 82.25    300.833  
 0.0    300.967  
 85.5    301.101  
 0.0    301.234  
 88.75    301.367  
 0.0    301.501  
 92.0    301.634  
 0.0    301.767  
 95.25    301.901  
 0.0    302.034  
 98.5    302.168  
 0.0    302.301  
 101.75    302.435  
 0.0    302.568  
 105.0    302.701  
 0.0    302.835  
 108.25    302.968  
 0.0    303.102  
 111.5    303.235  
 0.0    303.369  
 114.75    303.502  
 0.0    303.635  
 118.0    303.769  
 0.0    303.902  
 121.25    304.036  
 0.0    304.169  
 124.5    304.303  
 0.0    304.436  
 127.75    304.569  
 0.0    304.703  
 131.0    304.836  
 0.0    304.97  
 134.25    305.103  
 0.0    305.237  
 137.5    305.37  
 0.0    305.503  
 140.75    305.637  
 0.0    305.77  
 144.0    305.904  
 0.0    306.037  
 147.25    306.17  
 0.0    306.304  
 150.5    306.437  
 0.0    306.571  
 153.75    306.704  
 0.0    306.838  
 157.0    306.971  
 0.0    307.104  
 160.25    307.238  
 0.0    307.371  
 163.5    307.505  
 0.0    307.638  
 166.75    307.772  
 0.0    307.905  
 170.0    308.039  
 0.0    308.172  
 173.25    308.305  
 0.0    308.439  
 176.5    308.572  
 0.0    308.706  
 179.75    308.839  
 0.0    308.973  
 183.0    309.106  
 0.0    309.239  
 186.25    309.373  
 0.0    309.506  
 189.5    309.64  
 0.0    309.773  
 192.75    309.907  
 0.0    310.04  
 196.0    310.173  
 0.0    310.307  
 199.25    310.44  
 0.0    310.574  
 202.5    310.707  
 0.0    310.841  
 205.75    310.974  
 0.0    311.107  
 209.0    311.241  
 0.0    311.374  
 212.25    311.508  
 0.0    311.641  
 215.5    311.774  
 0.0    311.908  
 218.75    312.041  
 0.0    312.175  
 222.0    312.308  
 0.0    312.442  
 225.25    312.575  
 0.0    312.709  
 228.5    312.842  
 0.0    312.975  
 231.75    313.109  
 0.0    313.242  
 235.0    313.376  
 0.0    313.509  
 238.25    313.643  
 0.0    313.776  
 241.5    313.909  
 0.0    314.043  
 244.75    314.178  
 0.0    314.31  
 248.0    314.443  
 0.0    314.577  
 251.25    314.71  
 0.0    314.843  
 254.5    314.977  
 0.0    315.11  
 257.75    315.244  
 0.0    315.377  
 261.0    315.511  
 0.0    315.644  
 264.25    315.778  
 0.0    315.911  
 267.5    316.044  
 0.0    316.178  
 270.75    316.311  
 0.0    316.445  
 274.0    316.578  
 0.0    316.712  
 277.25    316.845  
 0.0    316.978  
 280.5    317.112  
 0.0    317.245  
 283.75    317.379  
 0.0    317.512  
 287.0    317.645  
 0.0    317.779  
 290.25    317.912  
 0.0    318.046  
 293.5    318.179  
 0.0    318.313  
 296.75    318.446  
 0.0    318.579  
 300.0    318.713  
 0.0    318.846  
 303.25    318.98  
 0.0    319.113  
 306.5    319.248  
 0.0    319.38  
 309.75    319.514  
 0.0    319.647  
 313.0    319.781  
 0.0    319.914  
 316.25    320.048  
 0.0    320.181  
 319.5    320.314  
 0.0    320.448  
 322.75    320.581  
 0.0    320.714  
 326.0    320.848  
 0.0    320.981  
 329.25    321.115  
 0.0    321.248  
 332.5    321.382  
 0.0    321.515  
 335.75    321.648  
 0.0    321.782  
 339.0    321.915  
 0.0    322.049  
 342.25    322.182  
 0.0    322.316  
 345.5    322.449  
 0.0    322.582  
 348.75    322.716  
