 [8.7692307692307665, 14.923076923076916, 16.153846153846146, 19.076923076923066]  
 [41.823, 52.631, 54.786, 59.919]  
 []  
 [5.0769230769230766, 7.0769230769230749, 8.4615384615384581, 11.38461538461538]  
 [63.422, 66.922, 69.34, 74.447]  
 []  
 [10.307692307692303, 13.538461538461533, 13.538461538461533, 15.230769230769223]  
 [100.616, 106.289, 109.258]  
 [106.691]  
 [6.7692307692307674, 15.999999999999993, 18.461538461538453, 18.769230769230759]  
 [122.501, 138.711, 143.048, 143.584]  
 []  
 [7.846153846153844, 10.461538461538458, 11.076923076923073, 11.692307692307688]  
 [152.519, 157.124, 158.207, 159.289]  
 []  
 [5.3846153846153841, 9.6923076923076881, 15.384615384615378, 18.153846153846146]  
 [176.307, 183.863, 193.864, 198.741]  
 []  
 [9.8461538461538431, 9.9999999999999964, 13.384615384615378, 19.538461538461526]  
 [212.281, 212.55, 218.505, 229.346]  
 []  
 [5.6923076923076916, 6.9230769230769216, 7.6923076923076898, 18.461538461538453]  
 [233.163, 235.331, 236.685, 255.696]  
 []  
 [9.3846153846153815, 13.538461538461533, 15.07692307692307, 15.692307692307685]  
 [267.906, 275.226, 277.932, 279.016]  
 []  
 [7.3846153846153824, 13.230769230769225, 16.153846153846146, 16.923076923076913]  
 [292.621, 302.93, 308.085, 309.448]  
 []  
