 [339.5, 339.5, 300.5, 128.25]  
 [47.144, 50.346, 64.49]  
 []  
 [206.25, 190.0, 147.75, 24.25]  
 [86.906, 88.24, 91.709, 101.85]  
 []  
 [342.75, 320.0, 147.75, 125.0]  
 [104.518, 106.386, 120.53, 122.398]  
 []  
 [274.5, 203.0, 79.5, 69.75]  
 [138.943, 144.814, 154.955, 155.755]  
 []  
 [248.5, 138.0, 115.25, 21.0]  
 [169.899, 178.972, 180.84, 188.579]  
 []  
 [346.0, 320.0, 245.25, 63.25]  
 [190.714, 192.849, 198.987, 213.931]  
 []  
 [333.0, 329.75, 320.0, 50.25]  
 [220.602, 220.869, 221.67, 243.819]  
 []  
 [310.25, 154.25, 105.5, 95.75]  
 [251.308, 264.117, 268.12, 268.921]  
 []  
 [359.0, 323.25, 245.25, 141.25]  
 [276.133, 279.061, 285.466, 294.005]  
 []  
 [222.5, 105.5, 63.25, 40.5]  
 [316.171, 325.778, 329.247, 331.116]  
 []  
