 45.401    45.401  
 0.0    45.418  
 1.0    45.549  
 0.0    45.682  
 4.25    45.816  
 0.0    45.95  
 7.5    46.083  
 0.0    46.216  
 10.75    46.35  
 0.0    46.483  
 14.0    46.617  
 0.0    46.75  
 17.25    46.883  
 0.0    47.017  
 20.5    47.15  
 0.0    47.284  
 23.75    47.417  
 0.0    47.551  
 27.0    47.684  
 0.0    47.817  
 30.25    47.951  
 0.0    48.084  
 33.5    48.218  
 0.0    48.352  
 36.75    48.485  
 0.0    48.618  
 40.0    48.752  
 0.0    48.885  
 43.25    49.018  
 0.0    49.152  
 46.5    49.285  
 0.0    49.419  
 49.75    49.552  
 0.0    49.686  
 53.0    49.819  
 0.0    49.952  
 56.25    50.086  
 0.0    50.219  
 59.5    50.353  
 0.0    50.486  
 62.75    50.62  
 0.0    50.753  
 66.0    50.886  
 0.0    51.02  
 69.25    51.153  
 0.0    51.287  
 72.5    51.42  
 0.0    51.553  
 75.75    51.687  
 0.0    51.82  
 79.0    51.954  
 0.0    52.087  
 82.25    52.221  
 0.0    52.354  
 85.5    52.488  
 0.0    52.621  
 88.75    52.754  
 0.0    52.888  
 92.0    53.021  
 0.0    53.155  
 95.25    53.288  
 0.0    53.422  
 98.5    53.555  
 0.0    53.688  
 101.75    53.822  
 0.0    53.955  
 105.0    54.089  
 0.0    54.222  
 108.25    54.356  
 0.0    54.489  
 111.5    54.622  
 0.0    54.756  
 114.75    54.889  
 0.0    55.023  
 118.0    55.156  
 0.0    55.29  
 121.25    55.423  
 0.0    55.556  
 124.5    55.69  
 0.0    55.823  
 127.75    55.957  
 0.0    56.09  
 131.0    56.224  
 0.0    56.357  
 134.25    56.49  
 0.0    56.624  
 137.5    56.757  
 0.0    56.891  
 140.75    57.024  
 0.0    57.158  
 144.0    57.291  
 0.0    57.424  
 147.25    57.558  
 0.0    57.691  
 150.5    57.825  
 0.0    57.958  
 153.75    58.092  
 0.0    58.225  
 157.0    58.358  
 0.0    58.492  
 160.25    58.625  
 0.0    58.759  
 163.5    58.892  
 0.0    59.026  
 166.75    59.159  
 0.0    59.293  
 170.0    59.426  
 0.0    59.559  
 173.25    59.693  
 0.0    59.826  
 176.5    59.96  
 0.0    60.093  
 179.75    60.226  
 0.0    60.36  
 183.0    60.493  
 0.0    60.627  
 186.25    60.76  
 0.0    60.894  
 189.5    61.027  
 0.0    61.161  
 192.75    61.294  
 0.0    61.427  
 196.0    61.561  
 0.0    61.694  
 199.25    61.828  
 0.0    61.961  
 202.5    62.094  
 0.0    62.228  
 205.75    62.361  
 0.0    62.495  
 209.0    62.628  
 0.0    62.762  
 212.25    62.895  
 0.0    63.029  
 215.5    63.162  
 0.0    63.295  
 218.75    63.429  
 0.0    63.562  
 222.0    63.696  
 0.0    63.829  
 225.25    63.962  
 0.0    64.096  
 228.5    64.229  
 0.0    64.363  
 231.75    64.496  
 0.0    64.63  
 235.0    64.763  
 0.0    64.897  
 238.25    65.03  
 0.0    65.163  
 241.5    65.297  
 0.0    65.43  
 244.75    65.564  
 0.0    65.697  
 248.0    65.831  
 0.0    65.964  
 251.25    66.097  
 0.0    66.231  
 254.5    66.364  
 0.0    66.498  
 257.75    66.631  
 0.0    66.764  
 261.0    66.898  
 0.0    67.031  
 264.25    67.165  
 0.0    67.298  
 267.5    67.432  
 0.0    67.565  
 270.75    67.699  
 0.0    67.832  
 274.0    67.965  
 0.0    68.099  
 277.25    68.232  
 0.0    68.366  
 280.5    68.499  
 0.0    68.633  
 283.75    68.766  
 0.0    68.899  
 287.0    69.033  
 0.0    69.166  
 290.25    69.3  
 0.0    69.433  
 293.5    69.566  
 0.0    69.7  
 296.75    69.833  
 0.0    69.967  
 300.0    70.1  
 0.0    70.234  
 303.25    70.367  
 0.0    70.501  
 306.5    70.634  
 0.0    70.767  
 309.75    70.901  
 0.0    71.034  
 313.0    71.168  
 0.0    71.301  
 316.25    71.435  
 0.0    71.568  
 319.5    71.701  
 0.0    71.835  
 322.75    71.968  
 0.0    72.102  
 326.0    72.235  
 0.0    72.369  
 329.25    72.502  
 0.0    72.635  
 332.5    72.769  
 0.0    72.902  
 335.75    73.036  
 0.0    73.169  
 339.0    73.303  
 0.0    73.436  
 342.25    73.569  
 0.0    73.703  
 345.5    73.836  
 0.0    73.97  
 348.75    74.103  
 0.0    74.239  
 1.0    74.37  
 0.0    74.503  
 4.25    74.637  
 0.0    74.77  
 7.5    74.904  
 0.0    75.037  
 10.75    75.171  
 0.0    75.304  
 14.0    75.437  
 0.0    75.571  
 17.25    75.704  
 0.0    75.838  
 20.5    75.971  
 0.0    76.105  
 23.75    76.238  
 0.0    76.371  
 27.0    76.505  
 0.0    76.638  
 30.25    76.772  
 0.0    76.905  
 33.5    77.039  
 0.0    77.172  
 36.75    77.305  
 0.0    77.439  
 40.0    77.572  
 0.0    77.706  
 43.25    77.839  
 0.0    77.973  
 46.5    78.106  
 0.0    78.239  
 49.75    78.373  
 0.0    78.506  
 53.0    78.64  
 0.0    78.773  
 56.25    78.907  
 0.0    79.04  
 59.5    79.173  
 0.0    79.307  
 62.75    79.44  
 0.0    79.574  
 66.0    79.707  
 0.0    79.841  
 69.25    79.974  
 0.0    80.107  
 72.5    80.241  
 0.0    80.374  
 75.75    80.508  
 0.0    80.642  
 79.0    80.775  
 0.0    80.908  
 82.25    81.041  
 0.0    81.175  
 85.5    81.308  
 0.0    81.442  
 88.75    81.575  
 0.0    81.709  
 92.0    81.842  
 0.0    81.975  
 95.25    82.109  
 0.0    82.243  
 98.5    82.376  
 0.0    82.509  
 101.75    82.643  
 0.0    82.776  
 105.0    82.909  
 0.0    83.043  
 108.25    83.176  
 0.0    83.31  
 111.5    83.443  
 0.0    83.577  
 114.75    83.71  
 0.0    83.844  
 118.0    83.977  
 0.0    84.11  
 121.25    84.244  
 0.0    84.377  
 124.5    84.511  
 0.0    84.644  
 127.75    84.778  
 0.0    84.911  
 131.0    85.044  
 0.0    85.178  
 134.25    85.311  
 0.0    85.445  
 137.5    85.578  
 0.0    85.712  
 140.75    85.845  
 0.0    85.978  
 144.0    86.112  
 0.0    86.245  
 147.25    86.379  
 0.0    86.512  
 150.5    86.646  
 0.0    86.779  
 153.75    86.912  
 0.0    87.046  
 157.0    87.179  
 0.0    87.313  
 160.25    87.446  
 0.0    87.579  
 163.5    87.713  
 0.0    87.846  
 166.75    87.98  
 0.0    88.113  
 170.0    88.247  
 0.0    88.38  
 173.25    88.514  
 0.0    88.647  
 176.5    88.78  
 0.0    88.914  
 179.75    89.047  
 0.0    89.181  
 183.0    89.314  
 0.0    89.448  
 186.25    89.581  
 0.0    89.714  
 189.5    89.848  
 0.0    89.981  
 192.75    90.115  
 0.0    90.248  
 196.0    90.382  
 0.0    90.515  
 199.25    90.649  
 0.0    90.782  
 202.5    90.915  
 0.0    91.049  
 205.75    91.182  
 0.0    91.316  
 209.0    91.449  
 0.0    91.582  
 212.25    91.716  
 0.0    91.849  
 215.5    91.983  
 0.0    92.116  
 218.75    92.25  
 0.0    92.383  
 222.0    92.516  
 0.0    92.65  
 225.25    92.783  
 0.0    92.917  
 228.5    93.05  
 0.0    93.184  
 231.75    93.317  
 0.0    93.451  
 235.0    93.584  
 0.0    93.717  
 238.25    93.851  
 0.0    93.984  
 241.5    94.118  
 0.0    94.251  
 244.75    94.384  
 0.0    94.518  
 248.0    94.651  
 0.0    94.785  
 251.25    94.918  
 0.0    95.052  
 254.5    95.185  
 0.0    95.318  
 257.75    95.452  
 0.0    95.585  
 261.0    95.719  
 0.0    95.852  
 264.25    95.986  
 0.0    96.119  
 267.5    96.252  
 0.0    96.386  
 270.75    96.519  
 0.0    96.653  
 274.0    96.786  
 0.0    96.92  
 277.25    97.053  
 0.0    97.186  
 280.5    97.32  
 0.0    97.453  
 283.75    97.587  
 0.0    97.72  
 287.0    97.854  
 0.0    97.987  
 290.25    98.121  
 0.0    98.254  
 293.5    98.387  
 0.0    98.521  
 296.75    98.654  
 0.0    98.788  
 300.0    98.921  
 0.0    99.054  
 303.25    99.188  
 0.0    99.321  
 306.5    99.455  
 0.0    99.588  
 309.75    99.722  
 0.0    99.856  
 313.0    99.989  
 0.0    100.122  
 316.25    100.255  
 0.0    100.389  
 319.5    100.522  
 0.0    100.656  
 322.75    100.789  
 0.0    100.922  
 326.0    101.056  
 0.0    101.189  
 329.25    101.323  
 0.0    101.456  
 332.5    101.59  
 0.0    101.723  
 335.75    101.856  
 0.0    101.99  
 339.0    102.123  
 0.0    102.257  
 342.25    102.39  
 0.0    102.524  
 345.5    102.657  
 0.0    102.79  
 348.75    102.924  
 0.0    103.06  
 1.0    103.191  
 0.0    103.324  
 4.25    103.458  
 0.0    103.591  
 7.5    103.725  
 0.0    103.858  
 10.75    103.991  
 0.0    104.125  
 14.0    104.258  
 0.0    104.392  
 17.25    104.525  
 0.0    104.659  
 20.5    104.792  
 0.0    104.925  
 23.75    105.059  
 0.0    105.192  
 27.0    105.326  
 0.0    105.459  
 30.25    105.593  
 0.0    105.726  
 33.5    105.859  
 0.0    105.993  
 36.75    106.126  
 0.0    106.26  
 40.0    106.393  
 0.0    106.526  
 43.25    106.66  
 0.0    106.793  
 46.5    106.927  
 0.0    107.06  
 49.75    107.194  
 0.0    107.327  
 53.0    107.461  
 0.0    107.594  
 56.25    107.728  
 0.0    107.861  
 59.5    107.994  
 0.0    108.128  
 62.75    108.261  
 0.0    108.395  
 66.0    108.528  
 0.0    108.661  
 69.25    108.795  
 0.0    108.928  
 72.5    109.062  
 0.0    109.195  
 75.75    109.329  
 0.0    109.462  
 79.0    109.595  
 0.0    109.729  
 82.25    109.862  
 0.0    109.996  
 85.5    110.129  
 0.0    110.263  
 88.75    110.396  
 0.0    110.529  
 92.0    110.663  
 0.0    110.796  
 95.25    110.93  
 0.0    111.063  
 98.5    111.197  
 0.0    111.33  
 101.75    111.463  
 0.0    111.597  
 105.0    111.73  
 0.0    111.864  
 108.25    111.997  
 0.0    112.131  
 111.5    112.264  
 0.0    112.397  
 114.75    112.531  
 0.0    112.665  
 118.0    112.798  
 0.0    112.931  
 121.25    113.065  
 0.0    113.198  
 124.5    113.332  
 0.0    113.465  
 127.75    113.598  
 0.0    113.732  
 131.0    113.865  
 0.0    113.999  
 134.25    114.132  
 0.0    114.266  
 137.5    114.399  
 0.0    114.532  
 140.75    114.666  
 0.0    114.799  
 144.0    114.933  
 0.0    115.066  
 147.25    115.199  
 0.0    115.333  
 150.5    115.467  
 0.0    115.6  
 153.75    115.733  
 0.0    115.867  
 157.0    116.0  
 0.0    116.134  
 160.25    116.267  
 0.0    116.4  
 163.5    116.534  
 0.0    116.667  
 166.75    116.801  
 0.0    116.934  
 170.0    117.068  
 0.0    117.201  
 173.25    117.334  
 0.0    117.468  
 176.5    117.601  
 0.0    117.735  
 179.75    117.868  
 0.0    118.002  
 183.0    118.135  
 0.0    118.268  
 186.25    118.402  
 0.0    118.535  
 189.5    118.669  
 0.0    118.802  
 192.75    118.935  
 0.0    119.069  
 196.0    119.202  
 0.0    119.336  
 199.25    119.469  
 0.0    119.603  
 202.5    119.736  
 0.0    119.869  
 205.75    120.003  
 0.0    120.136  
 209.0    120.27  
 0.0    120.403  
 212.25    120.537  
 0.0    120.67  
 215.5    120.803  
 0.0    120.937  
 218.75    121.07  
 0.0    121.204  
 222.0    121.337  
 0.0    121.471  
 225.25    121.604  
 0.0    121.738  
 228.5    121.871  
 0.0    122.004  
 231.75    122.138  
 0.0    122.272  
 235.0    122.405  
 0.0    122.538  
 238.25    122.672  
 0.0    122.805  
 241.5    122.938  
 0.0    123.072  
 244.75    123.205  
 0.0    123.339  
 248.0    123.472  
 0.0    123.606  
 251.25    123.739  
 0.0    123.872  
 254.5    124.006  
 0.0    124.139  
 257.75    124.273  
 0.0    124.406  
 261.0    124.54  
 0.0    124.673  
 264.25    124.806  
 0.0    124.94  
 267.5    125.073  
 0.0    125.207  
 270.75    125.34  
 0.0    125.474  
 274.0    125.607  
 0.0    125.74  
 277.25    125.874  
 0.0    126.007  
 280.5    126.141  
 0.0    126.274  
 283.75    126.408  
 0.0    126.541  
 287.0    126.674  
 0.0    126.808  
 290.25    126.941  
 0.0    127.075  
 293.5    127.208  
 0.0    127.342  
 296.75    127.475  
 0.0    127.609  
 300.0    127.742  
 0.0    127.875  
 303.25    128.009  
 0.0    128.142  
 306.5    128.276  
 0.0    128.409  
 309.75    128.542  
 0.0    128.676  
 313.0    128.809  
 0.0    128.943  
 316.25    129.076  
 0.0    129.21  
 319.5    129.343  
 0.0    129.476  
 322.75    129.61  
 0.0    129.743  
 326.0    129.877  
 0.0    130.01  
 329.25    130.144  
 0.0    130.277  
 332.5    130.411  
 0.0    130.544  
 335.75    130.677  
 0.0    130.811  
 339.0    130.944  
 0.0    131.078  
 342.25    131.211  
 0.0    131.344  
 345.5    131.478  
 0.0    131.611  
 348.75    131.745  
 0.0    131.883  
 1.0    132.012  
 0.0    132.145  
 4.25    132.278  
 0.0    132.412  
 7.5    132.545  
 0.0    132.679  
 10.75    132.812  
 0.0    132.946  
 14.0    133.079  
 0.0    133.213  
 17.25    133.346  
 0.0    133.479  
 20.5    133.613  
 0.0    133.746  
 23.75    133.88  
 0.0    134.013  
 27.0    134.147  
 0.0    134.28  
 30.25    134.413  
 0.0    134.547  
 33.5    134.68  
 0.0    134.814  
 36.75    134.947  
 0.0    135.08  
 40.0    135.214  
 0.0    135.347  
 43.25    135.481  
 0.0    135.614  
 46.5    135.748  
 0.0    135.881  
 49.75    136.015  
 0.0    136.148  
 53.0    136.281  
 0.0    136.415  
 56.25    136.548  
 0.0    136.682  
 59.5    136.815  
 0.0    136.949  
 62.75    137.082  
 0.0    137.215  
 66.0    137.349  
 0.0    137.482  
 69.25    137.616  
 0.0    137.749  
 72.5    137.883  
 0.0    138.016  
 75.75    138.149  
 0.0    138.283  
 79.0    138.416  
 0.0    138.55  
 82.25    138.683  
 0.0    138.817  
 85.5    138.95  
 0.0    139.083  
 88.75    139.217  
 0.0    139.35  
 92.0    139.484  
 0.0    139.617  
 95.25    139.751  
 0.0    139.884  
 98.5    140.017  
 0.0    140.151  
 101.75    140.284  
 0.0    140.418  
 105.0    140.551  
 0.0    140.685  
 108.25    140.818  
 0.0    140.951  
 111.5    141.085  
 0.0    141.218  
 114.75    141.352  
 0.0    141.486  
 118.0    141.619  
 0.0    141.752  
 121.25    141.885  
 0.0    142.019  
 124.5    142.152  
 0.0    142.286  
 127.75    142.419  
 0.0    142.553  
 131.0    142.686  
 0.0    142.82  
 134.25    142.953  
 0.0    143.086  
 137.5    143.22  
 0.0    143.353  
 140.75    143.487  
 0.0    143.62  
 144.0    143.753  
 0.0    143.887  
 147.25    144.02  
 0.0    144.154  
 150.5    144.287  
 0.0    144.421  
 153.75    144.554  
 0.0    144.687  
 157.0    144.821  
 0.0    144.954  
 160.25    145.088  
 0.0    145.221  
 163.5    145.355  
 0.0    145.488  
 166.75    145.622  
 0.0    145.755  
 170.0    145.888  
 0.0    146.022  
 173.25    146.155  
 0.0    146.289  
 176.5    146.422  
 0.0    146.556  
 179.75    146.689  
 0.0    146.822  
 183.0    146.956  
 0.0    147.089  
 186.25    147.223  
 0.0    147.356  
 189.5    147.49  
 0.0    147.623  
 192.75    147.756  
 0.0    147.89  
 196.0    148.023  
 0.0    148.157  
 199.25    148.29  
 0.0    148.424  
 202.5    148.557  
 0.0    148.69  
 205.75    148.824  
 0.0    148.957  
 209.0    149.091  
 0.0    149.224  
 212.25    149.358  
 0.0    149.491  
 215.5    149.624  
 0.0    149.758  
 218.75    149.891  
 0.0    150.025  
 222.0    150.158  
 0.0    150.292  
 225.25    150.425  
 0.0    150.558  
 228.5    150.692  
 0.0    150.825  
 231.75    150.959  
 0.0    151.092  
 235.0    151.226  
 0.0    151.359  
 238.25    151.492  
 0.0    151.626  
 241.5    151.759  
 0.0    151.893  
 244.75    152.026  
 0.0    152.16  
 248.0    152.293  
 0.0    152.426  
 251.25    152.56  
 0.0    152.694  
 254.5    152.827  
 0.0    152.96  
 257.75    153.094  
 0.0    153.227  
 261.0    153.36  
 0.0    153.494  
 264.25    153.627  
 0.0    153.761  
 267.5    153.894  
 0.0    154.028  
 270.75    154.161  
 0.0    154.294  
 274.0    154.428  
 0.0    154.561  
 277.25    154.695  
 0.0    154.828  
 280.5    154.962  
 0.0    155.095  
 283.75    155.228  
 0.0    155.362  
 287.0    155.495  
 0.0    155.629  
 290.25    155.762  
 0.0    155.896  
 293.5    156.029  
 0.0    156.162  
 296.75    156.296  
 0.0    156.429  
 300.0    156.563  
 0.0    156.696  
 303.25    156.83  
 0.0    156.963  
 306.5    157.096  
 0.0    157.23  
 309.75    157.363  
 0.0    157.497  
 313.0    157.63  
 0.0    157.764  
 316.25    157.897  
 0.0    158.03  
 319.5    158.164  
 0.0    158.297  
 322.75    158.431  
 0.0    158.564  
 326.0    158.698  
 0.0    158.831  
 329.25    158.964  
 0.0    159.098  
 332.5    159.231  
 0.0    159.365  
 335.75    159.498  
 0.0    159.632  
 339.0    159.765  
 0.0    159.898  
 342.25    160.032  
 0.0    160.165  
 345.5    160.299  
 0.0    160.432  
 348.75    160.566  
 0.0    160.704  
 1.0    160.832  
 0.0    160.966  
 4.25    161.099  
 0.0    161.233  
 7.5    161.367  
 0.0    161.5  
 10.75    161.633  
 0.0    161.766  
 14.0    161.9  
 0.0    162.033  
 17.25    162.167  
 0.0    162.301  
 20.5    162.434  
 0.0    162.567  
 23.75    162.701  
 0.0    162.834  
 27.0    162.967  
 0.0    163.101  
 30.25    163.234  
 0.0    163.368  
 33.5    163.501  
 0.0    163.635  
 36.75    163.768  
 0.0    163.901  
 40.0    164.035  
 0.0    164.168  
 43.25    164.302  
 0.0    164.435  
 46.5    164.569  
 0.0    164.702  
 49.75    164.835  
 0.0    164.969  
 53.0    165.102  
 0.0    165.236  
 56.25    165.369  
 0.0    165.503  
 59.5    165.636  
 0.0    165.769  
 62.75    165.903  
 0.0    166.036  
 66.0    166.17  
 0.0    166.303  
 69.25    166.437  
 0.0    166.57  
 72.5    166.703  
 0.0    166.837  
 75.75    166.97  
 0.0    167.104  
 79.0    167.237  
 0.0    167.37  
 82.25    167.504  
 0.0    167.637  
 85.5    167.771  
 0.0    167.904  
 88.75    168.038  
 0.0    168.171  
 92.0    168.305  
 0.0    168.438  
 95.25    168.571  
 0.0    168.705  
 98.5    168.838  
 0.0    168.972  
 101.75    169.105  
 0.0    169.239  
 105.0    169.372  
 0.0    169.505  
 108.25    169.639  
 0.0    169.772  
 111.5    169.906  
 0.0    170.039  
 114.75    170.173  
 0.0    170.306  
 118.0    170.439  
 0.0    170.573  
 121.25    170.706  
 0.0    170.84  
 124.5    170.974  
 0.0    171.107  
 127.75    171.24  
 0.0    171.373  
 131.0    171.507  
 0.0    171.64  
 134.25    171.774  
 0.0    171.907  
 137.5    172.041  
 0.0    172.174  
 140.75    172.307  
 0.0    172.441  
 144.0    172.574  
 0.0    172.708  
 147.25    172.841  
 0.0    172.975  
 150.5    173.108  
 0.0    173.241  
 153.75    173.375  
 0.0    173.508  
 157.0    173.642  
 0.0    173.775  
 160.25    173.909  
 0.0    174.042  
 163.5    174.176  
 0.0    174.309  
 166.75    174.442  
 0.0    174.576  
 170.0    174.709  
 0.0    174.843  
 173.25    174.976  
 0.0    175.11  
 176.5    175.243  
 0.0    175.376  
 179.75    175.51  
 0.0    175.643  
 183.0    175.777  
 0.0    175.91  
 186.25    176.043  
 0.0    176.177  
 189.5    176.31  
 0.0    176.444  
 192.75    176.577  
 0.0    176.711  
 196.0    176.845  
 0.0    176.978  
 199.25    177.111  
 0.0    177.244  
 202.5    177.378  
 0.0    177.511  
 205.75    177.645  
 0.0    177.778  
 209.0    177.912  
 0.0    178.045  
 212.25    178.178  
 0.0    178.312  
 215.5    178.445  
 0.0    178.579  
 218.75    178.712  
 0.0    178.846  
 222.0    178.979  
 0.0    179.112  
 225.25    179.246  
 0.0    179.379  
 228.5    179.513  
 0.0    179.646  
 231.75    179.779  
 0.0    179.913  
 235.0    180.046  
 0.0    180.18  
 238.25    180.313  
 0.0    180.447  
 241.5    180.58  
 0.0    180.714  
 244.75    180.847  
 0.0    180.98  
 248.0    181.114  
 0.0    181.247  
 251.25    181.381  
 0.0    181.514  
 254.5    181.648  
 0.0    181.781  
 257.75    181.914  
 0.0    182.048  
 261.0    182.181  
 0.0    182.315  
 264.25    182.448  
 0.0    182.582  
 267.5    182.715  
 0.0    182.848  
 270.75    182.982  
 0.0    183.115  
 274.0    183.249  
 0.0    183.382  
 277.25    183.515  
 0.0    183.649  
 280.5    183.782  
 0.0    183.916  
 283.75    184.049  
 0.0    184.183  
 287.0    184.316  
 0.0    184.45  
 290.25    184.583  
 0.0    184.717  
 293.5    184.85  
 0.0    184.983  
 296.75    185.117  
 0.0    185.25  
 300.0    185.384  
 0.0    185.517  
 303.25    185.65  
 0.0    185.784  
 306.5    185.917  
 0.0    186.051  
 309.75    186.184  
 0.0    186.318  
 313.0    186.451  
 0.0    186.584  
 316.25    186.718  
 0.0    186.851  
 319.5    186.985  
 0.0    187.118  
 322.75    187.252  
 0.0    187.385  
 326.0    187.518  
 0.0    187.652  
 329.25    187.785  
 0.0    187.919  
 332.5    188.052  
 0.0    188.186  
 335.75    188.319  
 0.0    188.452  
 339.0    188.586  
 0.0    188.719  
 342.25    188.853  
 0.0    188.986  
 345.5    189.12  
 0.0    189.253  
 348.75    189.386  
 0.0    189.525  
 1.0    189.653  
 0.0    189.787  
 4.25    189.92  
 0.0    190.054  
 7.5    190.187  
 0.0    190.32  
 10.75    190.454  
 0.0    190.587  
 14.0    190.721  
 0.0    190.854  
 17.25    190.988  
 0.0    191.121  
 20.5    191.254  
 0.0    191.388  
 23.75    191.521  
 0.0    191.655  
 27.0    191.788  
 0.0    191.922  
 30.25    192.055  
 0.0    192.189  
 33.5    192.322  
 0.0    192.455  
 36.75    192.589  
 0.0    192.723  
 40.0    192.856  
 0.0    192.989  
 43.25    193.123  
 0.0    193.256  
 46.5    193.389  
 0.0    193.523  
 49.75    193.656  
 0.0    193.79  
 53.0    193.923  
 0.0    194.057  
 56.25    194.19  
 0.0    194.323  
 59.5    194.457  
 0.0    194.59  
 62.75    194.724  
 0.0    194.857  
 66.0    194.991  
 0.0    195.124  
 69.25    195.257  
 0.0    195.391  
 72.5    195.524  
 0.0    195.658  
 75.75    195.791  
 0.0    195.925  
 79.0    196.058  
 0.0    196.191  
 82.25    196.325  
 0.0    196.458  
 85.5    196.592  
 0.0    196.725  
 88.75    196.859  
 0.0    196.992  
 92.0    197.125  
 0.0    197.259  
 95.25    197.392  
 0.0    197.526  
 98.5    197.659  
 0.0    197.792  
 101.75    197.926  
 0.0    198.059  
 105.0    198.193  
 0.0    198.326  
 108.25    198.46  
 0.0    198.593  
 111.5    198.726  
 0.0    198.86  
 114.75    198.993  
 0.0    199.127  
 118.0    199.26  
 0.0    199.394  
 121.25    199.527  
 0.0    199.66  
 124.5    199.794  
 0.0    199.927  
 127.75    200.061  
 0.0    200.194  
 131.0    200.328  
 0.0    200.461  
 134.25    200.595  
 0.0    200.728  
 137.5    200.861  
 0.0    200.995  
 140.75    201.128  
 0.0    201.262  
 144.0    201.395  
 0.0    201.528  
 147.25    201.662  
 0.0    201.795  
 150.5    201.929  
 0.0    202.062  
 153.75    202.196  
 0.0    202.33  
 157.0    202.463  
 0.0    202.596  
 160.25    202.729  
 0.0    202.863  
 163.5    202.996  
 0.0    203.13  
 166.75    203.263  
 0.0    203.397  
 170.0    203.53  
 0.0    203.663  
 173.25    203.797  
 0.0    203.93  
 176.5    204.064  
 0.0    204.197  
 179.75    204.331  
 0.0    204.464  
 183.0    204.597  
 0.0    204.731  
 186.25    204.864  
 0.0    204.998  
 189.5    205.131  
 0.0    205.265  
 192.75    205.398  
 0.0    205.532  
 196.0    205.665  
 0.0    205.798  
 199.25    205.932  
 0.0    206.065  
 202.5    206.199  
 0.0    206.332  
 205.75    206.465  
 0.0    206.599  
 209.0    206.732  
 0.0    206.866  
 212.25    206.999  
 0.0    207.133  
 215.5    207.266  
 0.0    207.399  
 218.75    207.533  
 0.0    207.666  
 222.0    207.8  
 0.0    207.933  
 225.25    208.067  
 0.0    208.2  
 228.5    208.334  
 0.0    208.467  
 231.75    208.6  
 0.0    208.734  
 235.0    208.867  
 0.0    209.001  
 238.25    209.134  
 0.0    209.268  
 241.5    209.401  
 0.0    209.534  
 244.75    209.668  
 0.0    209.801  
 248.0    209.935  
 0.0    210.068  
 251.25    210.202  
 0.0    210.335  
 254.5    210.468  
 0.0    210.602  
 257.75    210.735  
 0.0    210.869  
 261.0    211.002  
 0.0    211.136  
 264.25    211.269  
 0.0    211.402  
 267.5    211.536  
 0.0    211.669  
 270.75    211.803  
 0.0    211.937  
 274.0    212.07  
 0.0    212.203  
 277.25    212.336  
 0.0    212.47  
 280.5    212.603  
 0.0    212.737  
 283.75    212.87  
 0.0    213.004  
 287.0    213.137  
 0.0    213.27  
 290.25    213.404  
 0.0    213.537  
 293.5    213.671  
 0.0    213.804  
 296.75    213.938  
 0.0    214.071  
 300.0    214.204  
 0.0    214.338  
 303.25    214.471  
 0.0    214.605  
 306.5    214.738  
 0.0    214.872  
 309.75    215.005  
 0.0    215.139  
 313.0    215.272  
 0.0    215.405  
 316.25    215.539  
 0.0    215.672  
 319.5    215.806  
 0.0    215.939  
 322.75    216.072  
 0.0    216.206  
 326.0    216.339  
 0.0    216.473  
 329.25    216.606  
 0.0    216.74  
 332.5    216.873  
 0.0    217.006  
 335.75    217.14  
 0.0    217.273  
 339.0    217.407  
 0.0    217.54  
 342.25    217.674  
 0.0    217.807  
 345.5    217.94  
 0.0    218.074  
 348.75    218.207  
 0.0    218.346  
 1.0    218.474  
 0.0    218.608  
 4.25    218.741  
 0.0    218.874  
 7.5    219.008  
 0.0    219.141  
 10.75    219.275  
 0.0    219.408  
 14.0    219.542  
 0.0    219.675  
 17.25    219.808  
 0.0    219.942  
 20.5    220.075  
 0.0    220.209  
 23.75    220.342  
 0.0    220.476  
 27.0    220.609  
 0.0    220.742  
 30.25    220.876  
 0.0    221.009  
 33.5    221.143  
 0.0    221.276  
 36.75    221.41  
 0.0    221.543  
 40.0    221.677  
 0.0    221.81  
 43.25    221.943  
 0.0    222.077  
 46.5    222.21  
 0.0    222.344  
 49.75    222.477  
 0.0    222.611  
 53.0    222.744  
 0.0    222.877  
 56.25    223.011  
 0.0    223.145  
 59.5    223.278  
 0.0    223.411  
 62.75    223.544  
 0.0    223.678  
 66.0    223.811  
 0.0    223.945  
 69.25    224.078  
 0.0    224.212  
 72.5    224.345  
 0.0    224.479  
 75.75    224.612  
 0.0    224.746  
 79.0    224.879  
 0.0    225.012  
 82.25    225.146  
 0.0    225.279  
 85.5    225.413  
 0.0    225.546  
 88.75    225.679  
 0.0    225.813  
 92.0    225.946  
 0.0    226.08  
 95.25    226.213  
 0.0    226.347  
 98.5    226.48  
 0.0    226.613  
 101.75    226.747  
 0.0    226.88  
 105.0    227.014  
 0.0    227.147  
 108.25    227.28  
 0.0    227.414  
 111.5    227.547  
 0.0    227.681  
 114.75    227.814  
 0.0    227.948  
 118.0    228.081  
 0.0    228.215  
 121.25    228.348  
 0.0    228.481  
 124.5    228.615  
 0.0    228.748  
 127.75    228.882  
 0.0    229.015  
 131.0    229.149  
 0.0    229.282  
 134.25    229.415  
 0.0    229.549  
 137.5    229.682  
 0.0    229.816  
 140.75    229.949  
 0.0    230.083  
 144.0    230.216  
 0.0    230.349  
 147.25    230.483  
 0.0    230.616  
 150.5    230.75  
 0.0    230.883  
 153.75    231.017  
 0.0    231.15  
 157.0    231.283  
 0.0    231.417  
 160.25    231.55  
 0.0    231.684  
 163.5    231.817  
 0.0    231.951  
 166.75    232.084  
 0.0    232.217  
 170.0    232.351  
 0.0    232.484  
 173.25    232.618  
 0.0    232.751  
 176.5    232.885  
 0.0    233.018  
 179.75    233.152  
 0.0    233.285  
 183.0    233.418  
 0.0    233.552  
 186.25    233.685  
 0.0    233.819  
 189.5    233.952  
 0.0    234.085  
 192.75    234.219  
 0.0    234.352  
 196.0    234.486  
 0.0    234.619  
 199.25    234.753  
 0.0    234.886  
 202.5    235.019  
 0.0    235.153  
 205.75    235.286  
 0.0    235.42  
 209.0    235.553  
 0.0    235.687  
 212.25    235.82  
 0.0    235.953  
 215.5    236.087  
 0.0    236.22  
 218.75    236.354  
 0.0    236.487  
 222.0    236.621  
 0.0    236.754  
 225.25    236.887  
 0.0    237.021  
 228.5    237.154  
 0.0    237.288  
 231.75    237.421  
 0.0    237.555  
 235.0    237.688  
 0.0    237.821  
 238.25    237.955  
 0.0    238.088  
 241.5    238.222  
 0.0    238.355  
 244.75    238.489  
 0.0    238.622  
 248.0    238.756  
 0.0    238.889  
 251.25    239.022  
 0.0    239.156  
 254.5    239.29  
 0.0    239.423  
 257.75    239.556  
 0.0    239.689  
 261.0    239.823  
 0.0    239.956  
 264.25    240.09  
 0.0    240.223  
 267.5    240.357  
 0.0    240.49  
 270.75    240.624  
 0.0    240.757  
 274.0    240.891  
 0.0    241.024  
 277.25    241.157  
 0.0    241.291  
 280.5    241.424  
 0.0    241.557  
 283.75    241.691  
 0.0    241.824  
 287.0    241.958  
 0.0    242.091  
 290.25    242.225  
 0.0    242.358  
 293.5    242.492  
 0.0    242.625  
 296.75    242.758  
 0.0    242.892  
 300.0    243.025  
 0.0    243.159  
 303.25    243.292  
 0.0    243.426  
 306.5    243.559  
 0.0    243.692  
 309.75    243.826  
 0.0    243.959  
 313.0    244.093  
 0.0    244.226  
 316.25    244.36  
 0.0    244.493  
 319.5    244.626  
 0.0    244.76  
 322.75    244.893  
 0.0    245.027  
 326.0    245.16  
 0.0    245.294  
 329.25    245.427  
 0.0    245.56  
 332.5    245.694  
 0.0    245.827  
 335.75    245.961  
 0.0    246.094  
 339.0    246.228  
 0.0    246.361  
 342.25    246.494  
 0.0    246.628  
 345.5    246.761  
 0.0    246.895  
 348.75    247.028  
 0.0    247.169  
 1.0    247.312  
 0.0    247.445  
 4.25    247.579  
 0.0    247.712  
 7.5    247.845  
 0.0    247.979  
 10.75    248.112  
 0.0    248.246  
 14.0    248.379  
 0.0    248.512  
 17.25    248.646  
 0.0    248.779  
 20.5    248.913  
 0.0    249.046  
 23.75    249.18  
 0.0    249.313  
 27.0    249.447  
 0.0    249.58  
 30.25    249.713  
 0.0    249.847  
 33.5    249.98  
 0.0    250.114  
 36.75    250.247  
 0.0    250.381  
 40.0    250.514  
 0.0    250.647  
 43.25    250.781  
 0.0    250.914  
 46.5    251.048  
 0.0    251.181  
 49.75    251.315  
 0.0    251.448  
 53.0    251.581  
 0.0    251.715  
 56.25    251.848  
 0.0    251.982  
 59.5    252.115  
 0.0    252.249  
 62.75    252.382  
 0.0    252.515  
 66.0    252.649  
 0.0    252.782  
 69.25    252.916  
 0.0    253.049  
 72.5    253.183  
 0.0    253.316  
 75.75    253.449  
 0.0    253.583  
 79.0    253.716  
 0.0    253.85  
 82.25    253.983  
 0.0    254.117  
 85.5    254.25  
 0.0    254.383  
 88.75    254.517  
 0.0    254.65  
 92.0    254.784  
 0.0    254.917  
 95.25    255.051  
 0.0    255.184  
 98.5    255.317  
 0.0    255.451  
 101.75    255.584  
 0.0    255.718  
 105.0    255.851  
 0.0    255.985  
 108.25    256.118  
 0.0    256.252  
 111.5    256.385  
 0.0    256.518  
 114.75    256.652  
 0.0    256.785  
 118.0    256.919  
 0.0    257.052  
 121.25    257.185  
 0.0    257.319  
 124.5    257.452  
 0.0    257.586  
 127.75    257.719  
 0.0    257.853  
 131.0    257.986  
 0.0    258.12  
 134.25    258.253  
 0.0    258.386  
 137.5    258.52  
 0.0    258.653  
 140.75    258.787  
 0.0    258.92  
 144.0    259.053  
 0.0    259.187  
 147.25    259.32  
 0.0    259.454  
 150.5    259.587  
 0.0    259.721  
 153.75    259.854  
 0.0    259.988  
 157.0    260.121  
 0.0    260.254  
 160.25    260.388  
 0.0    260.521  
 163.5    260.655  
 0.0    260.788  
 166.75    260.922  
 0.0    261.055  
 170.0    261.188  
 0.0    261.322  
 173.25    261.456  
 0.0    261.589  
 176.5    261.722  
 0.0    261.856  
 179.75    261.989  
 0.0    262.122  
 183.0    262.256  
 0.0    262.389  
 186.25    262.523  
 0.0    262.656  
 189.5    262.79  
 0.0    262.923  
 192.75    263.056  
 0.0    263.19  
 196.0    263.323  
 0.0    263.457  
 199.25    263.59  
 0.0    263.724  
 202.5    263.857  
 0.0    263.99  
 205.75    264.124  
 0.0    264.257  
 209.0    264.391  
 0.0    264.524  
 212.25    264.658  
 0.0    264.791  
 215.5    264.925  
 0.0    265.058  
 218.75    265.192  
 0.0    265.325  
 222.0    265.458  
 0.0    265.592  
 225.25    265.725  
 0.0    265.858  
 228.5    265.992  
 0.0    266.125  
 231.75    266.259  
 0.0    266.392  
 235.0    266.526  
 0.0    266.659  
 238.25    266.792  
 0.0    266.926  
 241.5    267.059  
 0.0    267.193  
 244.75    267.326  
 0.0    267.46  
 248.0    267.593  
 0.0    267.726  
 251.25    267.86  
 0.0    267.993  
 254.5    268.127  
 0.0    268.26  
 257.75    268.394  
 0.0    268.527  
 261.0    268.66  
 0.0    268.794  
 264.25    268.927  
 0.0    269.061  
 267.5    269.194  
 0.0    269.328  
 270.75    269.461  
 0.0    269.594  
 274.0    269.728  
 0.0    269.861  
 277.25    269.995  
 0.0    270.128  
 280.5    270.262  
 0.0    270.395  
 283.75    270.528  
 0.0    270.662  
 287.0    270.795  
 0.0    270.929  
 290.25    271.062  
 0.0    271.196  
 293.5    271.329  
 0.0    271.462  
 296.75    271.596  
 0.0    271.729  
 300.0    271.863  
 0.0    271.996  
 303.25    272.13  
 0.0    272.263  
 306.5    272.396  
 0.0    272.53  
 309.75    272.663  
 0.0    272.797  
 313.0    272.93  
 0.0    273.064  
 316.25    273.197  
 0.0    273.33  
 319.5    273.464  
 0.0    273.597  
 322.75    273.731  
 0.0    273.864  
 326.0    273.998  
 0.0    274.131  
 329.25    274.264  
 0.0    274.398  
 332.5    274.531  
 0.0    274.665  
 335.75    274.798  
 0.0    274.932  
 339.0    275.065  
 0.0    275.199  
 342.25    275.332  
 0.0    275.465  
 345.5    275.599  
 0.0    275.732  
 348.75    275.866  
 0.0    276.006  
 1.0    276.134  
 0.0    276.266  
 4.25    276.399  
 0.0    276.533  
 7.5    276.666  
 0.0    276.8  
 10.75    276.933  
 0.0    277.067  
 14.0    277.2  
 0.0    277.333  
 17.25    277.467  
 0.0    277.6  
 20.5    277.734  
 0.0    277.867  
 23.75    278.0  
 0.0    278.134  
 27.0    278.267  
 0.0    278.401  
 30.25    278.534  
 0.0    278.668  
 33.5    278.801  
 0.0    278.934  
 36.75    279.068  
 0.0    279.201  
 40.0    279.335  
 0.0    279.468  
 43.25    279.602  
 0.0    279.735  
 46.5    279.869  
 0.0    280.002  
 49.75    280.135  
 0.0    280.269  
 53.0    280.402  
 0.0    280.536  
 56.25    280.669  
 0.0    280.803  
 59.5    280.936  
 0.0    281.069  
 62.75    281.203  
 0.0    281.336  
 66.0    281.47  
 0.0    281.603  
 69.25    281.737  
 0.0    281.87  
 72.5    282.003  
 0.0    282.137  
 75.75    282.27  
 0.0    282.404  
 79.0    282.537  
 0.0    282.671  
 82.25    282.804  
 0.0    282.937  
 85.5    283.071  
 0.0    283.204  
 88.75    283.338  
 0.0    283.471  
 92.0    283.605  
 0.0    283.738  
 95.25    283.871  
 0.0    284.005  
 98.5    284.138  
 0.0    284.272  
 101.75    284.405  
 0.0    284.539  
 105.0    284.672  
 0.0    284.805  
 108.25    284.939  
 0.0    285.072  
 111.5    285.206  
 0.0    285.339  
 114.75    285.473  
 0.0    285.606  
 118.0    285.739  
 0.0    285.873  
 121.25    286.006  
 0.0    286.14  
 124.5    286.273  
 0.0    286.407  
 127.75    286.54  
 0.0    286.673  
 131.0    286.807  
 0.0    286.94  
 134.25    287.074  
 0.0    287.207  
 137.5    287.341  
 0.0    287.474  
 140.75    287.607  
 0.0    287.741  
 144.0    287.874  
 0.0    288.008  
 147.25    288.141  
 0.0    288.275  
 150.5    288.408  
 0.0    288.541  
 153.75    288.675  
 0.0    288.808  
 157.0    288.942  
 0.0    289.075  
 160.25    289.209  
 0.0    289.342  
 163.5    289.476  
 0.0    289.609  
 166.75    289.742  
 0.0    289.876  
 170.0    290.009  
 0.0    290.143  
 173.25    290.277  
 0.0    290.409  
 176.5    290.543  
 0.0    290.676  
 179.75    290.81  
 0.0    290.943  
 183.0    291.077  
 0.0    291.21  
 186.25    291.344  
 0.0    291.477  
 189.5    291.61  
 0.0    291.744  
 192.75    291.877  
 0.0    292.011  
 196.0    292.144  
 0.0    292.278  
 199.25    292.411  
 0.0    292.544  
 202.5    292.678  
 0.0    292.811  
 205.75    292.945  
 0.0    293.078  
 209.0    293.212  
 0.0    293.345  
 212.25    293.478  
 0.0    293.612  
 215.5    293.745  
 0.0    293.879  
 218.75    294.012  
 0.0    294.146  
 222.0    294.279  
 0.0    294.412  
 225.25    294.546  
 0.0    294.679  
 228.5    294.813  
 0.0    294.946  
 231.75    295.08  
 0.0    295.213  
 235.0    295.346  
 0.0    295.48  
 238.25    295.613  
 0.0    295.747  
 241.5    295.88  
 0.0    296.014  
 244.75    296.147  
 0.0    296.28  
 248.0    296.414  
 0.0    296.547  
 251.25    296.681  
 0.0    296.814  
 254.5    296.948  
 0.0    297.081  
 257.75    297.214  
 0.0    297.348  
 261.0    297.481  
 0.0    297.615  
 264.25    297.748  
 0.0    297.882  
 267.5    298.015  
 0.0    298.149  
 270.75    298.282  
 0.0    298.415  
 274.0    298.549  
 0.0    298.682  
 277.25    298.816  
 0.0    298.949  
 280.5    299.082  
 0.0    299.216  
 283.75    299.349  
 0.0    299.483  
 287.0    299.616  
 0.0    299.75  
 290.25    299.883  
 0.0    300.016  
 293.5    300.15  
 0.0    300.283  
 296.75    300.417  
 0.0    300.55  
 300.0    300.684  
 0.0    300.817  
 303.25    300.95  
 0.0    301.084  
 306.5    301.217  
 0.0    301.351  
 309.75    301.485  
 0.0    301.618  
 313.0    301.751  
 0.0    301.884  
 316.25    302.018  
 0.0    302.151  
 319.5    302.285  
 0.0    302.418  
 322.75    302.552  
 0.0    302.685  
 326.0    302.818  
 0.0    302.952  
 329.25    303.086  
 0.0    303.219  
 332.5    303.352  
 0.0    303.486  
 335.75    303.619  
 0.0    303.752  
 339.0    303.886  
 0.0    304.019  
 342.25    304.153  
 0.0    304.286  
 345.5    304.42  
 0.0    304.553  
 348.75    304.687  
 0.0    304.829  
 1.0    304.97  
 0.0    305.103  
 4.25    305.237  
 0.0    305.37  
 7.5    305.504  
 0.0    305.637  
 10.75    305.771  
 0.0    305.904  
 14.0    306.037  
 0.0    306.171  
 17.25    306.304  
 0.0    306.438  
 20.5    306.571  
 0.0    306.705  
 23.75    306.838  
 0.0    306.971  
 27.0    307.105  
 0.0    307.238  
 30.25    307.372  
 0.0    307.505  
 33.5    307.639  
 0.0    307.772  
 36.75    307.906  
 0.0    308.039  
 40.0    308.172  
 0.0    308.306  
 43.25    308.44  
 0.0    308.573  
 46.5    308.706  
 0.0    308.84  
 49.75    308.973  
 0.0    309.106  
 53.0    309.24  
 0.0    309.373  
 56.25    309.507  
 0.0    309.64  
 59.5    309.773  
 0.0    309.907  
 62.75    310.04  
 0.0    310.174  
 66.0    310.307  
 0.0    310.441  
 69.25    310.574  
 0.0    310.708  
 72.5    310.841  
 0.0    310.974  
 75.75    311.108  
 0.0    311.241  
 79.0    311.375  
 0.0    311.508  
 82.25    311.642  
 0.0    311.775  
 85.5    311.908  
 0.0    312.042  
 88.75    312.175  
 0.0    312.309  
 92.0    312.442  
 0.0    312.576  
 95.25    312.709  
 0.0    312.842  
 98.5    312.976  
 0.0    313.109  
 101.75    313.243  
 0.0    313.376  
 105.0    313.51  
 0.0    313.643  
 108.25    313.776  
 0.0    313.91  
 111.5    314.043  
 0.0    314.177  
 114.75    314.31  
 0.0    314.444  
 118.0    314.577  
 0.0    314.71  
 121.25    314.844  
 0.0    314.977  
 124.5    315.111  
 0.0    315.244  
 127.75    315.378  
 0.0    315.511  
 131.0    315.644  
 0.0    315.778  
 134.25    315.912  
 0.0    316.045  
 137.5    316.178  
 0.0    316.312  
 140.75    316.445  
 0.0    316.578  
 144.0    316.712  
 0.0    316.845  
 147.25    316.979  
 0.0    317.112  
 150.5    317.246  
 0.0    317.379  
 153.75    317.513  
 0.0    317.646  
 157.0    317.779  
 0.0    317.913  
 160.25    318.046  
 0.0    318.18  
 163.5    318.313  
 0.0    318.447  
 166.75    318.58  
 0.0    318.713  
 170.0    318.847  
 0.0    318.98  
 173.25    319.114  
 0.0    319.247  
 176.5    319.38  
 0.0    319.514  
 179.75    319.647  
 0.0    319.781  
 183.0    319.914  
 0.0    320.048  
 186.25    320.181  
 0.0    320.314  
 189.5    320.448  
 0.0    320.581  
 192.75    320.715  
 0.0    320.848  
 196.0    320.982  
 0.0    321.115  
 199.25    321.248  
 0.0    321.382  
 202.5    321.515  
 0.0    321.649  
 205.75    321.782  
 0.0    321.916  
 209.0    322.049  
 0.0    322.183  
 212.25    322.316  
 0.0    322.449  
 215.5    322.583  
 0.0    322.716  
 218.75    322.85  
 0.0    322.983  
 222.0    323.116  
 0.0    323.25  
 225.25    323.383  
 0.0    323.517  
 228.5    323.65  
 0.0    323.784  
 231.75    323.917  
 0.0    324.051  
 235.0    324.184  
 0.0    324.317  
 238.25    324.451  
 0.0    324.584  
 241.5    324.718  
 0.0    324.851  
 244.75    324.985  
 0.0    325.118  
 248.0    325.251  
 0.0    325.385  
 251.25    325.518  
 0.0    325.652  
 254.5    325.785  
 0.0    325.919  
 257.75    326.052  
 0.0    326.185  
 261.0    326.319  
 0.0    326.452  
 264.25    326.586  
 0.0    326.719  
 267.5    326.853  
 0.0    326.986  
 270.75    327.119  
 0.0    327.253  
 274.0    327.386  
 0.0    327.52  
 277.25    327.653  
 0.0    327.787  
 280.5    327.92  
 0.0    328.053  
 283.75    328.187  
 0.0    328.32  
 287.0    328.454  
 0.0    328.587  
 290.25    328.721  
 0.0    328.854  
 293.5    328.987  
 0.0    329.121  
 296.75    329.254  
 0.0    329.388  
 300.0    329.521  
 0.0    329.655  
 303.25    329.788  
 0.0    329.921  
 306.5    330.055  
 0.0    330.188  
 309.75    330.322  
 0.0    330.455  
 313.0    330.589  
 0.0    330.722  
 316.25    330.855  
 0.0    330.989  
 319.5    331.122  
 0.0    331.256  
 322.75    331.389  
 0.0    331.522  
 326.0    331.656  
 0.0    331.789  
 329.25    331.923  
 0.0    332.056  
 332.5    332.19  
 0.0    332.323  
 335.75    332.457  
 0.0    332.59  
 339.0    332.723  
 0.0    332.857  
 342.25    332.99  
 0.0    333.124  
 345.5    333.257  
 0.0    333.39  
 348.75    333.524  
