 [7.2307692307692291, 7.3846153846153824, 8.1538461538461515, 16.461538461538453]  
 [38.54, 54.162, 54.702, 54.969]  
 []  
 [8.3076923076923048, 8.3076923076923048, 15.384615384615378, 18.153846153846146]  
 [63.076, 69.044, 80.401]  
 []  
 [4.4615384615384617, 7.3846153846153824, 8.3076923076923048, 11.846153846153841]  
 [103.904, 108.475, 111.188, 116.848]  
 []  
 [5.8461538461538449, 11.846153846153841, 11.999999999999995, 12.61538461538461]  
 [129.038, 130.121, 132.009, 140.947]  
 []  
 [6.9230769230769216, 10.923076923076918, 12.61538461538461, 13.84615384615384]  
 [155.019, 157.177, 160.696, 168.818]  
 []  
 [5.0769230769230766, 14.615384615384608, 18.307692307692299, 18.461538461538453]  
 [175.867, 176.137, 182.372, 200.208]  
 []  
 [7.9999999999999973, 9.0769230769230731, 10.461538461538458, 13.384615384615378]  
 [212.679, 218.372, 220.283, 222.723]  
 []  
 [4.1538461538461542, 7.2307692307692291, 11.230769230769226, 18.615384615384606]  
 [232.78, 245.818, 251.793, 257.214]  
 []  
 [4.4615384615384617, 7.3846153846153824, 11.846153846153841, 17.692307692307683]  
 [261.579, 272.976, 280.298, 286.02]  
 []  
 [7.5384615384615365, 17.076923076923066, 18.615384615384606, 18.769230769230759]  
 [287.402, 289.305, 290.938, 308.883]  
 []  
