 [349.25, 294.0, 251.75, 219.25]  
 [51.171, 53.84, 57.309, 61.846]  
 []  
 [352.5, 326.5, 99.0, 17.75]  
 [63.447, 70.118, 88.798, 90.934]  
 []  
 [225.75, 193.25, 190.0, 69.75]  
 [96.537, 106.411, 106.678, 109.346]  
 []  
 [316.75, 235.5, 115.25, 40.5]  
 [122.956, 129.094, 138.968, 145.639]  
 []  
 [355.75, 222.5, 170.5, 63.25]  
 [153.646, 162.452, 166.722, 177.663]  
 []  
 [284.25, 258.25, 238.75, 196.5]  
 [193.407, 196.876, 198.478, 200.612]  
 []  
 [313.5, 203.0, 92.5, 66.5]  
 [211.57, 213.705, 222.779, 231.852]  
 []  
 [131.5, 112.0, 79.5, 11.25]  
 [235.871, 241.475, 244.144, 245.745]  
 []  
 [300.5, 255.0, 82.75, 34.0]  
 [266.577, 270.58, 284.723, 288.459]  
 []  
 [242.0, 112.0, 63.25, 63.25]  
 [297.816, 301.819, 312.493]  
 []  
