 33.684    33.684  
 0.0    33.701  
 352.0    33.832  
 0.0    33.965  
 348.75    34.099  
 0.0    34.232  
 345.5    34.366  
 0.0    34.499  
 342.25    34.633  
 0.0    34.766  
 339.0    34.899  
 0.0    35.033  
 335.75    35.166  
 0.0    35.3  
 332.5    35.433  
 0.0    35.567  
 329.25    35.7  
 0.0    35.834  
 326.0    35.967  
 0.0    36.1  
 322.75    36.234  
 0.0    36.367  
 319.5    36.501  
 0.0    36.634  
 316.25    36.768  
 0.0    36.901  
 313.0    37.034  
 0.0    37.168  
 309.75    37.301  
 0.0    37.435  
 306.5    37.568  
 0.0    37.702  
 303.25    37.835  
 0.0    37.968  
 300.0    38.102  
 0.0    38.235  
 296.75    38.369  
 0.0    38.502  
 293.5    38.636  
 0.0    38.769  
 290.25    38.902  
 0.0    39.036  
 287.0    39.169  
 0.0    39.303  
 283.75    39.436  
 0.0    39.57  
 280.5    39.703  
 0.0    39.836  
 277.25    39.97  
 0.0    40.103  
 274.0    40.237  
 0.0    40.37  
 270.75    40.504  
 0.0    40.637  
 267.5    40.771  
 0.0    40.904  
 264.25    41.037  
 0.0    41.171  
 261.0    41.304  
 0.0    41.438  
 257.75    41.571  
 0.0    41.704  
 254.5    41.838  
 0.0    41.971  
 251.25    42.105  
 0.0    42.238  
 248.0    42.372  
 0.0    42.505  
 244.75    42.638  
 0.0    42.772  
 241.5    42.905  
 0.0    43.039  
 238.25    43.172  
 0.0    43.306  
 235.0    43.439  
 0.0    43.573  
 231.75    43.706  
 0.0    43.839  
 228.5    43.973  
 0.0    44.107  
 225.25    44.24  
 0.0    44.373  
 222.0    44.506  
 0.0    44.64  
 218.75    44.773  
 0.0    44.907  
 215.5    45.04  
 0.0    45.174  
 212.25    45.307  
 0.0    45.441  
 209.0    45.574  
 0.0    45.707  
 205.75    45.841  
 0.0    45.974  
 202.5    46.108  
 0.0    46.241  
 199.25    46.374  
 0.0    46.508  
 196.0    46.641  
 0.0    46.775  
 192.75    46.908  
 0.0    47.042  
 189.5    47.175  
 0.0    47.308  
 186.25    47.442  
 0.0    47.575  
 183.0    47.709  
 0.0    47.842  
 179.75    47.976  
 0.0    48.109  
 176.5    48.242  
 0.0    48.376  
 173.25    48.509  
 0.0    48.643  
 170.0    48.776  
 0.0    48.91  
 166.75    49.043  
 0.0    49.176  
 163.5    49.31  
 0.0    49.443  
 160.25    49.577  
 0.0    49.71  
 157.0    49.844  
 0.0    49.977  
 153.75    50.111  
 0.0    50.244  
 150.5    50.377  
 0.0    50.511  
 147.25    50.644  
 0.0    50.778  
 144.0    50.911  
 0.0    51.044  
 140.75    51.178  
 0.0    51.311  
 137.5    51.445  
 0.0    51.578  
 134.25    51.712  
 0.0    51.845  
 131.0    51.979  
 0.0    52.112  
 127.75    52.245  
 0.0    52.379  
 124.5    52.512  
 0.0    52.646  
 121.25    52.779  
 0.0    52.913  
 118.0    53.046  
 0.0    53.179  
 114.75    53.313  
 0.0    53.446  
 111.5    53.58  
 0.0    53.713  
 108.25    53.846  
 0.0    53.98  
 105.0    54.113  
 0.0    54.247  
 101.75    54.38  
 0.0    54.514  
 98.5    54.647  
 0.0    54.781  
 95.25    54.914  
 0.0    55.047  
 92.0    55.181  
 0.0    55.314  
 88.75    55.448  
 0.0    55.581  
 85.5    55.715  
 0.0    55.848  
 82.25    55.982  
 0.0    56.115  
 79.0    56.248  
 0.0    56.382  
 75.75    56.515  
 0.0    56.648  
 72.5    56.782  
 0.0    56.915  
 69.25    57.049  
 0.0    57.182  
 66.0    57.316  
 0.0    57.449  
 62.75    57.583  
 0.0    57.716  
 59.5    57.849  
 0.0    57.983  
 56.25    58.116  
 0.0    58.25  
 53.0    58.383  
 0.0    58.517  
 49.75    58.65  
 0.0    58.783  
 46.5    58.917  
 0.0    59.05  
 43.25    59.184  
 0.0    59.317  
 40.0    59.451  
 0.0    59.584  
 36.75    59.717  
 0.0    59.851  
 33.5    59.984  
 0.0    60.118  
 30.25    60.251  
 0.0    60.385  
 27.0    60.518  
 0.0    60.651  
 23.75    60.785  
 0.0    60.919  
 20.5    61.052  
 0.0    61.185  
 17.25    61.319  
 0.0    61.452  
 14.0    61.585  
 0.0    61.719  
 10.75    61.852  
 0.0    61.986  
 7.5    62.119  
 0.0    62.253  
 4.25    62.386  
 0.0    62.523  
 352.0    62.653  
 0.0    62.786  
 348.75    62.92  
 0.0    63.053  
 345.5    63.187  
 0.0    63.32  
 342.25    63.453  
 0.0    63.587  
 339.0    63.72  
 0.0    63.854  
 335.75    63.987  
 0.0    64.121  
 332.5    64.254  
 0.0    64.388  
 329.25    64.521  
 0.0    64.654  
 326.0    64.788  
 0.0    64.921  
 322.75    65.055  
 0.0    65.188  
 319.5    65.321  
 0.0    65.455  
 316.25    65.589  
 0.0    65.722  
 313.0    65.855  
 0.0    65.989  
 309.75    66.123  
 0.0    66.256  
 306.5    66.389  
 0.0    66.522  
 303.25    66.656  
 0.0    66.789  
 300.0    66.923  
 0.0    67.056  
 296.75    67.19  
 0.0    67.323  
 293.5    67.456  
 0.0    67.59  
 290.25    67.723  
 0.0    67.857  
 287.0    67.99  
 0.0    68.124  
 283.75    68.257  
 0.0    68.39  
 280.5    68.524  
 0.0    68.657  
 277.25    68.791  
 0.0    68.924  
 274.0    69.058  
 0.0    69.191  
 270.75    69.324  
 0.0    69.458  
 267.5    69.591  
 0.0    69.725  
 264.25    69.858  
 0.0    69.992  
 261.0    70.125  
 0.0    70.258  
 257.75    70.392  
 0.0    70.525  
 254.5    70.659  
 0.0    70.792  
 251.25    70.925  
 0.0    71.059  
 248.0    71.192  
 0.0    71.326  
 244.75    71.46  
 0.0    71.593  
 241.5    71.727  
 0.0    71.86  
 238.25    71.993  
 0.0    72.127  
 235.0    72.26  
 0.0    72.393  
 231.75    72.527  
 0.0    72.66  
 228.5    72.794  
 0.0    72.927  
 225.25    73.06  
 0.0    73.194  
 222.0    73.327  
 0.0    73.461  
 218.75    73.594  
 0.0    73.728  
 215.5    73.861  
 0.0    73.994  
 212.25    74.128  
 0.0    74.261  
 209.0    74.395  
 0.0    74.528  
 205.75    74.662  
 0.0    74.795  
 202.5    74.928  
 0.0    75.062  
 199.25    75.195  
 0.0    75.329  
 196.0    75.462  
 0.0    75.596  
 192.75    75.729  
 0.0    75.863  
 189.5    75.996  
 0.0    76.129  
 186.25    76.263  
 0.0    76.396  
 183.0    76.53  
 0.0    76.663  
 179.75    76.796  
 0.0    76.93  
 176.5    77.063  
 0.0    77.197  
 173.25    77.33  
 0.0    77.464  
 170.0    77.597  
 0.0    77.73  
 166.75    77.864  
 0.0    77.997  
 163.5    78.131  
 0.0    78.264  
 160.25    78.398  
 0.0    78.531  
 157.0    78.664  
 0.0    78.798  
 153.75    78.931  
 0.0    79.065  
 150.5    79.198  
 0.0    79.332  
 147.25    79.465  
 0.0    79.599  
 144.0    79.732  
 0.0    79.865  
 140.75    79.999  
 0.0    80.133  
 137.5    80.266  
 0.0    80.399  
 134.25    80.533  
 0.0    80.666  
 131.0    80.799  
 0.0    80.933  
 127.75    81.066  
 0.0    81.2  
 124.5    81.333  
 0.0    81.467  
 121.25    81.6  
 0.0    81.733  
 118.0    81.867  
 0.0    82.0  
 114.75    82.134  
 0.0    82.267  
 111.5    82.4  
 0.0    82.534  
 108.25    82.667  
 0.0    82.801  
 105.0    82.934  
 0.0    83.068  
 101.75    83.201  
 0.0    83.335  
 98.5    83.468  
 0.0    83.601  
 95.25    83.735  
 0.0    83.868  
 92.0    84.002  
 0.0    84.135  
 88.75    84.268  
 0.0    84.402  
 85.5    84.535  
 0.0    84.669  
 82.25    84.802  
 0.0    84.936  
 79.0    85.069  
 0.0    85.203  
 75.75    85.336  
 0.0    85.469  
 72.5    85.603  
 0.0    85.736  
 69.25    85.87  
 0.0    86.003  
 66.0    86.137  
 0.0    86.27  
 62.75    86.403  
 0.0    86.537  
 59.5    86.67  
 0.0    86.804  
 56.25    86.937  
 0.0    87.071  
 53.0    87.204  
 0.0    87.338  
 49.75    87.471  
 0.0    87.605  
 46.5    87.738  
 0.0    87.871  
 43.25    88.005  
 0.0    88.138  
 40.0    88.271  
 0.0    88.405  
 36.75    88.538  
 0.0    88.672  
 33.5    88.805  
 0.0    88.939  
 30.25    89.072  
 0.0    89.205  
 27.0    89.339  
 0.0    89.472  
 23.75    89.606  
 0.0    89.739  
 20.5    89.873  
 0.0    90.006  
 17.25    90.139  
 0.0    90.273  
 14.0    90.406  
 0.0    90.54  
 10.75    90.673  
 0.0    90.807  
 7.5    90.94  
 0.0    91.073  
 4.25    91.207  
 0.0    91.344  
 352.0    91.474  
 0.0    91.607  
 348.75    91.741  
 0.0    91.874  
 345.5    92.007  
 0.0    92.141  
 342.25    92.274  
 0.0    92.408  
 339.0    92.541  
 0.0    92.675  
 335.75    92.808  
 0.0    92.942  
 332.5    93.075  
 0.0    93.208  
 329.25    93.342  
 0.0    93.475  
 326.0    93.609  
 0.0    93.742  
 322.75    93.876  
 0.0    94.009  
 319.5    94.142  
 0.0    94.276  
 316.25    94.409  
 0.0    94.543  
 313.0    94.676  
 0.0    94.809  
 309.75    94.943  
 0.0    95.076  
 306.5    95.21  
 0.0    95.343  
 303.25    95.477  
 0.0    95.61  
 300.0    95.744  
 0.0    95.877  
 296.75    96.01  
 0.0    96.144  
 293.5    96.277  
 0.0    96.411  
 290.25    96.544  
 0.0    96.677  
 287.0    96.811  
 0.0    96.944  
 283.75    97.078  
 0.0    97.211  
 280.5    97.345  
 0.0    97.478  
 277.25    97.611  
 0.0    97.745  
 274.0    97.878  
 0.0    98.012  
 270.75    98.145  
 0.0    98.279  
 267.5    98.412  
 0.0    98.546  
 264.25    98.679  
 0.0    98.812  
 261.0    98.946  
 0.0    99.079  
 257.75    99.213  
 0.0    99.346  
 254.5    99.48  
 0.0    99.613  
 251.25    99.746  
 0.0    99.88  
 248.0    100.013  
 0.0    100.147  
 244.75    100.28  
 0.0    100.413  
 241.5    100.547  
 0.0    100.68  
 238.25    100.814  
 0.0    100.947  
 235.0    101.081  
 0.0    101.214  
 231.75    101.348  
 0.0    101.481  
 228.5    101.614  
 0.0    101.748  
 225.25    101.881  
 0.0    102.015  
 222.0    102.148  
 0.0    102.282  
 218.75    102.415  
 0.0    102.548  
 215.5    102.682  
 0.0    102.815  
 212.25    102.949  
 0.0    103.082  
 209.0    103.216  
 0.0    103.349  
 205.75    103.482  
 0.0    103.616  
 202.5    103.749  
 0.0    103.883  
 199.25    104.016  
 0.0    104.15  
 196.0    104.283  
 0.0    104.416  
 192.75    104.55  
 0.0    104.683  
 189.5    104.817  
 0.0    104.95  
 186.25    105.084  
 0.0    105.217  
 183.0    105.35  
 0.0    105.484  
 179.75    105.617  
 0.0    105.751  
 176.5    105.884  
 0.0    106.018  
 173.25    106.151  
 0.0    106.284  
 170.0    106.418  
 0.0    106.551  
 166.75    106.685  
 0.0    106.818  
 163.5    106.952  
 0.0    107.085  
 160.25    107.218  
 0.0    107.352  
 157.0    107.485  
 0.0    107.619  
 153.75    107.752  
 0.0    107.886  
 150.5    108.019  
 0.0    108.152  
 147.25    108.286  
 0.0    108.419  
 144.0    108.553  
 0.0    108.686  
 140.75    108.82  
 0.0    108.953  
 137.5    109.086  
 0.0    109.22  
 134.25    109.353  
 0.0    109.487  
 131.0    109.62  
 0.0    109.754  
 127.75    109.887  
 0.0    110.02  
 124.5    110.154  
 0.0    110.287  
 121.25    110.421  
 0.0    110.554  
 118.0    110.688  
 0.0    110.821  
 114.75    110.954  
 0.0    111.088  
 111.5    111.221  
 0.0    111.355  
 108.25    111.488  
 0.0    111.622  
 105.0    111.755  
 0.0    111.888  
 101.75    112.022  
 0.0    112.155  
 98.5    112.289  
 0.0    112.422  
 95.25    112.556  
 0.0    112.689  
 92.0    112.823  
 0.0    112.956  
 88.75    113.089  
 0.0    113.223  
 85.5    113.356  
 0.0    113.49  
 82.25    113.623  
 0.0    113.756  
 79.0    113.89  
 0.0    114.023  
 75.75    114.157  
 0.0    114.29  
 72.5    114.424  
 0.0    114.557  
 69.25    114.691  
 0.0    114.824  
 66.0    114.957  
 0.0    115.091  
 62.75    115.224  
 0.0    115.358  
 59.5    115.491  
 0.0    115.625  
 56.25    115.758  
 0.0    115.891  
 53.0    116.025  
 0.0    116.158  
 49.75    116.292  
 0.0    116.425  
 46.5    116.558  
 0.0    116.692  
 43.25    116.825  
 0.0    116.959  
 40.0    117.092  
 0.0    117.226  
 36.75    117.359  
 0.0    117.493  
 33.5    117.626  
 0.0    117.759  
 30.25    117.893  
 0.0    118.026  
 27.0    118.16  
 0.0    118.293  
 23.75    118.427  
 0.0    118.56  
 20.5    118.693  
 0.0    118.827  
 17.25    118.96  
 0.0    119.094  
 14.0    119.227  
 0.0    119.36  
 10.75    119.494  
 0.0    119.627  
 7.5    119.761  
 0.0    119.895  
 4.25    120.028  
 0.0    120.166  
 352.0    120.295  
 0.0    120.428  
 348.75    120.561  
 0.0    120.695  
 345.5    120.828  
 0.0    120.962  
 342.25    121.095  
 0.0    121.229  
 339.0    121.362  
 0.0    121.495  
 335.75    121.629  
 0.0    121.762  
 332.5    121.896  
 0.0    122.029  
 329.25    122.163  
 0.0    122.296  
 326.0    122.429  
 0.0    122.563  
 322.75    122.696  
 0.0    122.83  
 319.5    122.963  
 0.0    123.097  
 316.25    123.23  
 0.0    123.363  
 313.0    123.497  
 0.0    123.63  
 309.75    123.764  
 0.0    123.897  
 306.5    124.031  
 0.0    124.164  
 303.25    124.297  
 0.0    124.431  
 300.0    124.564  
 0.0    124.698  
 296.75    124.831  
 0.0    124.965  
 293.5    125.098  
 0.0    125.232  
 290.25    125.365  
 0.0    125.498  
 287.0    125.632  
 0.0    125.765  
 283.75    125.899  
 0.0    126.032  
 280.5    126.165  
 0.0    126.299  
 277.25    126.432  
 0.0    126.566  
 274.0    126.699  
 0.0    126.833  
 270.75    126.966  
 0.0    127.099  
 267.5    127.233  
 0.0    127.366  
 264.25    127.5  
 0.0    127.633  
 261.0    127.767  
 0.0    127.9  
 257.75    128.034  
 0.0    128.167  
 254.5    128.3  
 0.0    128.434  
 251.25    128.567  
 0.0    128.701  
 248.0    128.834  
 0.0    128.967  
 244.75    129.101  
 0.0    129.234  
 241.5    129.368  
 0.0    129.501  
 238.25    129.635  
 0.0    129.768  
 235.0    129.902  
 0.0    130.035  
 231.75    130.168  
 0.0    130.302  
 228.5    130.435  
 0.0    130.569  
 225.25    130.702  
 0.0    130.836  
 222.0    130.969  
 0.0    131.102  
 218.75    131.236  
 0.0    131.369  
 215.5    131.503  
 0.0    131.636  
 212.25    131.769  
 0.0    131.903  
 209.0    132.036  
 0.0    132.17  
 205.75    132.303  
 0.0    132.437  
 202.5    132.57  
 0.0    132.703  
 199.25    132.837  
 0.0    132.971  
 196.0    133.104  
 0.0    133.237  
 192.75    133.371  
 0.0    133.504  
 189.5    133.638  
 0.0    133.771  
 186.25    133.904  
 0.0    134.038  
 183.0    134.171  
 0.0    134.305  
 179.75    134.438  
 0.0    134.571  
 176.5    134.705  
 0.0    134.838  
 173.25    134.972  
 0.0    135.105  
 170.0    135.239  
 0.0    135.372  
 166.75    135.506  
 0.0    135.639  
 163.5    135.772  
 0.0    135.906  
 160.25    136.039  
 0.0    136.173  
 157.0    136.306  
 0.0    136.44  
 153.75    136.573  
 0.0    136.706  
 150.5    136.84  
 0.0    136.973  
 147.25    137.107  
 0.0    137.24  
 144.0    137.374  
 0.0    137.507  
 140.75    137.64  
 0.0    137.774  
 137.5    137.907  
 0.0    138.041  
 134.25    138.174  
 0.0    138.308  
 131.0    138.441  
 0.0    138.574  
 127.75    138.708  
 0.0    138.841  
 124.5    138.975  
 0.0    139.108  
 121.25    139.242  
 0.0    139.375  
 118.0    139.509  
 0.0    139.642  
 114.75    139.775  
 0.0    139.909  
 111.5    140.042  
 0.0    140.176  
 108.25    140.309  
 0.0    140.443  
 105.0    140.576  
 0.0    140.709  
 101.75    140.843  
 0.0    140.977  
 98.5    141.11  
 0.0    141.243  
 95.25    141.377  
 0.0    141.51  
 92.0    141.643  
 0.0    141.777  
 88.75    141.91  
 0.0    142.044  
 85.5    142.177  
 0.0    142.311  
 82.25    142.444  
 0.0    142.578  
 79.0    142.711  
 0.0    142.845  
 75.75    142.978  
 0.0    143.111  
 72.5    143.244  
 0.0    143.378  
 69.25    143.511  
 0.0    143.645  
 66.0    143.778  
 0.0    143.912  
 62.75    144.045  
 0.0    144.179  
 59.5    144.312  
 0.0    144.445  
 56.25    144.579  
 0.0    144.712  
 53.0    144.846  
 0.0    144.979  
 49.75    145.113  
 0.0    145.246  
 46.5    145.379  
 0.0    145.513  
 43.25    145.646  
 0.0    145.78  
 40.0    145.913  
 0.0    146.047  
 36.75    146.18  
 0.0    146.313  
 33.5    146.447  
 0.0    146.58  
 30.25    146.714  
 0.0    146.847  
 27.0    146.981  
 0.0    147.114  
 23.75    147.247  
 0.0    147.381  
 20.5    147.514  
 0.0    147.648  
 17.25    147.781  
 0.0    147.915  
 14.0    148.048  
 0.0    148.181  
 10.75    148.315  
 0.0    148.448  
 7.5    148.582  
 0.0    148.715  
 4.25    148.849  
 0.0    148.988  
 352.0    149.118  
 0.0    149.249  
 348.75    149.382  
 0.0    149.516  
 345.5    149.649  
 0.0    149.782  
 342.25    149.916  
 0.0    150.049  
 339.0    150.183  
 0.0    150.316  
 335.75    150.45  
 0.0    150.583  
 332.5    150.717  
 0.0    150.85  
 329.25    150.983  
 0.0    151.117  
 326.0    151.25  
 0.0    151.384  
 322.75    151.517  
 0.0    151.651  
 319.5    151.784  
 0.0    151.917  
 316.25    152.051  
 0.0    152.184  
 313.0    152.318  
 0.0    152.451  
 309.75    152.585  
 0.0    152.718  
 306.5    152.851  
 0.0    152.985  
 303.25    153.118  
 0.0    153.252  
 300.0    153.385  
 0.0    153.519  
 296.75    153.652  
 0.0    153.785  
 293.5    153.919  
 0.0    154.052  
 290.25    154.186  
 0.0    154.319  
 287.0    154.453  
 0.0    154.586  
 283.75    154.719  
 0.0    154.853  
 280.5    154.986  
 0.0    155.12  
 277.25    155.253  
 0.0    155.387  
 274.0    155.52  
 0.0    155.653  
 270.75    155.787  
 0.0    155.92  
 267.5    156.054  
 0.0    156.187  
 264.25    156.321  
 0.0    156.454  
 261.0    156.587  
 0.0    156.721  
 257.75    156.854  
 0.0    156.988  
 254.5    157.121  
 0.0    157.255  
 251.25    157.388  
 0.0    157.521  
 248.0    157.655  
 0.0    157.788  
 244.75    157.922  
 0.0    158.055  
 241.5    158.189  
 0.0    158.322  
 238.25    158.455  
 0.0    158.589  
 235.0    158.722  
 0.0    158.856  
 231.75    158.99  
 0.0    159.123  
 228.5    159.256  
 0.0    159.389  
 225.25    159.523  
 0.0    159.656  
 222.0    159.79  
 0.0    159.923  
 218.75    160.057  
 0.0    160.19  
 215.5    160.324  
 0.0    160.457  
 212.25    160.59  
 0.0    160.724  
 209.0    160.858  
 0.0    160.991  
 205.75    161.124  
 0.0    161.258  
 202.5    161.391  
 0.0    161.524  
 199.25    161.658  
 0.0    161.792  
 196.0    161.925  
 0.0    162.058  
 192.75    162.191  
 0.0    162.325  
 189.5    162.458  
 0.0    162.592  
 186.25    162.725  
 0.0    162.859  
 183.0    162.992  
 0.0    163.126  
 179.75    163.259  
 0.0    163.392  
 176.5    163.526  
 0.0    163.659  
 173.25    163.793  
 0.0    163.926  
 170.0    164.06  
 0.0    164.193  
 166.75    164.326  
 0.0    164.46  
 163.5    164.593  
 0.0    164.727  
 160.25    164.86  
 0.0    164.994  
 157.0    165.127  
 0.0    165.26  
 153.75    165.394  
 0.0    165.527  
 150.5    165.661  
 0.0    165.794  
 147.25    165.927  
 0.0    166.061  
 144.0    166.195  
 0.0    166.328  
 140.75    166.461  
 0.0    166.595  
 137.5    166.728  
 0.0    166.862  
 134.25    166.995  
 0.0    167.128  
 131.0    167.262  
 0.0    167.395  
 127.75    167.529  
 0.0    167.662  
 124.5    167.796  
 0.0    167.929  
 121.25    168.062  
 0.0    168.196  
 118.0    168.329  
 0.0    168.463  
 114.75    168.596  
 0.0    168.73  
 111.5    168.863  
 0.0    168.996  
 108.25    169.13  
 0.0    169.264  
 105.0    169.397  
 0.0    169.53  
 101.75    169.664  
 0.0    169.797  
 98.5    169.93  
 0.0    170.064  
 95.25    170.197  
 0.0    170.331  
 92.0    170.464  
 0.0    170.598  
 88.75    170.731  
 0.0    170.864  
 85.5    170.998  
 0.0    171.131  
 82.25    171.265  
 0.0    171.399  
 79.0    171.532  
 0.0    171.665  
 75.75    171.798  
 0.0    171.932  
 72.5    172.065  
 0.0    172.199  
 69.25    172.332  
 0.0    172.466  
 66.0    172.599  
 0.0    172.732  
 62.75    172.866  
 0.0    172.999  
 59.5    173.133  
 0.0    173.266  
 56.25    173.4  
 0.0    173.533  
 53.0    173.666  
 0.0    173.8  
 49.75    173.933  
 0.0    174.067  
 46.5    174.2  
 0.0    174.334  
 43.25    174.467  
 0.0    174.601  
 40.0    174.734  
 0.0    174.867  
 36.75    175.001  
 0.0    175.134  
 33.5    175.268  
 0.0    175.401  
 30.25    175.534  
 0.0    175.668  
 27.0    175.801  
 0.0    175.935  
 23.75    176.068  
 0.0    176.202  
 20.5    176.335  
 0.0    176.469  
 17.25    176.602  
 0.0    176.735  
 14.0    176.869  
 0.0    177.002  
 10.75    177.136  
 0.0    177.269  
 7.5    177.402  
 0.0    177.536  
 4.25    177.669  
 0.0    177.81  
 352.0    177.939  
 0.0    178.07  
 348.75    178.204  
 0.0    178.337  
 345.5    178.47  
 0.0    178.603  
 342.25    178.737  
 0.0    178.87  
 339.0    179.004  
 0.0    179.137  
 335.75    179.271  
 0.0    179.404  
 332.5    179.537  
 0.0    179.671  
 329.25    179.804  
 0.0    179.938  
 326.0    180.071  
 0.0    180.205  
 322.75    180.338  
 0.0    180.471  
 319.5    180.605  
 0.0    180.738  
 316.25    180.872  
 0.0    181.005  
 313.0    181.139  
 0.0    181.272  
 309.75    181.405  
 0.0    181.539  
 306.5    181.672  
 0.0    181.806  
 303.25    181.939  
 0.0    182.073  
 300.0    182.206  
 0.0    182.339  
 296.75    182.473  
 0.0    182.607  
 293.5    182.74  
 0.0    182.873  
 290.25    183.006  
 0.0    183.14  
 287.0    183.273  
 0.0    183.407  
 283.75    183.54  
 0.0    183.674  
 280.5    183.807  
 0.0    183.941  
 277.25    184.074  
 0.0    184.207  
 274.0    184.341  
 0.0    184.474  
 270.75    184.608  
 0.0    184.741  
 267.5    184.875  
 0.0    185.008  
 264.25    185.141  
 0.0    185.275  
 261.0    185.408  
 0.0    185.542  
 257.75    185.675  
 0.0    185.809  
 254.5    185.942  
 0.0    186.075  
 251.25    186.209  
 0.0    186.342  
 248.0    186.476  
 0.0    186.609  
 244.75    186.743  
 0.0    186.876  
 241.5    187.009  
 0.0    187.143  
 238.25    187.276  
 0.0    187.41  
 235.0    187.543  
 0.0    187.677  
 231.75    187.81  
 0.0    187.943  
 228.5    188.077  
 0.0    188.21  
 225.25    188.344  
 0.0    188.477  
 222.0    188.611  
 0.0    188.744  
 218.75    188.877  
 0.0    189.011  
 215.5    189.144  
 0.0    189.278  
 212.25    189.411  
 0.0    189.545  
 209.0    189.678  
 0.0    189.811  
 205.75    189.945  
 0.0    190.078  
 202.5    190.212  
 0.0    190.345  
 199.25    190.479  
 0.0    190.612  
 196.0    190.746  
 0.0    190.879  
 192.75    191.012  
 0.0    191.146  
 189.5    191.28  
 0.0    191.413  
 186.25    191.546  
 0.0    191.679  
 183.0    191.813  
 0.0    191.946  
 179.75    192.08  
 0.0    192.213  
 176.5    192.347  
 0.0    192.48  
 173.25    192.614  
 0.0    192.747  
 170.0    192.88  
 0.0    193.014  
 166.75    193.147  
 0.0    193.281  
 163.5    193.414  
 0.0    193.547  
 160.25    193.681  
 0.0    193.815  
 157.0    193.948  
 0.0    194.081  
 153.75    194.215  
 0.0    194.348  
 150.5    194.482  
 0.0    194.615  
 147.25    194.748  
 0.0    194.882  
 144.0    195.015  
 0.0    195.149  
 140.75    195.282  
 0.0    195.416  
 137.5    195.549  
 0.0    195.682  
 134.25    195.816  
 0.0    195.949  
 131.0    196.083  
 0.0    196.216  
 127.75    196.35  
 0.0    196.483  
 124.5    196.616  
 0.0    196.75  
 121.25    196.883  
 0.0    197.017  
 118.0    197.15  
 0.0    197.284  
 114.75    197.417  
 0.0    197.55  
 111.5    197.684  
 0.0    197.817  
 108.25    197.951  
 0.0    198.084  
 105.0    198.218  
 0.0    198.351  
 101.75    198.484  
 0.0    198.618  
 98.5    198.752  
 0.0    198.885  
 95.25    199.018  
 0.0    199.152  
 92.0    199.285  
 0.0    199.418  
 88.75    199.552  
 0.0    199.685  
 85.5    199.819  
 0.0    199.952  
 82.25    200.086  
 0.0    200.219  
 79.0    200.353  
 0.0    200.486  
 75.75    200.619  
 0.0    200.753  
 72.5    200.886  
 0.0    201.02  
 69.25    201.153  
 0.0    201.286  
 66.0    201.42  
 0.0    201.553  
 62.75    201.687  
 0.0    201.821  
 59.5    201.954  
 0.0    202.087  
 56.25    202.22  
 0.0    202.354  
 53.0    202.488  
 0.0    202.621  
 49.75    202.754  
 0.0    202.888  
 46.5    203.021  
 0.0    203.154  
 43.25    203.288  
 0.0    203.422  
 40.0    203.555  
 0.0    203.688  
 36.75    203.822  
 0.0    203.955  
 33.5    204.088  
 0.0    204.222  
 30.25    204.355  
 0.0    204.489  
 27.0    204.622  
 0.0    204.756  
 23.75    204.889  
 0.0    205.023  
 20.5    205.156  
 0.0    205.289  
 17.25    205.423  
 0.0    205.556  
 14.0    205.69  
 0.0    205.823  
 10.75    205.957  
 0.0    206.09  
 7.5    206.223  
 0.0    206.357  
 4.25    206.49  
 0.0    206.631  
 352.0    206.774  
 0.0    206.907  
 348.75    207.041  
 0.0    207.174  
 345.5    207.307  
 0.0    207.441  
 342.25    207.574  
 0.0    207.708  
 339.0    207.841  
 0.0    207.975  
 335.75    208.108  
 0.0    208.242  
 332.5    208.375  
 0.0    208.508  
 329.25    208.642  
 0.0    208.775  
 326.0    208.909  
 0.0    209.042  
 322.75    209.175  
 0.0    209.309  
 319.5    209.442  
 0.0    209.576  
 316.25    209.709  
 0.0    209.843  
 313.0    209.976  
 0.0    210.109  
 309.75    210.243  
 0.0    210.376  
 306.5    210.51  
 0.0    210.643  
 303.25    210.777  
 0.0    210.91  
 300.0    211.044  
 0.0    211.177  
 296.75    211.31  
 0.0    211.444  
 293.5    211.577  
 0.0    211.711  
 290.25    211.844  
 0.0    211.977  
 287.0    212.111  
 0.0    212.244  
 283.75    212.378  
 0.0    212.511  
 280.5    212.645  
 0.0    212.778  
 277.25    212.912  
 0.0    213.045  
 274.0    213.178  
 0.0    213.312  
 270.75    213.445  
 0.0    213.579  
 267.5    213.712  
 0.0    213.846  
 264.25    213.979  
 0.0    214.112  
 261.0    214.246  
 0.0    214.379  
 257.75    214.513  
 0.0    214.646  
 254.5    214.779  
 0.0    214.913  
 251.25    215.046  
 0.0    215.18  
 248.0    215.313  
 0.0    215.447  
 244.75    215.58  
 0.0    215.714  
 241.5    215.847  
 0.0    215.98  
 238.25    216.114  
 0.0    216.247  
 235.0    216.381  
 0.0    216.514  
 231.75    216.648  
 0.0    216.781  
 228.5    216.914  
 0.0    217.048  
 225.25    217.181  
 0.0    217.315  
 222.0    217.449  
 0.0    217.582  
 218.75    217.715  
 0.0    217.848  
 215.5    217.982  
 0.0    218.115  
 212.25    218.249  
 0.0    218.382  
 209.0    218.516  
 0.0    218.649  
 205.75    218.782  
 0.0    218.916  
 202.5    219.049  
 0.0    219.183  
 199.25    219.316  
 0.0    219.449  
 196.0    219.583  
 0.0    219.716  
 192.75    219.85  
 0.0    219.983  
 189.5    220.117  
 0.0    220.25  
 186.25    220.384  
 0.0    220.517  
 183.0    220.65  
 0.0    220.784  
 179.75    220.918  
 0.0    221.051  
 176.5    221.184  
 0.0    221.318  
 173.25    221.451  
 0.0    221.584  
 170.0    221.718  
 0.0    221.851  
 166.75    221.985  
 0.0    222.118  
 163.5    222.252  
 0.0    222.385  
 160.25    222.518  
 0.0    222.652  
 157.0    222.785  
 0.0    222.919  
 153.75    223.052  
 0.0    223.186  
 150.5    223.319  
 0.0    223.452  
 147.25    223.586  
 0.0    223.719  
 144.0    223.853  
 0.0    223.986  
 140.75    224.12  
 0.0    224.253  
 137.5    224.386  
 0.0    224.52  
 134.25    224.653  
 0.0    224.787  
 131.0    224.92  
 0.0    225.054  
 127.75    225.187  
 0.0    225.321  
 124.5    225.454  
 0.0    225.587  
 121.25    225.721  
 0.0    225.854  
 118.0    225.988  
 0.0    226.121  
 114.75    226.254  
 0.0    226.388  
 111.5    226.521  
 0.0    226.655  
 108.25    226.788  
 0.0    226.922  
 105.0    227.055  
 0.0    227.188  
 101.75    227.322  
 0.0    227.455  
 98.5    227.589  
 0.0    227.722  
 95.25    227.856  
 0.0    227.989  
 92.0    228.123  
 0.0    228.256  
 88.75    228.389  
 0.0    228.523  
 85.5    228.656  
 0.0    228.79  
 82.25    228.924  
 0.0    229.057  
 79.0    229.19  
 0.0    229.323  
 75.75    229.457  
 0.0    229.59  
 72.5    229.724  
 0.0    229.857  
 69.25    229.991  
 0.0    230.124  
 66.0    230.257  
 0.0    230.391  
 62.75    230.524  
 0.0    230.658  
 59.5    230.791  
 0.0    230.925  
 56.25    231.058  
 0.0    231.191  
 53.0    231.325  
 0.0    231.458  
 49.75    231.592  
 0.0    231.725  
 46.5    231.859  
 0.0    231.992  
 43.25    232.126  
 0.0    232.259  
 40.0    232.392  
 0.0    232.526  
 36.75    232.659  
 0.0    232.793  
 33.5    232.926  
 0.0    233.059  
 30.25    233.193  
 0.0    233.326  
 27.0    233.46  
 0.0    233.593  
 23.75    233.727  
 0.0    233.86  
 20.5    233.993  
 0.0    234.127  
 17.25    234.26  
 0.0    234.394  
 14.0    234.527  
 0.0    234.661  
 10.75    234.794  
 0.0    234.927  
 7.5    235.061  
 0.0    235.194  
 4.25    235.328  
 0.0    235.469  
 352.0    235.611  
 0.0    235.745  
 348.75    235.878  
 0.0    236.012  
 345.5    236.145  
 0.0    236.278  
 342.25    236.412  
 0.0    236.545  
 339.0    236.679  
 0.0    236.812  
 335.75    236.945  
 0.0    237.079  
 332.5    237.212  
 0.0    237.346  
 329.25    237.479  
 0.0    237.613  
 326.0    237.746  
 0.0    237.88  
 322.75    238.013  
 0.0    238.146  
 319.5    238.28  
 0.0    238.413  
 316.25    238.547  
 0.0    238.68  
 313.0    238.814  
 0.0    238.947  
 309.75    239.08  
 0.0    239.214  
 306.5    239.347  
 0.0    239.481  
 303.25    239.614  
 0.0    239.748  
 300.0    239.881  
 0.0    240.014  
 296.75    240.148  
 0.0    240.281  
 293.5    240.415  
 0.0    240.548  
 290.25    240.682  
 0.0    240.815  
 287.0    240.948  
 0.0    241.082  
 283.75    241.215  
 0.0    241.349  
 280.5    241.482  
 0.0    241.616  
 277.25    241.749  
 0.0    241.882  
 274.0    242.016  
 0.0    242.149  
 270.75    242.283  
 0.0    242.416  
 267.5    242.55  
 0.0    242.683  
 264.25    242.816  
 0.0    242.95  
 261.0    243.083  
 0.0    243.217  
 257.75    243.35  
 0.0    243.484  
 254.5    243.617  
 0.0    243.75  
 251.25    243.884  
 0.0    244.017  
 248.0    244.151  
 0.0    244.284  
 244.75    244.418  
 0.0    244.551  
 241.5    244.684  
 0.0    244.818  
 238.25    244.952  
 0.0    245.085  
 235.0    245.218  
 0.0    245.352  
 231.75    245.485  
 0.0    245.618  
 228.5    245.752  
 0.0    245.885  
 225.25    246.019  
 0.0    246.152  
 222.0    246.286  
 0.0    246.419  
 218.75    246.553  
 0.0    246.686  
 215.5    246.819  
 0.0    246.953  
 212.25    247.086  
 0.0    247.22  
 209.0    247.353  
 0.0    247.487  
 205.75    247.62  
 0.0    247.753  
 202.5    247.887  
 0.0    248.02  
 199.25    248.154  
 0.0    248.287  
 196.0    248.42  
 0.0    248.554  
 192.75    248.687  
 0.0    248.821  
 189.5    248.954  
 0.0    249.088  
 186.25    249.221  
 0.0    249.355  
 183.0    249.488  
 0.0    249.621  
 179.75    249.755  
 0.0    249.888  
 176.5    250.022  
 0.0    250.155  
 173.25    250.289  
 0.0    250.422  
 170.0    250.555  
 0.0    250.689  
 166.75    250.822  
 0.0    250.956  
 163.5    251.089  
 0.0    251.223  
 160.25    251.356  
 0.0    251.489  
 157.0    251.623  
 0.0    251.756  
 153.75    251.89  
 0.0    252.023  
 150.5    252.157  
 0.0    252.29  
 147.25    252.423  
 0.0    252.557  
 144.0    252.69  
 0.0    252.824  
 140.75    252.958  
 0.0    253.091  
 137.5    253.224  
 0.0    253.357  
 134.25    253.491  
 0.0    253.624  
 131.0    253.758  
 0.0    253.891  
 127.75    254.025  
 0.0    254.158  
 124.5    254.291  
 0.0    254.425  
 121.25    254.558  
 0.0    254.692  
 118.0    254.825  
 0.0    254.959  
 114.75    255.092  
 0.0    255.226  
 111.5    255.359  
 0.0    255.492  
 108.25    255.626  
 0.0    255.759  
 105.0    255.893  
 0.0    256.026  
 101.75    256.159  
 0.0    256.293  
 98.5    256.426  
 0.0    256.56  
 95.25    256.693  
 0.0    256.827  
 92.0    256.96  
 0.0    257.093  
 88.75    257.227  
 0.0    257.36  
 85.5    257.494  
 0.0    257.627  
 82.25    257.761  
 0.0    257.894  
 79.0    258.027  
 0.0    258.161  
 75.75    258.294  
 0.0    258.428  
 72.5    258.561  
 0.0    258.695  
 69.25    258.828  
 0.0    258.961  
 66.0    259.095  
 0.0    259.228  
 62.75    259.362  
 0.0    259.495  
 59.5    259.629  
 0.0    259.762  
 56.25    259.895  
 0.0    260.029  
 53.0    260.162  
 0.0    260.296  
 49.75    260.429  
 0.0    260.563  
 46.5    260.696  
 0.0    260.829  
 43.25    260.963  
 0.0    261.096  
 40.0    261.23  
 0.0    261.363  
 36.75    261.497  
 0.0    261.63  
 33.5    261.763  
 0.0    261.897  
 30.25    262.03  
 0.0    262.164  
 27.0    262.297  
 0.0    262.431  
 23.75    262.564  
 0.0    262.698  
 20.5    262.831  
 0.0    262.964  
 17.25    263.098  
 0.0    263.231  
 14.0    263.365  
 0.0    263.498  
 10.75    263.632  
 0.0    263.765  
 7.5    263.898  
 0.0    264.032  
 4.25    264.166  
 0.0    264.307  
 352.0    264.449  
 0.0    264.583  
 348.75    264.716  
 0.0    264.849  
 345.5    264.983  
 0.0    265.116  
 342.25    265.249  
 0.0    265.383  
 339.0    265.516  
 0.0    265.65  
 335.75    265.783  
 0.0    265.917  
 332.5    266.05  
 0.0    266.183  
 329.25    266.317  
 0.0    266.45  
 326.0    266.584  
 0.0    266.717  
 322.75    266.851  
 0.0    266.984  
 319.5    267.117  
 0.0    267.251  
 316.25    267.384  
 0.0    267.518  
 313.0    267.652  
 0.0    267.785  
 309.75    267.918  
 0.0    268.051  
 306.5    268.185  
 0.0    268.318  
 303.25    268.452  
 0.0    268.585  
 300.0    268.718  
 0.0    268.852  
 296.75    268.985  
 0.0    269.119  
 293.5    269.252  
 0.0    269.386  
 290.25    269.519  
 0.0    269.653  
 287.0    269.786  
 0.0    269.919  
 283.75    270.053  
 0.0    270.186  
 280.5    270.32  
 0.0    270.453  
 277.25    270.587  
 0.0    270.72  
 274.0    270.853  
 0.0    270.987  
 270.75    271.12  
 0.0    271.254  
 267.5    271.387  
 0.0    271.521  
 264.25    271.654  
 0.0    271.787  
 261.0    271.921  
 0.0    272.054  
 257.75    272.188  
 0.0    272.322  
 254.5    272.455  
 0.0    272.588  
 251.25    272.721  
 0.0    272.855  
 248.0    272.988  
 0.0    273.122  
 244.75    273.255  
 0.0    273.389  
 241.5    273.522  
 0.0    273.655  
 238.25    273.789  
 0.0    273.923  
 235.0    274.056  
 0.0    274.19  
 231.75    274.323  
 0.0    274.456  
 228.5    274.589  
 0.0    274.723  
 225.25    274.856  
 0.0    274.99  
 222.0    275.123  
 0.0    275.257  
 218.75    275.39  
 0.0    275.523  
 215.5    275.657  
 0.0    275.79  
 212.25    275.924  
 0.0    276.057  
 209.0    276.191  
 0.0    276.324  
 205.75    276.457  
 0.0    276.591  
 202.5    276.724  
 0.0    276.858  
 199.25    276.991  
 0.0    277.125  
 196.0    277.258  
 0.0    277.392  
 192.75    277.525  
 0.0    277.658  
 189.5    277.792  
 0.0    277.925  
 186.25    278.059  
 0.0    278.192  
 183.0    278.325  
 0.0    278.459  
 179.75    278.592  
 0.0    278.726  
 176.5    278.859  
 0.0    278.993  
 173.25    279.126  
 0.0    279.259  
 170.0    279.393  
 0.0    279.526  
 166.75    279.66  
 0.0    279.793  
 163.5    279.927  
 0.0    280.06  
 160.25    280.194  
 0.0    280.327  
 157.0    280.46  
 0.0    280.594  
 153.75    280.727  
 0.0    280.861  
 150.5    280.994  
 0.0    281.128  
 147.25    281.261  
 0.0    281.394  
 144.0    281.528  
 0.0    281.661  
 140.75    281.795  
 0.0    281.928  
 137.5    282.061  
 0.0    282.195  
 134.25    282.328  
 0.0    282.462  
 131.0    282.595  
 0.0    282.729  
 127.75    282.862  
 0.0    282.996  
 124.5    283.129  
 0.0    283.262  
 121.25    283.396  
 0.0    283.529  
 118.0    283.663  
 0.0    283.796  
 114.75    283.929  
 0.0    284.063  
 111.5    284.196  
 0.0    284.33  
 108.25    284.463  
 0.0    284.597  
 105.0    284.73  
 0.0    284.864  
 101.75    284.997  
 0.0    285.13  
 98.5    285.264  
 0.0    285.397  
 95.25    285.531  
 0.0    285.664  
 92.0    285.797  
 0.0    285.931  
 88.75    286.064  
 0.0    286.198  
 85.5    286.331  
 0.0    286.465  
 82.25    286.598  
 0.0    286.732  
 79.0    286.865  
 0.0    286.998  
 75.75    287.132  
 0.0    287.265  
 72.5    287.399  
 0.0    287.532  
 69.25    287.666  
 0.0    287.799  
 66.0    287.932  
 0.0    288.066  
 62.75    288.2  
 0.0    288.333  
 59.5    288.466  
 0.0    288.6  
 56.25    288.733  
 0.0    288.866  
 53.0    289.0  
 0.0    289.133  
 49.75    289.267  
 0.0    289.4  
 46.5    289.534  
 0.0    289.667  
 43.25    289.801  
 0.0    289.934  
 40.0    290.067  
 0.0    290.201  
 36.75    290.335  
 0.0    290.468  
 33.5    290.601  
 0.0    290.734  
 30.25    290.868  
 0.0    291.001  
 27.0    291.135  
 0.0    291.268  
 23.75    291.402  
 0.0    291.535  
 20.5    291.668  
 0.0    291.802  
 17.25    291.935  
 0.0    292.069  
 14.0    292.202  
 0.0    292.336  
 10.75    292.469  
 0.0    292.603  
 7.5    292.736  
 0.0    292.869  
 4.25    293.003  
 0.0    293.145  
 352.0    293.286  
 0.0    293.42  
 348.75    293.553  
 0.0    293.687  
 345.5    293.82  
 0.0    293.953  
 342.25    294.087  
 0.0    294.22  
 339.0    294.354  
 0.0    294.487  
 335.75    294.621  
 0.0    294.754  
 332.5    294.887  
 0.0    295.021  
 329.25    295.154  
 0.0    295.288  
 326.0    295.421  
 0.0    295.555  
 322.75    295.688  
 0.0    295.821  
 319.5    295.955  
 0.0    296.088  
 316.25    296.222  
 0.0    296.355  
 313.0    296.489  
 0.0    296.622  
 309.75    296.755  
 0.0    296.889  
 306.5    297.022  
 0.0    297.156  
 303.25    297.289  
 0.0    297.423  
 300.0    297.556  
 0.0    297.689  
 296.75    297.823  
 0.0    297.956  
 293.5    298.09  
 0.0    298.223  
 290.25    298.357  
 0.0    298.49  
 287.0    298.624  
 0.0    298.757  
 283.75    298.89  
 0.0    299.024  
 280.5    299.157  
 0.0    299.291  
 277.25    299.424  
 0.0    299.557  
 274.0    299.691  
 0.0    299.824  
 270.75    299.958  
 0.0    300.091  
 267.5    300.225  
 0.0    300.358  
 264.25    300.491  
 0.0    300.625  
 261.0    300.758  
 0.0    300.892  
 257.75    301.025  
 0.0    301.159  
 254.5    301.292  
 0.0    301.425  
 251.25    301.559  
 0.0    301.692  
 248.0    301.826  
 0.0    301.959  
 244.75    302.093  
 0.0    302.226  
 241.5    302.359  
 0.0    302.493  
 238.25    302.627  
 0.0    302.76  
 235.0    302.893  
 0.0    303.027  
 231.75    303.16  
 0.0    303.294  
 228.5    303.427  
 0.0    303.56  
 225.25    303.694  
 0.0    303.827  
 222.0    303.961  
 0.0    304.094  
 218.75    304.228  
 0.0    304.361  
 215.5    304.494  
 0.0    304.628  
 212.25    304.761  
 0.0    304.895  
 209.0    305.028  
 0.0    305.162  
 205.75    305.295  
 0.0    305.428  
 202.5    305.562  
 0.0    305.695  
 199.25    305.829  
 0.0    305.962  
 196.0    306.096  
 0.0    306.229  
 192.75    306.362  
 0.0    306.496  
 189.5    306.629  
 0.0    306.763  
 186.25    306.896  
 0.0    307.03  
 183.0    307.163  
 0.0    307.296  
 179.75    307.43  
 0.0    307.563  
 176.5    307.697  
 0.0    307.83  
 173.25    307.964  
 0.0    308.097  
 170.0    308.23  
 0.0    308.364  
 166.75    308.497  
 0.0    308.631  
 163.5    308.764  
 0.0    308.898  
 160.25    309.031  
 0.0    309.164  
 157.0    309.298  
 0.0    309.431  
 153.75    309.565  
 0.0    309.699  
 150.5    309.832  
 0.0    309.965  
 147.25    310.098  
 0.0    310.232  
 144.0    310.365  
 0.0    310.499  
 140.75    310.633  
 0.0    310.766  
 137.5    310.899  
 0.0    311.032  
 134.25    311.166  
 0.0    311.299  
 131.0    311.433  
 0.0    311.566  
 127.75    311.7  
 0.0    311.833  
 124.5    311.966  
 0.0    312.1  
 121.25    312.234  
 0.0    312.367  
 118.0    312.5  
 0.0    312.634  
 114.75    312.767  
 0.0    312.9  
 111.5    313.034  
 0.0    313.167  
 108.25    313.301  
 0.0    313.434  
 105.0    313.568  
 0.0    313.701  
 101.75    313.835  
 0.0    313.968  
 98.5    314.102  
 0.0    314.235  
 95.25    314.368  
 0.0    314.502  
 92.0    314.635  
 0.0    314.769  
 88.75    314.902  
 0.0    315.035  
 85.5    315.169  
 0.0    315.302  
 82.25    315.436  
 0.0    315.569  
 79.0    315.703  
 0.0    315.836  
 75.75    315.969  
 0.0    316.103  
 72.5    316.236  
 0.0    316.37  
 69.25    316.503  
 0.0    316.636  
 66.0    316.77  
 0.0    316.903  
 62.75    317.037  
 0.0    317.171  
 59.5    317.304  
 0.0    317.437  
 56.25    317.571  
 0.0    317.704  
 53.0    317.837  
 0.0    317.971  
 49.75    318.104  
 0.0    318.238  
 46.5    318.371  
 0.0    318.505  
 43.25    318.638  
 0.0    318.772  
 40.0    318.905  
 0.0    319.038  
 36.75    319.172  
 0.0    319.305  
 33.5    319.439  
 0.0    319.572  
 30.25    319.705  
 0.0    319.839  
 27.0    319.972  
 0.0    320.106  
 23.75    320.24  
 0.0    320.373  
 20.5    320.506  
 0.0    320.639  
 17.25    320.773  
 0.0    320.906  
 14.0    321.04  
 0.0    321.173  
 10.75    321.307  
 0.0    321.44  
 7.5    321.573  
 0.0    321.707  
 4.25    321.84  
