 32.717    32.717  
 0.0    32.733  
 19.3846153846    32.874  
 0.0    33.017  
 19.5384615385    33.152  
 0.0    33.286  
 19.6923076923    33.42  
 0.0    33.554  
 19.8461538462    33.688  
 0.0    33.822  
 18.7692307692    33.956  
 0.0    34.089  
 18.9230769231    34.223  
 0.0    34.366  
 19.0769230769    34.501  
 0.0    34.636  
 19.2307692308    34.771  
 0.0    34.906  
 18.1538461538    35.039  
 0.0    35.185  
 18.3076923077    35.32  
 0.0    35.453  
 18.4615384615    35.587  
 0.0    35.721  
 18.6153846154    35.855  
 0.0    35.988  
 17.5384615385    36.122  
 0.0    36.256  
 17.6923076923    36.39  
 0.0    36.523  
 17.8461538462    36.657  
 0.0    36.791  
 18.0    36.925  
 0.0    37.068  
 16.9230769231    37.203  
 0.0    37.338  
 17.0769230769    37.472  
 0.0    37.606  
 17.2307692308    37.739  
 0.0    37.873  
 17.3846153846    38.007  
 0.0    38.141  
 16.3076923077    38.274  
 0.0    38.408  
 16.4615384615    38.542  
 0.0    38.676  
 16.6153846154    38.819  
 0.0    38.955  
 16.7692307692    39.089  
 0.0    39.223  
 15.6923076923    39.358  
 0.0    39.491  
 15.8461538462    39.625  
 0.0    39.759  
 16.0    39.893  
 0.0    40.026  
 16.1538461538    40.16  
 0.0    40.294  
 15.0769230769    40.437  
 0.0    40.572  
 15.2307692308    40.707  
 0.0    40.841  
 15.3846153846    40.974  
 0.0    41.108  
 15.5384615385    41.242  
 0.0    41.376  
 14.4615384615    41.51  
 0.0    41.643  
 14.6153846154    41.777  
 0.0    41.911  
 14.7692307692    42.044  
 0.0    42.178  
 14.9230769231    42.312  
 0.0    42.457  
 13.8461538462    42.592  
 0.0    42.725  
 14.0    42.859  
 0.0    42.992  
 14.1538461538    43.126  
 0.0    43.259  
 14.3076923077    43.393  
 0.0    43.527  
 13.2307692308    43.661  
 0.0    43.794  
 13.3846153846    43.928  
 0.0    44.062  
 13.5384615385    44.196  
 0.0    44.329  
 13.6923076923    44.463  
 0.0    44.597  
 12.6153846154    44.73  
 0.0    44.875  
 12.7692307692    45.01  
 0.0    45.143  
 12.9230769231    45.277  
 0.0    45.411  
 13.0769230769    45.544  
 0.0    45.678  
 12.0    45.812  
 0.0    45.946  
 12.1538461538    46.091  
 0.0    46.227  
 12.3076923077    46.361  
 0.0    46.495  
 12.4615384615    46.628  
 0.0    46.762  
 11.3846153846    46.895  
 0.0    47.029  
 11.5384615385    47.162  
 0.0    47.295  
 11.6923076923    47.429  
 0.0    47.563  
 11.8461538462    47.697  
 0.0    47.831  
 10.7692307692    47.964  
 0.0    48.098  
 10.9230769231    48.232  
 0.0    48.365  
 11.0769230769    48.499  
 0.0    48.633  
 11.2307692308    48.768  
 0.0    48.91  
 10.1538461538    49.045  
 0.0    49.179  
 10.3076923077    49.313  
 0.0    49.447  
 10.4615384615    49.58  
 0.0    49.714  
 10.6153846154    49.847  
 0.0    49.981  
 9.53846153846    50.114  
 0.0    50.248  
 9.69230769231    50.381  
 0.0    50.515  
 9.84615384615    50.649  
 0.0    50.783  
 10.0    50.916  
 0.0    51.05  
 8.92307692308    51.184  
 0.0    51.318  
 9.07692307692    51.452  
 0.0    51.585  
 9.23076923077    51.73  
 0.0    51.865  
 9.38461538462    52.003  
 0.0    52.147  
 8.30769230769    52.282  
 0.0    52.416  
 8.46153846154    52.549  
 0.0    52.683  
 8.61538461538    52.816  
 0.0    52.949  
 8.76923076923    53.083  
 0.0    53.218  
 7.69230769231    53.351  
 0.0    53.485  
 7.84615384615    53.619  
 0.0    53.753  
 8.0    53.887  
 0.0    54.03  
 8.15384615385    54.166  
 0.0    54.302  
 7.07692307692    54.436  
 0.0    54.57  
 7.23076923077    54.704  
 0.0    54.837  
 7.38461538462    54.971  
 0.0    55.115  
 7.53846153846    55.25  
 0.0    55.384  
 6.46153846154    55.518  
 0.0    55.651  
 6.61538461538    55.786  
 0.0    55.92  
 6.76923076923    56.053  
 0.0    56.187  
 6.92307692308    56.321  
 0.0    56.455  
 5.84615384615    56.588  
 0.0    56.722  
 6.0    56.856  
 0.0    56.999  
 6.15384615385    57.135  
 0.0    57.269  
 6.30769230769    57.416  
 0.0    57.552  
 5.23076923077    57.686  
 0.0    57.82  
 5.38461538462    57.955  
 0.0    58.089  
 5.53846153846    58.223  
 0.0    58.357  
 5.69230769231    58.5  
 0.0    58.636  
 4.61538461538    58.77  
 0.0    58.903  
 4.76923076923    59.037  
 0.0    59.17  
 4.92307692308    59.304  
 0.0    59.437  
 5.07692307692    59.571  
 0.0    59.705  
 4.0    59.839  
 0.0    59.972  
 4.15384615385    60.106  
 0.0    60.24  
 4.30769230769    60.373  
 0.0    60.507  
 4.46153846154    60.641  
 0.0    60.781  
 19.3846153846    60.919  
 0.0    61.054  
 19.5384615385    61.189  
 0.0    61.322  
 19.6923076923    61.456  
 0.0    61.59  
 19.8461538462    61.725  
 0.0    61.859  
 18.7692307692    61.993  
 0.0    62.138  
 18.9230769231    62.273  
 0.0    62.407  
 19.0769230769    62.541  
 0.0    62.675  
 19.2307692308    62.81  
 0.0    62.944  
 18.1538461538    63.089  
 0.0    63.223  
 18.3076923077    63.358  
 0.0    63.492  
 18.4615384615    63.626  
 0.0    63.76  
 18.6153846154    63.894  
 0.0    64.039  
 17.5384615385    64.174  
 0.0    64.308  
 17.6923076923    64.442  
 0.0    64.576  
 17.8461538462    64.71  
 0.0    64.844  
 18.0    64.979  
 0.0    65.122  
 16.9230769231    65.257  
 0.0    65.392  
 17.0769230769    65.526  
 0.0    65.66  
 17.2307692308    65.794  
 0.0    65.928  
 17.3846153846    66.062  
 0.0    66.206  
 16.3076923077    66.341  
 0.0    66.476  
 16.4615384615    66.61  
 0.0    66.744  
 16.6153846154    66.878  
 0.0    67.013  
 16.7692307692    67.147  
 0.0    67.292  
 15.6923076923    67.427  
 0.0    67.561  
 15.8461538462    67.695  
 0.0    67.829  
 16.0    67.963  
 0.0    68.097  
 16.1538461538    68.231  
 0.0    68.376  
 15.0769230769    68.511  
 0.0    68.644  
 15.2307692308    68.778  
 0.0    68.912  
 15.3846153846    69.046  
 0.0    69.18  
 15.5384615385    69.314  
 0.0    69.448  
 14.4615384615    69.582  
 0.0    69.725  
 14.6153846154    69.86  
 0.0    69.995  
 14.7692307692    70.129  
 0.0    70.263  
 14.9230769231    70.397  
 0.0    70.532  
 13.8461538462    70.666  
 0.0    70.811  
 14.0    70.946  
 0.0    71.08  
 14.1538461538    71.214  
 0.0    71.348  
 14.3076923077    71.482  
 0.0    71.616  
 13.2307692308    71.76  
 0.0    71.895  
 13.3846153846    72.03  
 0.0    72.164  
 13.5384615385    72.298  
 0.0    72.432  
 13.6923076923    72.566  
 0.0    72.7  
 12.6153846154    72.846  
 0.0    72.98  
 12.7692307692    73.114  
 0.0    73.248  
 12.9230769231    73.383  
 0.0    73.517  
 13.0769230769    73.651  
 0.0    73.785  
 12.0    73.928  
 0.0    74.064  
 12.1538461538    74.198  
 0.0    74.332  
 12.3076923077    74.466  
 0.0    74.6  
 12.4615384615    74.734  
 0.0    74.868  
 11.3846153846    75.002  
 0.0    75.146  
 11.5384615385    75.281  
 0.0    75.415  
 11.6923076923    75.55  
 0.0    75.684  
 11.8461538462    75.818  
 0.0    75.952  
 10.7692307692    76.086  
 0.0    76.22  
 10.9230769231    76.365  
 0.0    76.5  
 11.0769230769    76.633  
 0.0    76.767  
 11.2307692308    76.901  
 0.0    77.034  
 10.1538461538    77.168  
 0.0    77.302  
 10.3076923077    77.436  
 0.0    77.57  
 10.4615384615    77.703  
 0.0    77.837  
 10.6153846154    77.971  
 0.0    78.116  
 9.53846153846    78.251  
 0.0    78.384  
 9.69230769231    78.518  
 0.0    78.652  
 9.84615384615    78.786  
 0.0    78.919  
 10.0    79.053  
 0.0    79.187  
 8.92307692308    79.321  
 0.0    79.458  
 9.07692307692    79.599  
 0.0    79.734  
 9.23076923077    79.869  
 0.0    80.002  
 9.38461538462    80.136  
 0.0    80.269  
 8.30769230769    80.403  
 0.0    80.537  
 8.46153846154    80.671  
 0.0    80.805  
 8.61538461538    80.938  
 0.0    81.072  
 8.76923076923    81.206  
 0.0    81.34  
 7.69230769231    81.474  
 0.0    81.617  
 7.84615384615    81.752  
 0.0    81.887  
 8.0    82.02  
 0.0    82.154  
 8.15384615385    82.287  
 0.0    82.421  
 7.07692307692    82.555  
 0.0    82.689  
 7.23076923077    82.823  
 0.0    82.957  
 7.38461538462    83.091  
 0.0    83.236  
 7.53846153846    83.371  
 0.0    83.505  
 6.46153846154    83.639  
 0.0    83.773  
 6.61538461538    83.907  
 0.0    84.041  
 6.76923076923    84.175  
 0.0    84.309  
 6.92307692308    84.454  
 0.0    84.589  
 5.84615384615    84.723  
 0.0    84.857  
 6.0    84.992  
 0.0    85.126  
 6.15384615385    85.26  
 0.0    85.403  
 6.30769230769    85.539  
 0.0    85.673  
 5.23076923077    85.806  
 0.0    85.94  
 5.38461538462    86.074  
 0.0    86.208  
 5.53846153846    86.342  
 0.0    86.476  
 5.69230769231    86.61  
 0.0    86.743  
 4.61538461538    86.877  
 0.0    87.011  
 4.76923076923    87.145  
 0.0    87.288  
 4.92307692308    87.423  
 0.0    87.557  
 5.07692307692    87.692  
 0.0    87.826  
 4.0    87.96  
 0.0    88.094  
 4.15384615385    88.228  
 0.0    88.362  
 4.30769230769    88.507  
 0.0    88.642  
 4.46153846154    88.776  
 0.0    88.918  
 19.3846153846    89.057  
 0.0    89.192  
 19.5384615385    89.326  
 0.0    89.46  
 19.6923076923    89.594  
 0.0    89.729  
 19.8461538462    89.863  
 0.0    89.997  
 18.7692307692    90.141  
 0.0    90.276  
 18.9230769231    90.41  
 0.0    90.544  
 19.0769230769    90.679  
 0.0    90.814  
 19.2307692308    90.957  
 0.0    91.093  
 18.1538461538    91.227  
 0.0    91.361  
 18.3076923077    91.496  
 0.0    91.63  
 18.4615384615    91.764  
 0.0    91.898  
 18.6153846154    92.031  
 0.0    92.176  
 17.5384615385    92.311  
 0.0    92.445  
 17.6923076923    92.579  
 0.0    92.712  
 17.8461538462    92.846  
 0.0    92.98  
 18.0    93.114  
 0.0    93.248  
 16.9230769231    93.382  
 0.0    93.516  
 17.0769230769    93.649  
 0.0    93.794  
 17.2307692308    93.929  
 0.0    94.063  
 17.3846153846    94.196  
 0.0    94.33  
 16.3076923077    94.464  
 0.0    94.598  
 16.4615384615    94.732  
 0.0    94.866  
 16.6153846154    94.999  
 0.0    95.133  
 16.7692307692    95.278  
 0.0    95.413  
 15.6923076923    95.547  
 0.0    95.68  
 15.8461538462    95.814  
 0.0    95.948  
 16.0    96.092  
 0.0    96.229  
 16.1538461538    96.364  
 0.0    96.498  
 15.0769230769    96.632  
 0.0    96.765  
 15.2307692308    96.899  
 0.0    97.033  
 15.3846153846    97.167  
 0.0    97.301  
 15.5384615385    97.434  
 0.0    97.568  
 14.4615384615    97.702  
 0.0    97.845  
 14.6153846154    97.981  
 0.0    98.115  
 14.7692307692    98.249  
 0.0    98.383  
 14.9230769231    98.517  
 0.0    98.651  
 13.8461538462    98.785  
 0.0    98.919  
 14.0    99.052  
 0.0    99.186  
 14.1538461538    99.32  
 0.0    99.463  
 14.3076923077    99.599  
 0.0    99.733  
 13.2307692308    99.867  
 0.0    100.0  
 13.3846153846    100.134  
 0.0    100.268  
 13.5384615385    100.401  
 0.0    100.535  
 13.6923076923    100.669  
 0.0    100.803  
 12.6153846154    100.937  
 0.0    101.07  
 12.7692307692    101.204  
 0.0    101.338  
 12.9230769231    101.483  
 0.0    101.621  
 13.0769230769    101.755  
 0.0    101.888  
 12.0    102.032  
 0.0    102.167  
 12.1538461538    102.302  
 0.0    102.435  
 12.3076923077    102.569  
 0.0    102.702  
 12.4615384615    102.836  
 0.0    102.969  
 11.3846153846    103.103  
 0.0    103.237  
 11.5384615385    103.37  
 0.0    103.504  
 11.6923076923    103.638  
 0.0    103.772  
 11.8461538462    103.905  
 0.0    104.039  
 10.7692307692    104.173  
 0.0    104.307  
 10.9230769231    104.44  
 0.0    104.585  
 11.0769230769    104.72  
 0.0    104.854  
 11.2307692308    104.988  
 0.0    105.123  
 10.1538461538    105.256  
 0.0    105.39  
 10.3076923077    105.524  
 0.0    105.658  
 10.4615384615    105.791  
 0.0    105.935  
 10.6153846154    106.07  
 0.0    106.204  
 9.53846153846    106.338  
 0.0    106.471  
 9.69230769231    106.605  
 0.0    106.738  
 9.84615384615    106.872  
 0.0    107.005  
 10.0    107.139  
 0.0    107.273  
 8.92307692308    107.407  
 0.0    107.54  
 9.07692307692    107.674  
 0.0    107.808  
 9.23076923077    107.942  
 0.0    108.075  
 9.38461538462    108.209  
 0.0    108.343  
 8.30769230769    108.476  
 0.0    108.62  
 8.46153846154    108.755  
 0.0    108.89  
 8.61538461538    109.029  
 0.0    109.172  
 8.76923076923    109.307  
 0.0    109.44  
 7.69230769231    109.574  
 0.0    109.707  
 7.84615384615    109.841  
 0.0    109.974  
 8.0    110.108  
 0.0    110.242  
 8.15384615385    110.375  
 0.0    110.509  
 7.07692307692    110.644  
 0.0    110.778  
 7.23076923077    110.911  
 0.0    111.057  
 7.38461538462    111.191  
 0.0    111.325  
 7.53846153846    111.459  
 0.0    111.592  
 6.46153846154    111.726  
 0.0    111.86  
 6.61538461538    111.994  
 0.0    112.141  
 6.76923076923    112.275  
 0.0    112.409  
 6.92307692308    112.543  
 0.0    112.676  
 5.84615384615    112.81  
 0.0    112.944  
 6.0    113.077  
 0.0    113.211  
 6.15384615385    113.345  
 0.0    113.479  
 6.30769230769    113.612  
 0.0    113.746  
 5.23076923077    113.88  
 0.0    114.014  
 5.38461538462    114.159  
 0.0    114.294  
 5.53846153846    114.428  
 0.0    114.561  
 5.69230769231    114.695  
 0.0    114.83  
 4.61538461538    114.964  
 0.0    115.098  
 4.76923076923    115.231  
 0.0    115.376  
 4.92307692308    115.511  
 0.0    115.645  
 5.07692307692    115.778  
 0.0    115.912  
 4.0    116.046  
 0.0    116.179  
 4.15384615385    116.314  
 0.0    116.447  
 4.30769230769    116.582  
 0.0    116.716  
 4.46153846154    116.849  
 0.0    116.995  
 19.3846153846    117.129  
 0.0    117.263  
 19.5384615385    117.398  
 0.0    117.532  
 19.6923076923    117.666  
 0.0    117.8  
 19.8461538462    117.943  
 0.0    118.079  
 18.7692307692    118.213  
 0.0    118.348  
 18.9230769231    118.482  
 0.0    118.617  
 19.0769230769    118.751  
 0.0    118.896  
 19.2307692308    119.031  
 0.0    119.165  
 18.1538461538    119.299  
 0.0    119.433  
 18.3076923077    119.567  
 0.0    119.7  
 18.4615384615    119.835  
 0.0    119.978  
 18.6153846154    120.113  
 0.0    120.248  
 17.5384615385    120.382  
 0.0    120.517  
 17.6923076923    120.651  
 0.0    120.785  
 17.8461538462    120.919  
 0.0    121.062  
 18.0    121.198  
 0.0    121.332  
 16.9230769231    121.466  
 0.0    121.601  
 17.0769230769    121.735  
 0.0    121.869  
 17.2307692308    122.003  
 0.0    122.146  
 17.3846153846    122.282  
 0.0    122.416  
 16.3076923077    122.551  
 0.0    122.685  
 16.4615384615    122.819  
 0.0    122.953  
 16.6153846154    123.087  
 0.0    123.231  
 16.7692307692    123.366  
 0.0    123.5  
 15.6923076923    123.634  
 0.0    123.768  
 15.8461538462    123.902  
 0.0    124.036  
 16.0    124.17  
 0.0    124.304  
 16.1538461538    124.438  
 0.0    124.572  
 15.0769230769    124.715  
 0.0    124.85  
 15.2307692308    124.985  
 0.0    125.119  
 15.3846153846    125.253  
 0.0    125.387  
 15.5384615385    125.521  
 0.0    125.655  
 14.4615384615    125.789  
 0.0    125.934  
 14.6153846154    126.069  
 0.0    126.203  
 14.7692307692    126.337  
 0.0    126.472  
 14.9230769231    126.606  
 0.0    126.74  
 13.8461538462    126.885  
 0.0    127.019  
 14.0    127.153  
 0.0    127.287  
 14.1538461538    127.421  
 0.0    127.555  
 14.3076923077    127.69  
 0.0    127.823  
 13.2307692308    127.957  
 0.0    128.102  
 13.3846153846    128.237  
 0.0    128.371  
 13.5384615385    128.504  
 0.0    128.638  
 13.6923076923    128.772  
 0.0    128.906  
 12.6153846154    129.04  
 0.0    129.173  
 12.7692307692    129.308  
 0.0    129.442  
 12.9230769231    129.587  
 0.0    129.721  
 13.0769230769    129.855  
 0.0    129.989  
 12.0    130.123  
 0.0    130.257  
 12.1538461538    130.391  
 0.0    130.524  
 12.3076923077    130.658  
 0.0    130.792  
 12.4615384615    130.938  
 0.0    131.072  
 11.3846153846    131.206  
 0.0    131.34  
 11.5384615385    131.474  
 0.0    131.608  
 11.6923076923    131.742  
 0.0    131.876  
 11.8461538462    132.01  
 0.0    132.155  
 10.7692307692    132.29  
 0.0    132.424  
 10.9230769231    132.559  
 0.0    132.693  
 11.0769230769    132.827  
 0.0    132.961  
 11.2307692308    133.106  
 0.0    133.241  
 10.1538461538    133.374  
 0.0    133.509  
 10.3076923077    133.643  
 0.0    133.777  
 10.4615384615    133.911  
 0.0    134.045  
 10.6153846154    134.19  
 0.0    134.325  
 9.53846153846    134.458  
 0.0    134.593  
 9.69230769231    134.727  
 0.0    134.861  
 9.84615384615    134.995  
 0.0    135.129  
 10.0    135.273  
 0.0    135.408  
 8.92307692308    135.542  
 0.0    135.677  
 9.07692307692    135.811  
 0.0    135.945  
 9.23076923077    136.079  
 0.0    136.213  
 9.38461538462    136.358  
 0.0    136.493  
 8.30769230769    136.627  
 0.0    136.761  
 8.46153846154    136.896  
 0.0    137.03  
 8.61538461538    137.164  
 0.0    137.309  
 8.76923076923    137.444  
 0.0    137.578  
 7.69230769231    137.712  
 0.0    137.846  
 7.84615384615    137.981  
 0.0    138.115  
 8.0    138.26  
 0.0    138.394  
 8.15384615385    138.528  
 0.0    138.662  
 7.07692307692    138.796  
 0.0    138.93  
 7.23076923077    139.063  
 0.0    139.197  
 7.38461538462    139.331  
 0.0    139.465  
 7.53846153846    139.599  
 0.0    139.742  
 6.46153846154    139.879  
 0.0    140.012  
 6.61538461538    140.146  
 0.0    140.279  
 6.76923076923    140.413  
 0.0    140.547  
 6.92307692308    140.681  
 0.0    140.815  
 5.84615384615    140.949  
 0.0    141.083  
 6.0    141.217  
 0.0    141.36  
 6.15384615385    141.496  
 0.0    141.63  
 6.30769230769    141.763  
 0.0    141.897  
 5.23076923077    142.031  
 0.0    142.164  
 5.38461538462    142.298  
 0.0    142.432  
 5.53846153846    142.566  
 0.0    142.7  
 5.69230769231    142.834  
 0.0    142.967  
 4.61538461538    143.101  
 0.0    143.235  
 4.76923076923    143.378  
 0.0    143.514  
 4.92307692308    143.648  
 0.0    143.782  
 5.07692307692    143.916  
 0.0    144.051  
 4.0    144.185  
 0.0    144.319  
 4.15384615385    144.453  
 0.0    144.596  
 4.30769230769    144.731  
 0.0    144.866  
 4.46153846154    145.0  
 0.0    145.146  
 19.3846153846    145.282  
 0.0    145.416  
 19.5384615385    145.55  
 0.0    145.684  
 19.6923076923    145.818  
 0.0    145.952  
 19.8461538462    146.088  
 0.0    146.232  
 18.7692307692    146.367  
 0.0    146.501  
 18.9230769231    146.635  
 0.0    146.769  
 19.0769230769    146.903  
 0.0    147.037  
 19.2307692308    147.171  
 0.0    147.316  
 18.1538461538    147.451  
 0.0    147.585  
 18.3076923077    147.72  
 0.0    147.853  
 18.4615384615    147.988  
 0.0    148.122  
 18.6153846154    148.267  
 0.0    148.402  
 17.5384615385    148.536  
 0.0    148.67  
 17.6923076923    148.804  
 0.0    148.939  
 17.8461538462    149.073  
 0.0    149.216  
 18.0    149.351  
 0.0    149.486  
 16.9230769231    149.62  
 0.0    149.753  
 17.0769230769    149.887  
 0.0    150.021  
 17.2307692308    150.155  
 0.0    150.289  
 17.3846153846    150.423  
 0.0    150.557  
 16.3076923077    150.7  
 0.0    150.836  
 16.4615384615    150.97  
 0.0    151.105  
 16.6153846154    151.239  
 0.0    151.373  
 16.7692307692    151.507  
 0.0    151.641  
 15.6923076923    151.775  
 0.0    151.92  
 15.8461538462    152.054  
 0.0    152.188  
 16.0    152.322  
 0.0    152.455  
 16.1538461538    152.589  
 0.0    152.723  
 15.0769230769    152.858  
 0.0    152.991  
 15.2307692308    153.125  
 0.0    153.259  
 15.3846153846    153.402  
 0.0    153.538  
 15.5384615385    153.672  
 0.0    153.806  
 14.4615384615    153.94  
 0.0    154.074  
 14.6153846154    154.208  
 0.0    154.341  
 14.7692307692    154.475  
 0.0    154.609  
 14.9230769231    154.743  
 0.0    154.887  
 13.8461538462    155.022  
 0.0    155.157  
 14.0    155.29  
 0.0    155.424  
 14.1538461538    155.558  
 0.0    155.692  
 14.3076923077    155.826  
 0.0    155.96  
 13.2307692308    156.106  
 0.0    156.241  
 13.3846153846    156.375  
 0.0    156.508  
 13.5384615385    156.642  
 0.0    156.776  
 13.6923076923    156.91  
 0.0    157.044  
 12.6153846154    157.189  
 0.0    157.324  
 12.7692307692    157.458  
 0.0    157.592  
 12.9230769231    157.726  
 0.0    157.86  
 13.0769230769    157.994  
 0.0    158.128  
 12.0    158.262  
 0.0    158.395  
 12.1538461538    158.529  
 0.0    158.674  
 12.3076923077    158.809  
 0.0    158.943  
 12.4615384615    159.077  
 0.0    159.211  
 11.3846153846    159.345  
 0.0    159.479  
 11.5384615385    159.614  
 0.0    159.759  
 11.6923076923    159.893  
 0.0    160.028  
 11.8461538462    160.162  
 0.0    160.296  
 10.7692307692    160.43  
 0.0    160.564  
 10.9230769231    160.708  
 0.0    160.843  
 11.0769230769    160.977  
 0.0    161.111  
 11.2307692308    161.246  
 0.0    161.38  
 10.1538461538    161.514  
 0.0    161.648  
 10.3076923077    161.792  
 0.0    161.928  
 10.4615384615    162.062  
 0.0    162.196  
 10.6153846154    162.33  
 0.0    162.464  
 9.53846153846    162.598  
 0.0    162.731  
 9.69230769231    162.865  
 0.0    162.999  
 9.84615384615    163.144  
 0.0    163.279  
 10.0    163.413  
 0.0    163.547  
 8.92307692308    163.681  
 0.0    163.814  
 9.07692307692    163.948  
 0.0    164.082  
 9.23076923077    164.216  
 0.0    164.35  
 9.38461538462    164.484  
 0.0    164.627  
 8.30769230769    164.763  
 0.0    164.897  
 8.46153846154    165.03  
 0.0    165.165  
 8.61538461538    165.298  
 0.0    165.432  
 8.76923076923    165.566  
 0.0    165.7  
 7.69230769231    165.834  
 0.0    165.968  
 7.84615384615    166.102  
 0.0    166.247  
 8.0    166.386  
 0.0    166.529  
 8.15384615385    166.664  
 0.0    166.798  
 7.07692307692    166.932  
 0.0    167.065  
 7.23076923077    167.209  
 0.0    167.346  
 7.38461538462    167.481  
 0.0    167.616  
 7.53846153846    167.749  
 0.0    167.883  
 6.46153846154    168.017  
 0.0    168.151  
 6.61538461538    168.285  
 0.0    168.418  
 6.76923076923    168.552  
 0.0    168.686  
 6.92307692308    168.82  
 0.0    168.964  
 5.84615384615    169.099  
 0.0    169.234  
 6.0    169.368  
 0.0    169.502  
 6.15384615385    169.636  
 0.0    169.769  
 6.30769230769    169.903  
 0.0    170.037  
 5.23076923077    170.171  
 0.0    170.315  
 5.38461538462    170.453  
 0.0    170.587  
 5.53846153846    170.721  
 0.0    170.855  
 5.69230769231    170.998  
 0.0    171.133  
 4.61538461538    171.268  
 0.0    171.402  
 4.76923076923    171.536  
 0.0    171.67  
 4.92307692308    171.803  
 0.0    171.937  
 5.07692307692    172.071  
 0.0    172.205  
 4.0    172.339  
 0.0    172.473  
 4.15384615385    172.616  
 0.0    172.752  
 4.30769230769    172.886  
 0.0    173.019  
 4.46153846154    173.153  
 0.0    173.298  
 19.3846153846    173.435  
 0.0    173.57  
 19.5384615385    173.704  
 0.0    173.838  
 19.6923076923    173.972  
 0.0    174.106  
 19.8461538462    174.24  
 0.0    174.374  
 18.7692307692    174.508  
 0.0    174.653  
 18.9230769231    174.788  
 0.0    174.922  
 19.0769230769    175.056  
 0.0    175.189  
 19.2307692308    175.324  
 0.0    175.457  
 18.1538461538    175.592  
 0.0    175.735  
 18.3076923077    175.871  
 0.0    176.005  
 18.4615384615    176.14  
 0.0    176.273  
 18.6153846154    176.407  
 0.0    176.541  
 17.5384615385    176.675  
 0.0    176.809  
 17.6923076923    176.954  
 0.0    177.089  
 17.8461538462    177.223  
 0.0    177.357  
 18.0    177.491  
 0.0    177.625  
 16.9230769231    177.759  
 0.0    177.893  
 17.0769230769    178.027  
 0.0    178.17  
 17.2307692308    178.306  
 0.0    178.44  
 17.3846153846    178.574  
 0.0    178.707  
 16.3076923077    178.841  
 0.0    178.975  
 16.4615384615    179.109  
 0.0    179.25  
 16.6153846154    179.388  
 0.0    179.523  
 16.7692307692    179.658  
 0.0    179.792  
 15.6923076923    179.926  
 0.0    180.06  
 15.8461538462    180.194  
 0.0    180.328  
 16.0    180.462  
 0.0    180.607  
 16.1538461538    180.742  
 0.0    180.876  
 15.0769230769    181.011  
 0.0    181.145  
 15.2307692308    181.28  
 0.0    181.424  
 15.3846153846    181.559  
 0.0    181.693  
 15.5384615385    181.828  
 0.0    181.962  
 14.4615384615    182.097  
 0.0    182.24  
 14.6153846154    182.375  
 0.0    182.51  
 14.7692307692    182.644  
 0.0    182.779  
 14.9230769231    182.913  
 0.0    183.048  
 13.8461538462    183.191  
 0.0    183.326  
 14.0    183.46  
 0.0    183.594  
 14.1538461538    183.729  
 0.0    183.863  
 14.3076923077    183.998  
 0.0    184.132  
 13.2307692308    184.275  
 0.0    184.41  
 13.3846153846    184.545  
 0.0    184.679  
 13.5384615385    184.813  
 0.0    184.947  
 13.6923076923    185.081  
 0.0    185.215  
 12.6153846154    185.349  
 0.0    185.492  
 12.7692307692    185.628  
 0.0    185.762  
 12.9230769231    185.896  
 0.0    186.03  
 13.0769230769    186.164  
 0.0    186.298  
 12.0    186.432  
 0.0    186.566  
 12.1538461538    186.7  
 0.0    186.843  
 12.3076923077    186.979  
 0.0    187.113  
 12.4615384615    187.247  
 0.0    187.381  
 11.3846153846    187.515  
 0.0    187.649  
 11.5384615385    187.783  
 0.0    187.916  
 11.6923076923    188.051  
 0.0    188.194  
 11.8461538462    188.33  
 0.0    188.464  
 10.7692307692    188.597  
 0.0    188.731  
 10.9230769231    188.865  
 0.0    188.999  
 11.0769230769    189.133  
 0.0    189.267  
 11.2307692308    189.401  
 0.0    189.535  
 10.1538461538    189.679  
 0.0    189.814  
 10.3076923077    189.948  
 0.0    190.082  
 10.4615384615    190.216  
 0.0    190.35  
 10.6153846154    190.484  
 0.0    190.619  
 9.53846153846    190.753  
 0.0    190.896  
 9.69230769231    191.031  
 0.0    191.166  
 9.84615384615    191.3  
 0.0    191.434  
 10.0    191.568  
 0.0    191.702  
 8.92307692308    191.836  
 0.0    191.97  
 9.07692307692    192.104  
 0.0    192.247  
 9.23076923077    192.383  
 0.0    192.517  
 9.38461538462    192.651  
 0.0    192.785  
 8.30769230769    192.919  
 0.0    193.053  
 8.46153846154    193.187  
 0.0    193.321  
 8.61538461538    193.455  
 0.0    193.598  
 8.76923076923    193.734  
 0.0    193.868  
 7.69230769231    194.002  
 0.0    194.136  
 7.84615384615    194.269  
 0.0    194.403  
 8.0    194.537  
 0.0    194.671  
 8.15384615385    194.805  
 0.0    194.939  
 7.07692307692    195.083  
 0.0    195.218  
 7.23076923077    195.352  
 0.0    195.486  
 7.38461538462    195.62  
 0.0    195.754  
 7.53846153846    195.888  
 0.0    196.022  
 6.46153846154    196.156  
 0.0    196.29  
 6.61538461538    196.434  
 0.0    196.569  
 6.76923076923    196.703  
 0.0    196.838  
 6.92307692308    196.972  
 0.0    197.105  
 5.84615384615    197.239  
 0.0    197.373  
 6.0    197.507  
 0.0    197.651  
 6.15384615385    197.786  
 0.0    197.921  
 6.30769230769    198.055  
 0.0    198.189  
 5.23076923077    198.323  
 0.0    198.456  
 5.38461538462    198.591  
 0.0    198.724  
 5.53846153846    198.858  
 0.0    199.002  
 5.69230769231    199.137  
 0.0    199.272  
 4.61538461538    199.406  
 0.0    199.54  
 4.76923076923    199.675  
 0.0    199.809  
 4.92307692308    199.942  
 0.0    200.076  
 5.07692307692    200.221  
 0.0    200.356  
 4.0    200.489  
 0.0    200.623  
 4.15384615385    200.757  
 0.0    200.891  
 4.30769230769    201.025  
 0.0    201.159  
 4.46153846154    201.293  
 0.0    201.439  
 19.3846153846    201.574  
 0.0    201.708  
 19.5384615385    201.842  
 0.0    201.976  
 19.6923076923    202.11  
 0.0    202.244  
 19.8461538462    202.388  
 0.0    202.523  
 18.7692307692    202.658  
 0.0    202.792  
 18.9230769231    202.926  
 0.0    203.06  
 19.0769230769    203.194  
 0.0    203.328  
 19.2307692308    203.462  
 0.0    203.605  
 18.1538461538    203.741  
 0.0    203.875  
 18.3076923077    204.009  
 0.0    204.143  
 18.4615384615    204.277  
 0.0    204.411  
 18.6153846154    204.545  
 0.0    204.679  
 17.5384615385    204.813  
 0.0    204.958  
 17.6923076923    205.093  
 0.0    205.227  
 17.8461538462    205.361  
 0.0    205.495  
 18.0    205.63  
 0.0    205.764  
 16.9230769231    205.907  
 0.0    206.043  
 17.0769230769    206.177  
 0.0    206.311  
 17.2307692308    206.445  
 0.0    206.579  
 17.3846153846    206.713  
 0.0    206.847  
 16.3076923077    206.981  
 0.0    207.125  
 16.4615384615    207.26  
 0.0    207.394  
 16.6153846154    207.529  
 0.0    207.663  
 16.7692307692    207.798  
 0.0    207.932  
 15.6923076923    208.075  
 0.0    208.211  
 15.8461538462    208.345  
 0.0    208.48  
 16.0    208.614  
 0.0    208.748  
 16.1538461538    208.882  
 0.0    209.028  
 15.0769230769    209.162  
 0.0    209.297  
 15.2307692308    209.431  
 0.0    209.565  
 15.3846153846    209.699  
 0.0    209.833  
 15.5384615385    209.967  
 0.0    210.11  
 14.4615384615    210.245  
 0.0    210.38  
 14.6153846154    210.514  
 0.0    210.648  
 14.7692307692    210.782  
 0.0    210.916  
 14.9230769231    211.05  
 0.0    211.184  
 13.8461538462    211.328  
 0.0    211.463  
 14.0    211.597  
 0.0    211.732  
 14.1538461538    211.866  
 0.0    212.0  
 14.3076923077    212.134  
 0.0    212.268  
 13.2307692308    212.402  
 0.0    212.547  
 13.3846153846    212.682  
 0.0    212.816  
 13.5384615385    212.95  
 0.0    213.085  
 13.6923076923    213.219  
 0.0    213.363  
 12.6153846154    213.498  
 0.0    213.632  
 12.7692307692    213.767  
 0.0    213.902  
 12.9230769231    214.036  
 0.0    214.17  
 13.0769230769    214.313  
 0.0    214.449  
 12.0    214.583  
 0.0    214.718  
 12.1538461538    214.852  
 0.0    214.986  
 12.3076923077    215.121  
 0.0    215.265  
 12.4615384615    215.4  
 0.0    215.534  
 11.3846153846    215.669  
 0.0    215.803  
 11.5384615385    215.937  
 0.0    216.071  
 11.6923076923    216.215  
 0.0    216.35  
 11.8461538462    216.484  
 0.0    216.619  
 10.7692307692    216.753  
 0.0    216.887  
 10.9230769231    217.021  
 0.0    217.155  
 11.0769230769    217.3  
 0.0    217.435  
 11.2307692308    217.569  
 0.0    217.703  
 10.1538461538    217.837  
 0.0    217.971  
 10.3076923077    218.105  
 0.0    218.239  
 10.4615384615    218.384  
 0.0    218.519  
 10.6153846154    218.653  
 0.0    218.788  
 9.53846153846    218.922  
 0.0    219.056  
 9.69230769231    219.202  
 0.0    219.336  
 9.84615384615    219.471  
 0.0    219.605  
 10.0    219.739  
 0.0    219.874  
 8.92307692308    220.008  
 0.0    220.151  
 9.07692307692    220.286  
 0.0    220.421  
 9.23076923077    220.555  
 0.0    220.689  
 9.38461538462    220.824  
 0.0    220.958  
 8.30769230769    221.101  
 0.0    221.237  
 8.46153846154    221.371  
 0.0    221.506  
 8.61538461538    221.64  
 0.0    221.775  
 8.76923076923    221.909  
 0.0    222.052  
 7.69230769231    222.188  
 0.0    222.322  
 7.84615384615    222.457  
 0.0    222.591  
 8.0    222.725  
 0.0    222.86  
 8.15384615385    223.003  
 0.0    223.139  
 7.07692307692    223.273  
 0.0    223.407  
 7.23076923077    223.542  
 0.0    223.676  
 7.38461538462    223.81  
 0.0    223.954  
 7.53846153846    224.089  
 0.0    224.223  
 6.46153846154    224.358  
 0.0    224.492  
 6.61538461538    224.627  
 0.0    224.761  
 6.76923076923    224.906  
 0.0    225.041  
 6.92307692308    225.174  
 0.0    225.309  
 5.84615384615    225.443  
 0.0    225.577  
 6.0    225.711  
 0.0    225.845  
 6.15384615385    225.988  
 0.0    226.124  
 6.30769230769    226.258  
 0.0    226.393  
 5.23076923077    226.527  
 0.0    226.661  
 5.38461538462    226.796  
 0.0    226.939  
 5.53846153846    227.075  
 0.0    227.209  
 5.69230769231    227.343  
 0.0    227.478  
 4.61538461538    227.612  
 0.0    227.746  
 4.76923076923    227.891  
 0.0    228.026  
 4.92307692308    228.16  
 0.0    228.294  
 5.07692307692    228.428  
 0.0    228.563  
 4.0    228.697  
 0.0    228.842  
 4.15384615385    228.976  
 0.0    229.11  
 4.30769230769    229.245  
 0.0    229.379  
 4.46153846154    229.513  
 0.0    229.661  
 19.3846153846    229.795  
 0.0    229.929  
 19.5384615385    230.063  
 0.0    230.197  
 19.6923076923    230.332  
 0.0    230.476  
 19.8461538462    230.612  
 0.0    230.746  
 18.7692307692    230.88  
 0.0    231.014  
 18.9230769231    231.149  
 0.0    231.292  
 19.0769230769    231.428  
 0.0    231.562  
 19.2307692308    231.697  
 0.0    231.831  
 18.1538461538    231.966  
 0.0    232.1  
 18.3076923077    232.244  
 0.0    232.379  
 18.4615384615    232.514  
 0.0    232.648  
 18.6153846154    232.782  
 0.0    232.917  
 17.5384615385    233.062  
 0.0    233.197  
 17.6923076923    233.332  
 0.0    233.466  
 17.8461538462    233.601  
 0.0    233.744  
 18.0    233.88  
 0.0    234.014  
 16.9230769231    234.148  
 0.0    234.282  
 17.0769230769    234.416  
 0.0    234.551  
 17.2307692308    234.685  
 0.0    234.828  
 17.3846153846    234.963  
 0.0    235.098  
 16.3076923077    235.232  
 0.0    235.366  
 16.4615384615    235.501  
 0.0    235.635  
 16.6153846154    235.769  
 0.0    235.912  
 16.7692307692    236.048  
 0.0    236.182  
 15.6923076923    236.316  
 0.0    236.45  
 15.8461538462    236.585  
 0.0    236.719  
 16.0    236.853  
 0.0    236.996  
 16.1538461538    237.132  
 0.0    237.266  
 15.0769230769    237.401  
 0.0    237.535  
 15.2307692308    237.669  
 0.0    237.803  
 15.3846153846    237.949  
 0.0    238.083  
 15.5384615385    238.218  
 0.0    238.352  
 14.4615384615    238.486  
 0.0    238.62  
 14.6153846154    238.754  
 0.0    238.888  
 14.7692307692    239.033  
 0.0    239.167  
 14.9230769231    239.301  
 0.0    239.436  
 13.8461538462    239.57  
 0.0    239.704  
 14.0    239.838  
 0.0    239.982  
 14.1538461538    240.117  
 0.0    240.251  
 14.3076923077    240.386  
 0.0    240.52  
 13.2307692308    240.654  
 0.0    240.788  
 13.3846153846    240.923  
 0.0    241.066  
 13.5384615385    241.201  
 0.0    241.336  
 13.6923076923    241.47  
 0.0    241.604  
 12.6153846154    241.738  
 0.0    241.872  
 12.7692307692    242.006  
 0.0    242.152  
 12.9230769231    242.287  
 0.0    242.421  
 13.0769230769    242.555  
 0.0    242.691  
 12.0    242.834  
 0.0    242.969  
 12.1538461538    243.104  
 0.0    243.238  
 12.3076923077    243.373  
 0.0    243.507  
 12.4615384615    243.641  
 0.0    243.785  
 11.3846153846    243.92  
 0.0    244.054  
 11.5384615385    244.189  
 0.0    244.323  
 11.6923076923    244.458  
 0.0    244.592  
 11.8461538462    244.735  
 0.0    244.87  
 10.7692307692    245.005  
 0.0    245.14  
 10.9230769231    245.274  
 0.0    245.408  
 11.0769230769    245.543  
 0.0    245.686  
 11.2307692308    245.822  
 0.0    245.956  
 10.1538461538    246.09  
 0.0    246.225  
 10.3076923077    246.359  
 0.0    246.493  
 10.4615384615    246.638  
 0.0    246.773  
 10.6153846154    246.907  
 0.0    247.041  
 9.53846153846    247.176  
 0.0    247.31  
 9.69230769231    247.444  
 0.0    247.587  
 9.84615384615    247.723  
 0.0    247.857  
 10.0    247.992  
 0.0    248.126  
 8.92307692308    248.26  
 0.0    248.395  
 9.07692307692    248.54  
 0.0    248.674  
 9.23076923077    248.809  
 0.0    248.943  
 9.38461538462    249.077  
 0.0    249.212  
 8.30769230769    249.355  
 0.0    249.491  
 8.46153846154    249.625  
 0.0    249.76  
 8.61538461538    249.894  
 0.0    250.028  
 8.76923076923    250.163  
 0.0    250.306  
 7.69230769231    250.441  
 0.0    250.577  
 7.84615384615    250.711  
 0.0    250.845  
 8.0    250.98  
 0.0    251.114  
 8.15384615385    251.258  
 0.0    251.393  
 7.07692307692    251.527  
 0.0    251.661  
 7.23076923077    251.795  
 0.0    251.93  
 7.38461538462    252.064  
 0.0    252.209  
 7.53846153846    252.344  
 0.0    252.478  
 6.46153846154    252.612  
 0.0    252.746  
 6.61538461538    252.88  
 0.0    253.014  
 6.76923076923    253.148  
 0.0    253.291  
 6.92307692308    253.427  
 0.0    253.561  
 5.84615384615    253.695  
 0.0    253.829  
 6.0    253.963  
 0.0    254.097  
 6.15384615385    254.231  
 0.0    254.365  
 6.30769230769    254.51  
 0.0    254.645  
 5.23076923077    254.779  
 0.0    254.913  
 5.38461538462    255.047  
 0.0    255.181  
 5.53846153846    255.315  
 0.0    255.451  
 5.69230769231    255.593  
 0.0    255.729  
 4.61538461538    255.863  
 0.0    255.997  
 4.76923076923    256.132  
 0.0    256.266  
 4.92307692308    256.401  
 0.0    256.545  
 5.07692307692    256.68  
 0.0    256.814  
 4.0    256.948  
 0.0    257.082  
 4.15384615385    257.216  
 0.0    257.35  
 4.30769230769    257.485  
 0.0    257.628  
 4.46153846154    257.763  
 0.0    257.912  
 19.3846153846    258.048  
 0.0    258.182  
 19.5384615385    258.317  
 0.0    258.452  
 19.6923076923    258.595  
 0.0    258.73  
 19.8461538462    258.865  
 0.0    258.999  
 18.7692307692    259.134  
 0.0    259.268  
 18.9230769231    259.402  
 0.0    259.536  
 19.0769230769    259.679  
 0.0    259.815  
 19.2307692308    259.949  
 0.0    260.083  
 18.1538461538    260.218  
 0.0    260.352  
 18.3076923077    260.487  
 0.0    260.632  
 18.4615384615    260.767  
 0.0    260.902  
 18.6153846154    261.036  
 0.0    261.17  
 17.5384615385    261.304  
 0.0    261.447  
 17.6923076923    261.583  
 0.0    261.717  
 17.8461538462    261.851  
 0.0    261.986  
 18.0    262.12  
 0.0    262.254  
 16.9230769231    262.388  
 0.0    262.533  
 17.0769230769    262.668  
 0.0    262.802  
 17.2307692308    262.936  
 0.0    263.071  
 17.3846153846    263.205  
 0.0    263.349  
 16.3076923077    263.485  
 0.0    263.619  
 16.4615384615    263.753  
 0.0    263.888  
 16.6153846154    264.023  
 0.0    264.168  
 16.7692307692    264.302  
 0.0    264.437  
 15.6923076923    264.571  
 0.0    264.705  
 15.8461538462    264.84  
 0.0    264.985  
 16.0    265.12  
 0.0    265.254  
 16.1538461538    265.388  
 0.0    265.522  
 15.0769230769    265.657  
 0.0    265.791  
 15.2307692308    265.934  
 0.0    266.069  
 15.3846153846    266.204  
 0.0    266.338  
 15.5384615385    266.472  
 0.0    266.606  
 14.4615384615    266.741  
 0.0    266.875  
 14.6153846154    267.018  
 0.0    267.153  
 14.7692307692    267.288  
 0.0    267.422  
 14.9230769231    267.557  
 0.0    267.691  
 13.8461538462    267.825  
 0.0    267.969  
 14.0    268.104  
 0.0    268.239  
 14.1538461538    268.373  
 0.0    268.507  
 14.3076923077    268.641  
 0.0    268.775  
 13.2307692308    268.91  
 0.0    269.053  
 13.3846153846    269.188  
 0.0    269.322  
 13.5384615385    269.456  
 0.0    269.59  
 13.6923076923    269.725  
 0.0    269.859  
 12.6153846154    269.993  
 0.0    270.127  
 12.7692307692    270.27  
 0.0    270.406  
 12.9230769231    270.54  
 0.0    270.674  
 13.0769230769    270.809  
 0.0    270.943  
 12.0    271.078  
 0.0    271.221  
 12.1538461538    271.357  
 0.0    271.491  
 12.3076923077    271.625  
 0.0    271.759  
 12.4615384615    271.893  
 0.0    272.027  
 11.3846153846    272.161  
 0.0    272.295  
 11.5384615385    272.44  
 0.0    272.575  
 11.6923076923    272.709  
 0.0    272.844  
 11.8461538462    272.978  
 0.0    273.112  
 10.7692307692    273.246  
 0.0    273.389  
 10.9230769231    273.525  
 0.0    273.659  
 11.0769230769    273.794  
 0.0    273.929  
 11.2307692308    274.063  
 0.0    274.207  
 10.1538461538    274.343  
 0.0    274.477  
 10.3076923077    274.612  
 0.0    274.747  
 10.4615384615    274.891  
 0.0    275.026  
 10.6153846154    275.16  
 0.0    275.294  
 9.53846153846    275.428  
 0.0    275.562  
 9.69230769231    275.697  
 0.0    275.831  
 9.84615384615    275.965  
 0.0    276.108  
 10.0    276.244  
 0.0    276.378  
 8.92307692308    276.512  
 0.0    276.646  
 9.07692307692    276.78  
 0.0    276.914  
 9.23076923077    277.049  
 0.0    277.192  
 9.38461538462    277.328  
 0.0    277.462  
 8.30769230769    277.596  
 0.0    277.731  
 8.46153846154    277.865  
 0.0    277.999  
 8.61538461538    278.133  
 0.0    278.276  
 8.76923076923    278.411  
 0.0    278.546  
 7.69230769231    278.68  
 0.0    278.814  
 7.84615384615    278.948  
 0.0    279.082  
 8.0    279.217  
 0.0    279.351  
 8.15384615385    279.494  
 0.0    279.629  
 7.07692307692    279.764  
 0.0    279.898  
 7.23076923077    280.032  
 0.0    280.166  
 7.38461538462    280.3  
 0.0    280.434  
 7.53846153846    280.578  
 0.0    280.714  
 6.46153846154    280.848  
 0.0    280.982  
 6.61538461538    281.117  
 0.0    281.252  
 6.76923076923    281.397  
 0.0    281.532  
 6.92307692308    281.666  
 0.0    281.801  
 5.84615384615    281.935  
 0.0    282.079  
 6.0    282.215  
 0.0    282.349  
 6.15384615385    282.484  
 0.0    282.618  
 6.30769230769    282.753  
 0.0    282.898  
 5.23076923077    283.033  
 0.0    283.167  
 5.38461538462    283.302  
 0.0    283.436  
 5.53846153846    283.57  
 0.0    283.714  
 5.69230769231    283.849  
 0.0    283.984  
 4.61538461538    284.118  
 0.0    284.253  
 4.76923076923    284.387  
 0.0    284.531  
 4.92307692308    284.666  
 0.0    284.801  
 5.07692307692    284.935  
 0.0    285.07  
 4.0    285.204  
 0.0    285.35  
 4.15384615385    285.484  
 0.0    285.619  
 4.30769230769    285.753  
 0.0    285.888  
 4.46153846154    286.022  
 0.0    286.176  
 19.3846153846    286.317  
 0.0    286.451  
 19.5384615385    286.586  
 0.0    286.721  
 19.6923076923    286.856  
 0.0    286.99  
 19.8461538462    287.134  
 0.0    287.269  
 18.7692307692    287.404  
 0.0    287.538  
 18.9230769231    287.673  
 0.0    287.818  
 19.0769230769    287.954  
 0.0    288.088  
 19.2307692308    288.222  
 0.0    288.357  
 18.1538461538    288.5  
 0.0    288.636  
 18.3076923077    288.77  
 0.0    288.904  
 18.4615384615    289.039  
 0.0    289.173  
 18.6153846154    289.307  
 0.0    289.441  
 17.5384615385    289.584  
 0.0    289.72  
 17.6923076923    289.854  
 0.0    289.988  
 17.8461538462    290.123  
 0.0    290.257  
 18.0    290.392  
 0.0    290.537  
 16.9230769231    290.672  
 0.0    290.806  
 17.0769230769    290.94  
 0.0    291.074  
 17.2307692308    291.209  
 0.0    291.343  
 17.3846153846    291.487  
 0.0    291.622  
 16.3076923077    291.757  
 0.0    291.891  
 16.4615384615    292.025  
 0.0    292.16  
 16.6153846154    292.303  
 0.0    292.438  
 16.7692307692    292.573  
 0.0    292.707  
 15.6923076923    292.841  
 0.0    292.975  
 15.8461538462    293.11  
 0.0    293.244  
 16.0    293.387  
 0.0    293.523  
 16.1538461538    293.657  
 0.0    293.791  
 15.0769230769    293.926  
 0.0    294.06  
 15.2307692308    294.194  
 0.0    294.339  
 15.3846153846    294.474  
 0.0    294.608  
 15.5384615385    294.743  
 0.0    294.888  
 14.4615384615    295.025  
 0.0    295.159  
 14.6153846154    295.293  
 0.0    295.428  
 14.7692307692    295.562  
 0.0    295.706  
 14.9230769231    295.841  
 0.0    295.976  
 13.8461538462    296.11  
 0.0    296.244  
 14.0    296.379  
 0.0    296.513  
 14.1538461538    296.658  
 0.0    296.793  
 14.3076923077    296.927  
 0.0    297.061  
 13.2307692308    297.195  
 0.0    297.329  
 13.3846153846    297.464  
 0.0    297.609  
 13.5384615385    297.743  
 0.0    297.878  
 13.6923076923    298.012  
 0.0    298.147  
 12.6153846154    298.281  
 0.0    298.424  
 12.7692307692    298.56  
 0.0    298.694  
 12.9230769231    298.829  
 0.0    298.963  
 13.0769230769    299.098  
 0.0    299.241  
 12.0    299.377  
 0.0    299.512  
 12.1538461538    299.646  
 0.0    299.781  
 12.3076923077    299.916  
 0.0    300.06  
 12.4615384615    300.195  
 0.0    300.329  
 11.3846153846    300.464  
 0.0    300.598  
 11.5384615385    300.732  
 0.0    300.866  
 11.6923076923    301.009  
 0.0    301.145  
 11.8461538462    301.279  
 0.0    301.414  
 10.7692307692    301.549  
 0.0    301.683  
 10.9230769231    301.828  
 0.0    301.963  
 11.0769230769    302.097  
 0.0    302.232  
 11.2307692308    302.366  
 0.0    302.501  
 10.1538461538    302.645  
 0.0    302.78  
 10.3076923077    302.914  
 0.0    303.05  
 10.4615384615    303.184  
 0.0    303.318  
 10.6153846154    303.463  
 0.0    303.597  
 9.53846153846    303.732  
 0.0    303.866  
 9.69230769231    304.0  
 0.0    304.134  
 9.84615384615    304.269  
 0.0    304.412  
 10.0    304.547  
 0.0    304.681  
 8.92307692308    304.816  
 0.0    304.95  
 9.07692307692    305.085  
 0.0    305.219  
 9.23076923077    305.353  
 0.0    305.497  
 9.38461538462    305.632  
 0.0    305.767  
 8.30769230769    305.901  
 0.0    306.035  
 8.46153846154    306.169  
 0.0    306.304  
 8.61538461538    306.447  
 0.0    306.582  
 8.76923076923    306.716  
 0.0    306.851  
 7.69230769231    306.985  
 0.0    307.119  
 7.84615384615    307.254  
 0.0    307.388  
 8.0    307.531  
 0.0    307.666  
 8.15384615385    307.801  
 0.0    307.935  
 7.07692307692    308.069  
 0.0    308.204  
 7.23076923077    308.338  
 0.0    308.481  
 7.38461538462    308.617  
 0.0    308.751  
 7.53846153846    308.886  
 0.0    309.02  
 6.46153846154    309.154  
 0.0    309.288  
 6.61538461538    309.423  
 0.0    309.566  
 6.76923076923    309.701  
 0.0    309.836  
 6.92307692308    309.97  
 0.0    310.104  
 5.84615384615    310.239  
 0.0    310.373  
 6.0    310.518  
 0.0    310.653  
 6.15384615385    310.787  
 0.0    310.922  
 6.30769230769    311.056  
 0.0    311.2  
 5.23076923077    311.336  
 0.0    311.47  
 5.38461538462    311.605  
 0.0    311.739  
 5.53846153846    311.874  
 0.0    312.019  
 5.69230769231    312.154  
 0.0    312.288  
 4.61538461538    312.423  
 0.0    312.557  
 4.76923076923    312.692  
 0.0    312.836  
 4.92307692308    312.971  
 0.0    313.106  
 5.07692307692    313.24  
 0.0    313.375  
 4.0    313.52  
 0.0    313.655  
 4.15384615385    313.79  
 0.0    313.924  
 4.30769230769    314.059  
 0.0    314.193  
 4.46153846154    314.337  
