 [9.6923076923076881, 10.923076923076918, 13.999999999999993, 15.538461538461531]  
 [51.618, 53.802, 59.237, 61.958]  
 [52.166, 54.34, 59.776, 62.495]  
 [6.3076923076923066, 12.61538461538461, 13.538461538461533, 14.615384615384608]  
 [73.95, 85.111, 86.744, 88.648]  
 [70.4, 74.489, 87.291, 89.465]  
 [8.7692307692307665, 10.615384615384611, 18.923076923076913, 19.692307692307679]  
 [106.64, 109.909, 124.623, 125.989]  
 []  
 [7.2307692307692291, 9.3846153846153815, 14.153846153846148, 15.846153846153838]  
 [132.26, 136.076, 144.506, 147.518]  
 [127.222, 132.798, 136.615, 145.055, 148.059]  
 [11.230769230769226, 17.538461538461529, 17.692307692307683, 18.153846153846146]  
 [167.723, 178.914, 179.193, 180.008]  
 []  
 [9.6923076923076881, 13.84615384615384, 16.307692307692299, 18.615384615384606]  
 [193.388, 200.746, 205.13, 209.235]  
 [193.791, 201.295]  
 [5.5384615384615374, 6.1538461538461524, 9.6923076923076881, 14.153846153846148]  
 [214.439, 215.535, 221.811, 229.734]  
 [212.255]  
 [10.615384615384611, 13.999999999999993, 15.230769230769223, 17.230769230769219]  
 [251.897, 257.918, 260.107, 263.671]  
 [252.435, 258.466, 260.656]  
 [6.6153846153846141, 6.9230769230769216, 8.6153846153846132, 15.230769230769223]  
 [273.264, 273.813, 276.833, 288.609]  
 [273.813, 274.36, 276.419, 289.159]  
 [7.9999999999999973, 12.307692307692303, 13.999999999999993, 19.230769230769219]  
 [304.257, 311.941, 314.958, 324.265]  
 [297.679, 304.806, 312.492, 315.498, 324.815]  
