 41.41    41.41  
 0.0    41.427  
 4.0    41.562  
 0.0    41.696  
 4.15384615385    41.831  
 0.0    41.965  
 4.30769230769    42.099  
 0.0    42.243  
 4.46153846154    42.378  
 0.0    42.512  
 4.61538461538    42.646  
 0.0    42.781  
 4.76923076923    42.915  
 0.0    43.049  
 4.92307692308    43.184  
 0.0    43.328  
 5.07692307692    43.463  
 0.0    43.598  
 5.23076923077    43.732  
 0.0    43.867  
 5.38461538462    44.001  
 0.0    44.146  
 5.53846153846    44.28  
 0.0    44.415  
 5.69230769231    44.549  
 0.0    44.683  
 5.84615384615    44.817  
 0.0    44.952  
 6.0    45.095  
 0.0    45.23  
 6.15384615385    45.364  
 0.0    45.499  
 6.30769230769    45.633  
 0.0    45.767  
 6.46153846154    45.902  
 0.0    46.047  
 6.61538461538    46.181  
 0.0    46.315  
 6.76923076923    46.45  
 0.0    46.584  
 6.92307692308    46.718  
 0.0    46.853  
 7.07692307692    46.998  
 0.0    47.132  
 7.23076923077    47.267  
 0.0    47.401  
 7.38461538462    47.535  
 0.0    47.67  
 7.53846153846    47.815  
 0.0    47.949  
 7.69230769231    48.083  
 0.0    48.218  
 7.84615384615    48.352  
 0.0    48.487  
 8.0    48.621  
 0.0    48.766  
 8.15384615385    48.9  
 0.0    49.034  
 8.30769230769    49.169  
 0.0    49.303  
 8.46153846154    49.438  
 0.0    49.583  
 8.61538461538    49.718  
 0.0    49.852  
 8.76923076923    49.986  
 0.0    50.12  
 8.92307692308    50.255  
 0.0    50.389  
 9.07692307692    50.533  
 0.0    50.668  
 9.23076923077    50.803  
 0.0    50.937  
 9.38461538462    51.071  
 0.0    51.206  
 9.53846153846    51.351  
 0.0    51.486  
 9.69230769231    51.62  
 0.0    51.755  
 9.84615384615    51.89  
 0.0    52.033  
 10.0    52.169  
 0.0    52.303  
 10.1538461538    52.438  
 0.0    52.572  
 10.3076923077    52.707  
 0.0    52.852  
 10.4615384615    52.987  
 0.0    53.121  
 10.6153846154    53.256  
 0.0    53.39  
 10.7692307692    53.525  
 0.0    53.669  
 10.9230769231    53.804  
 0.0    53.939  
 11.0769230769    54.073  
 0.0    54.208  
 11.2307692308    54.342  
 0.0    54.485  
 11.3846153846    54.621  
 0.0    54.755  
 11.5384615385    54.889  
 0.0    55.023  
 11.6923076923    55.158  
 0.0    55.292  
 11.8461538462    55.437  
 0.0    55.571  
 12.0    55.706  
 0.0    55.84  
 12.1538461538    55.974  
 0.0    56.109  
 12.3076923077    56.243  
 0.0    56.388  
 12.4615384615    56.522  
 0.0    56.657  
 12.6153846154    56.791  
 0.0    56.926  
 12.7692307692    57.06  
 0.0    57.205  
 12.9230769231    57.34  
 0.0    57.474  
 13.0769230769    57.609  
 0.0    57.743  
 13.2307692308    57.877  
 0.0    58.011  
 13.3846153846    58.154  
 0.0    58.29  
 13.5384615385    58.424  
 0.0    58.558  
 13.6923076923    58.693  
 0.0    58.827  
 13.8461538462    58.962  
 0.0    59.105  
 14.0    59.241  
 0.0    59.375  
 14.1538461538    59.509  
 0.0    59.643  
 14.3076923077    59.778  
 0.0    59.912  
 14.4615384615    60.057  
 0.0    60.192  
 14.6153846154    60.326  
 0.0    60.461  
 14.7692307692    60.595  
 0.0    60.729  
 14.9230769231    60.874  
 0.0    61.009  
 15.0769230769    61.143  
 0.0    61.278  
 15.2307692308    61.412  
 0.0    61.547  
 15.3846153846    61.69  
 0.0    61.825  
 15.5384615385    61.96  
 0.0    62.094  
 15.6923076923    62.228  
 0.0    62.363  
 15.8461538462    62.497  
 0.0    62.642  
 16.0    62.777  
 0.0    62.911  
 16.1538461538    63.046  
 0.0    63.181  
 16.3076923077    63.316  
 0.0    63.46  
 16.4615384615    63.594  
 0.0    63.729  
 16.6153846154    63.863  
 0.0    63.997  
 16.7692307692    64.132  
 0.0    64.277  
 16.9230769231    64.412  
 0.0    64.546  
 17.0769230769    64.68  
 0.0    64.815  
 17.2307692308    64.95  
 0.0    65.094  
 17.3846153846    65.229  
 0.0    65.364  
 17.5384615385    65.498  
 0.0    65.634  
 17.6923076923    65.778  
 0.0    65.913  
 17.8461538462    66.047  
 0.0    66.182  
 18.0    66.317  
 0.0    66.462  
 18.1538461538    66.596  
 0.0    66.731  
 18.3076923077    66.865  
 0.0    66.999  
 18.4615384615    67.134  
 0.0    67.279  
 18.6153846154    67.414  
 0.0    67.548  
 18.7692307692    67.683  
 0.0    67.817  
 18.9230769231    67.952  
 0.0    68.096  
 19.0769230769    68.231  
 0.0    68.365  
 19.2307692308    68.5  
 0.0    68.635  
 19.3846153846    68.769  
 0.0    68.913  
 19.5384615385    69.048  
 0.0    69.182  
 19.6923076923    69.317  
 0.0    69.451  
 19.8461538462    69.586  
 0.0    69.729  
 4.0    69.865  
 0.0    69.999  
 4.15384615385    70.133  
 0.0    70.268  
 4.30769230769    70.402  
 0.0    70.536  
 4.46153846154    70.68  
 0.0    70.816  
 4.61538461538    70.95  
 0.0    71.085  
 4.76923076923    71.221  
 0.0    71.365  
 4.92307692308    71.5  
 0.0    71.635  
 5.07692307692    71.77  
 0.0    71.904  
 5.23076923077    72.049  
 0.0    72.184  
 5.38461538462    72.318  
 0.0    72.452  
 5.53846153846    72.587  
 0.0    72.721  
 5.69230769231    72.855  
 0.0    73.0  
 5.84615384615    73.135  
 0.0    73.27  
 6.0    73.404  
 0.0    73.538  
 6.15384615385    73.673  
 0.0    73.817  
 6.30769230769    73.952  
 0.0    74.086  
 6.46153846154    74.222  
 0.0    74.356  
 6.61538461538    74.499  
 0.0    74.635  
 6.76923076923    74.769  
 0.0    74.903  
 6.92307692308    75.038  
 0.0    75.172  
 7.07692307692    75.307  
 0.0    75.45  
 7.23076923077    75.586  
 0.0    75.72  
 7.38461538462    75.854  
 0.0    75.989  
 7.53846153846    76.123  
 0.0    76.258  
 7.69230769231    76.402  
 0.0    76.537  
 7.84615384615    76.672  
 0.0    76.807  
 8.0    76.941  
 0.0    77.086  
 8.15384615385    77.221  
 0.0    77.356  
 8.30769230769    77.491  
 0.0    77.625  
 8.46153846154    77.77  
 0.0    77.905  
 8.61538461538    78.039  
 0.0    78.174  
 8.76923076923    78.309  
 0.0    78.454  
 8.92307692308    78.588  
 0.0    78.723  
 9.07692307692    78.857  
 0.0    78.992  
 9.23076923077    79.126  
 0.0    79.271  
 9.38461538462    79.406  
 0.0    79.54  
 9.53846153846    79.675  
 0.0    79.809  
 9.69230769231    79.944  
 0.0    80.088  
 9.84615384615    80.223  
 0.0    80.357  
 10.0    80.492  
 0.0    80.626  
 10.1538461538    80.761  
 0.0    80.905  
 10.3076923077    81.04  
 0.0    81.175  
 10.4615384615    81.309  
 0.0    81.444  
 10.6153846154    81.578  
 0.0    81.723  
 10.7692307692    81.857  
 0.0    81.991  
 10.9230769231    82.126  
 0.0    82.26  
 11.0769230769    82.395  
 0.0    82.529  
 11.2307692308    82.673  
 0.0    82.808  
 11.3846153846    82.942  
 0.0    83.077  
 11.5384615385    83.211  
 0.0    83.346  
 11.6923076923    83.489  
 0.0    83.624  
 11.8461538462    83.759  
 0.0    83.893  
 12.0    84.028  
 0.0    84.162  
 12.1538461538    84.297  
 0.0    84.44  
 12.3076923077    84.576  
 0.0    84.71  
 12.4615384615    84.844  
 0.0    84.979  
 12.6153846154    85.113  
 0.0    85.247  
 12.7692307692    85.391  
 0.0    85.526  
 12.9230769231    85.661  
 0.0    85.795  
 13.0769230769    85.929  
 0.0    86.064  
 13.2307692308    86.198  
 0.0    86.341  
 13.3846153846    86.477  
 0.0    86.612  
 13.5384615385    86.746  
 0.0    86.881  
 13.6923076923    87.016  
 0.0    87.159  
 13.8461538462    87.295  
 0.0    87.429  
 14.0    87.564  
 0.0    87.698  
 14.1538461538    87.833  
 0.0    87.977  
 14.3076923077    88.112  
 0.0    88.246  
 14.4615384615    88.381  
 0.0    88.515  
 14.6153846154    88.65  
 0.0    88.795  
 14.7692307692    88.929  
 0.0    89.064  
 14.9230769231    89.198  
 0.0    89.332  
 15.0769230769    89.467  
 0.0    89.61  
 15.2307692308    89.746  
 0.0    89.881  
 15.3846153846    90.015  
 0.0    90.15  
 15.5384615385    90.284  
 0.0    90.429  
 15.6923076923    90.564  
 0.0    90.698  
 15.8461538462    90.833  
 0.0    90.967  
 16.0    91.102  
 0.0    91.245  
 16.1538461538    91.381  
 0.0    91.515  
 16.3076923077    91.65  
 0.0    91.784  
 16.4615384615    91.919  
 0.0    92.064  
 16.6153846154    92.198  
 0.0    92.333  
 16.7692307692    92.467  
 0.0    92.602  
 16.9230769231    92.736  
 0.0    92.881  
 17.0769230769    93.016  
 0.0    93.15  
 17.2307692308    93.285  
 0.0    93.419  
 17.3846153846    93.554  
 0.0    93.697  
 17.5384615385    93.832  
 0.0    93.967  
 17.6923076923    94.101  
 0.0    94.247  
 17.8461538462    94.383  
 0.0    94.518  
 18.0    94.652  
 0.0    94.786  
 18.1538461538    94.921  
 0.0    95.066  
 18.3076923077    95.2  
 0.0    95.335  
 18.4615384615    95.469  
 0.0    95.604  
 18.6153846154    95.738  
 0.0    95.883  
 18.7692307692    96.018  
 0.0    96.152  
 18.9230769231    96.287  
 0.0    96.421  
 19.0769230769    96.556  
 0.0    96.699  
 19.2307692308    96.835  
 0.0    96.969  
 19.3846153846    97.104  
 0.0    97.238  
 19.5384615385    97.373  
 0.0    97.517  
 19.6923076923    97.653  
 0.0    97.787  
 19.8461538462    97.921  
 0.0    98.065  
 4.0    98.2  
 0.0    98.336  
 4.15384615385    98.47  
 0.0    98.605  
 4.30769230769    98.74  
 0.0    98.874  
 4.46153846154    99.019  
 0.0    99.153  
 4.61538461538    99.288  
 0.0    99.422  
 4.76923076923    99.557  
 0.0    99.692  
 4.92307692308    99.834  
 0.0    99.97  
 5.07692307692    100.105  
 0.0    100.239  
 5.23076923077    100.374  
 0.0    100.509  
 5.38461538462    100.653  
 0.0    100.788  
 5.53846153846    100.922  
 0.0    101.057  
 5.69230769231    101.191  
 0.0    101.326  
 5.84615384615    101.47  
 0.0    101.605  
 6.0    101.74  
 0.0    101.874  
 6.15384615385    102.008  
 0.0    102.143  
 6.30769230769    102.288  
 0.0    102.422  
 6.46153846154    102.557  
 0.0    102.691  
 6.61538461538    102.825  
 0.0    102.96  
 6.76923076923    103.105  
 0.0    103.239  
 6.92307692308    103.374  
 0.0    103.508  
 7.07692307692    103.643  
 0.0    103.777  
 7.23076923077    103.912  
 0.0    104.054  
 7.38461538462    104.19  
 0.0    104.324  
 7.53846153846    104.459  
 0.0    104.594  
 7.69230769231    104.728  
 0.0    104.873  
 7.84615384615    105.008  
 0.0    105.142  
 8.0    105.277  
 0.0    105.411  
 8.15384615385    105.545  
 0.0    105.69  
 8.30769230769    105.825  
 0.0    105.959  
 8.46153846154    106.094  
 0.0    106.228  
 8.61538461538    106.363  
 0.0    106.507  
 8.76923076923    106.642  
 0.0    106.777  
 8.92307692308    106.912  
 0.0    107.046  
 9.07692307692    107.191  
 0.0    107.326  
 9.23076923077    107.461  
 0.0    107.596  
 9.38461538462    107.73  
 0.0    107.875  
 9.53846153846    108.01  
 0.0    108.144  
 9.69230769231    108.278  
 0.0    108.413  
 9.84615384615    108.547  
 0.0    108.681  
 10.0    108.824  
 0.0    108.96  
 10.1538461538    109.094  
 0.0    109.228  
 10.3076923077    109.363  
 0.0    109.497  
 10.4615384615    109.632  
 0.0    109.776  
 10.6153846154    109.911  
 0.0    110.046  
 10.7692307692    110.181  
 0.0    110.316  
 10.9230769231    110.459  
 0.0    110.595  
 11.0769230769    110.729  
 0.0    110.864  
 11.2307692308    110.999  
 0.0    111.133  
 11.3846153846    111.278  
 0.0    111.412  
 11.5384615385    111.547  
 0.0    111.681  
 11.6923076923    111.815  
 0.0    111.95  
 11.8461538462    112.084  
 0.0    112.228  
 12.0    112.363  
 0.0    112.497  
 12.1538461538    112.631  
 0.0    112.765  
 12.3076923077    112.9  
 0.0    113.034  
 12.4615384615    113.177  
 0.0    113.313  
 12.6153846154    113.447  
 0.0    113.582  
 12.7692307692    113.716  
 0.0    113.85  
 12.9230769231    113.985  
 0.0    114.13  
 13.0769230769    114.265  
 0.0    114.399  
 13.2307692308    114.535  
 0.0    114.68  
 13.3846153846    114.815  
 0.0    114.949  
 13.5384615385    115.083  
 0.0    115.218  
 13.6923076923    115.352  
 0.0    115.496  
 13.8461538462    115.631  
 0.0    115.765  
 14.0    115.9  
 0.0    116.034  
 14.1538461538    116.169  
 0.0    116.303  
 14.3076923077    116.446  
 0.0    116.582  
 14.4615384615    116.716  
 0.0    116.851  
 14.6153846154    116.985  
 0.0    117.119  
 14.7692307692    117.254  
 0.0    117.399  
 14.9230769231    117.534  
 0.0    117.668  
 15.0769230769    117.803  
 0.0    117.937  
 15.2307692308    118.071  
 0.0    118.216  
 15.3846153846    118.351  
 0.0    118.485  
 15.5384615385    118.62  
 0.0    118.755  
 15.6923076923    118.9  
 0.0    119.035  
 15.8461538462    119.169  
 0.0    119.304  
 16.0    119.438  
 0.0    119.582  
 16.1538461538    119.718  
 0.0    119.853  
 16.3076923077    119.988  
 0.0    120.122  
 16.4615384615    120.257  
 0.0    120.399  
 16.6153846154    120.535  
 0.0    120.671  
 16.7692307692    120.806  
 0.0    120.94  
 16.9230769231    121.083  
 0.0    121.219  
 17.0769230769    121.354  
 0.0    121.489  
 17.2307692308    121.624  
 0.0    121.769  
 17.3846153846    121.903  
 0.0    122.038  
 17.5384615385    122.173  
 0.0    122.308  
 17.6923076923    122.452  
 0.0    122.587  
 17.8461538462    122.722  
 0.0    122.856  
 18.0    122.991  
 0.0    123.136  
 18.1538461538    123.271  
 0.0    123.405  
 18.3076923077    123.54  
 0.0    123.674  
 18.4615384615    123.809  
 0.0    123.952  
 18.6153846154    124.087  
 0.0    124.222  
 18.7692307692    124.356  
 0.0    124.491  
 18.9230769231    124.625  
 0.0    124.759  
 19.0769230769    124.904  
 0.0    125.039  
 19.2307692308    125.173  
 0.0    125.307  
 19.3846153846    125.442  
 0.0    125.576  
 19.5384615385    125.721  
 0.0    125.856  
 19.6923076923    125.991  
 0.0    126.125  
 19.8461538462    126.26  
 0.0    126.404  
 4.0    126.54  
 0.0    126.674  
 4.15384615385    126.81  
 0.0    126.944  
 4.30769230769    127.089  
 0.0    127.224  
 4.46153846154    127.358  
 0.0    127.493  
 4.61538461538    127.627  
 0.0    127.761  
 4.76923076923    127.906  
 0.0    128.041  
 4.92307692308    128.176  
 0.0    128.311  
 5.07692307692    128.446  
 0.0    128.59  
 5.23076923077    128.725  
 0.0    128.86  
 5.38461538462    128.994  
 0.0    129.129  
 5.53846153846    129.274  
 0.0    129.409  
 5.69230769231    129.544  
 0.0    129.678  
 5.84615384615    129.813  
 0.0    129.956  
 6.0    130.092  
 0.0    130.226  
 6.15384615385    130.361  
 0.0    130.495  
 6.30769230769    130.63  
 0.0    130.764  
 6.46153846154    130.907  
 0.0    131.042  
 6.61538461538    131.177  
 0.0    131.311  
 6.76923076923    131.446  
 0.0    131.58  
 6.92307692308    131.715  
 0.0    131.858  
 7.07692307692    131.993  
 0.0    132.127  
 7.23076923077    132.262  
 0.0    132.396  
 7.38461538462    132.531  
 0.0    132.665  
 7.53846153846    132.81  
 0.0    132.945  
 7.69230769231    133.079  
 0.0    133.213  
 7.84615384615    133.348  
 0.0    133.482  
 8.0    133.627  
 0.0    133.762  
 8.15384615385    133.897  
 0.0    134.031  
 8.30769230769    134.166  
 0.0    134.311  
 8.46153846154    134.446  
 0.0    134.58  
 8.61538461538    134.715  
 0.0    134.849  
 8.76923076923    134.983  
 0.0    135.128  
 8.92307692308    135.263  
 0.0    135.397  
 9.07692307692    135.532  
 0.0    135.666  
 9.23076923077    135.801  
 0.0    135.944  
 9.38461538462    136.079  
 0.0    136.214  
 9.53846153846    136.348  
 0.0    136.482  
 9.69230769231    136.617  
 0.0    136.751  
 9.84615384615    136.896  
 0.0    137.031  
 10.0    137.165  
 0.0    137.3  
 10.1538461538    137.434  
 0.0    137.569  
 10.3076923077    137.713  
 0.0    137.848  
 10.4615384615    137.982  
 0.0    138.116  
 10.6153846154    138.251  
 0.0    138.385  
 10.7692307692    138.52  
 0.0    138.664  
 10.9230769231    138.799  
 0.0    138.933  
 11.0769230769    139.067  
 0.0    139.202  
 11.2307692308    139.336  
 0.0    139.481  
 11.3846153846    139.616  
 0.0    139.751  
 11.5384615385    139.886  
 0.0    140.02  
 11.6923076923    140.165  
 0.0    140.3  
 11.8461538462    140.434  
 0.0    140.569  
 12.0    140.704  
 0.0    140.838  
 12.1538461538    140.982  
 0.0    141.117  
 12.3076923077    141.252  
 0.0    141.386  
 12.4615384615    141.521  
 0.0    141.655  
 12.6153846154    141.8  
 0.0    141.934  
 12.7692307692    142.069  
 0.0    142.203  
 12.9230769231    142.338  
 0.0    142.472  
 13.0769230769    142.617  
 0.0    142.751  
 13.2307692308    142.886  
 0.0    143.02  
 13.3846153846    143.155  
 0.0    143.289  
 13.5384615385    143.423  
 0.0    143.566  
 13.6923076923    143.702  
 0.0    143.836  
 13.8461538462    143.97  
 0.0    144.105  
 14.0    144.239  
 0.0    144.374  
 14.1538461538    144.518  
 0.0    144.653  
 14.3076923077    144.788  
 0.0    144.922  
 14.4615384615    145.057  
 0.0    145.192  
 14.6153846154    145.336  
 0.0    145.47  
 14.7692307692    145.605  
 0.0    145.739  
 14.9230769231    145.874  
 0.0    146.018  
 15.0769230769    146.154  
 0.0    146.289  
 15.2307692308    146.424  
 0.0    146.559  
 15.3846153846    146.703  
 0.0    146.838  
 15.5384615385    146.973  
 0.0    147.107  
 15.6923076923    147.242  
 0.0    147.386  
 15.8461538462    147.522  
 0.0    147.657  
 16.0    147.792  
 0.0    147.926  
 16.1538461538    148.071  
 0.0    148.206  
 16.3076923077    148.341  
 0.0    148.476  
 16.4615384615    148.611  
 0.0    148.755  
 16.6153846154    148.89  
 0.0    149.024  
 16.7692307692    149.159  
 0.0    149.294  
 16.9230769231    149.437  
 0.0    149.573  
 17.0769230769    149.708  
 0.0    149.843  
 17.2307692308    149.978  
 0.0    150.122  
 17.3846153846    150.257  
 0.0    150.392  
 17.5384615385    150.527  
 0.0    150.661  
 17.6923076923    150.806  
 0.0    150.941  
 17.8461538462    151.075  
 0.0    151.21  
 18.0    151.345  
 0.0    151.479  
 18.1538461538    151.623  
 0.0    151.758  
 18.3076923077    151.893  
 0.0    152.027  
 18.4615384615    152.162  
 0.0    152.306  
 18.6153846154    152.442  
 0.0    152.576  
 18.7692307692    152.711  
 0.0    152.845  
 18.9230769231    152.98  
 0.0    153.125  
 19.0769230769    153.26  
 0.0    153.395  
 19.2307692308    153.53  
 0.0    153.664  
 19.3846153846    153.808  
 0.0    153.943  
 19.5384615385    154.078  
 0.0    154.213  
 19.6923076923    154.347  
 0.0    154.492  
 19.8461538462    154.627  
 0.0    154.773  
 4.0    154.909  
 0.0    155.044  
 4.15384615385    155.179  
 0.0    155.314  
 4.30769230769    155.449  
 0.0    155.593  
 4.46153846154    155.728  
 0.0    155.862  
 4.61538461538    155.997  
 0.0    156.132  
 4.76923076923    156.266  
 0.0    156.41  
 4.92307692308    156.545  
 0.0    156.68  
 5.07692307692    156.814  
 0.0    156.949  
 5.23076923077    157.083  
 0.0    157.226  
 5.38461538462    157.362  
 0.0    157.497  
 5.53846153846    157.631  
 0.0    157.766  
 5.69230769231    157.9  
 0.0    158.045  
 5.84615384615    158.18  
 0.0    158.314  
 6.0    158.449  
 0.0    158.583  
 6.15384615385    158.718  
 0.0    158.862  
 6.30769230769    158.997  
 0.0    159.131  
 6.46153846154    159.266  
 0.0    159.401  
 6.61538461538    159.536  
 0.0    159.679  
 6.76923076923    159.814  
 0.0    159.948  
 6.92307692308    160.082  
 0.0    160.217  
 7.07692307692    160.351  
 0.0    160.486  
 7.23076923077    160.63  
 0.0    160.764  
 7.38461538462    160.899  
 0.0    161.033  
 7.53846153846    161.168  
 0.0    161.303  
 7.69230769231    161.447  
 0.0    161.582  
 7.84615384615    161.716  
 0.0    161.851  
 8.0    161.985  
 0.0    162.12  
 8.15384615385    162.263  
 0.0    162.399  
 8.30769230769    162.534  
 0.0    162.668  
 8.46153846154    162.803  
 0.0    162.937  
 8.61538461538    163.082  
 0.0    163.217  
 8.76923076923    163.362  
 0.0    163.499  
 8.92307692308    163.634  
 0.0    163.768  
 9.07692307692    163.903  
 0.0    164.038  
 9.23076923077    164.181  
 0.0    164.317  
 9.38461538462    164.452  
 0.0    164.589  
 9.53846153846    164.733  
 0.0    164.868  
 9.69230769231    165.002  
 0.0    165.137  
 9.84615384615    165.271  
 0.0    165.407  
 10.0    165.55  
 0.0    165.685  
 10.1538461538    165.82  
 0.0    165.955  
 10.3076923077    166.09  
 0.0    166.234  
 10.4615384615    166.369  
 0.0    166.504  
 10.6153846154    166.638  
 0.0    166.773  
 10.7692307692    166.908  
 0.0    167.051  
 10.9230769231    167.186  
 0.0    167.32  
 11.0769230769    167.455  
 0.0    167.59  
 11.2307692308    167.724  
 0.0    167.869  
 11.3846153846    168.003  
 0.0    168.138  
 11.5384615385    168.272  
 0.0    168.407  
 11.6923076923    168.542  
 0.0    168.684  
 11.8461538462    168.821  
 0.0    168.955  
 12.0    169.09  
 0.0    169.225  
 12.1538461538    169.37  
 0.0    169.504  
 12.3076923077    169.639  
 0.0    169.774  
 12.4615384615    169.909  
 0.0    170.054  
 12.6153846154    170.188  
 0.0    170.323  
 12.7692307692    170.458  
 0.0    170.593  
 12.9230769231    170.736  
 0.0    170.872  
 13.0769230769    171.007  
 0.0    171.141  
 13.2307692308    171.276  
 0.0    171.421  
 13.3846153846    171.556  
 0.0    171.691  
 13.5384615385    171.825  
 0.0    171.96  
 13.6923076923    172.105  
 0.0    172.24  
 13.8461538462    172.374  
 0.0    172.509  
 14.0    172.644  
 0.0    172.778  
 14.1538461538    172.922  
 0.0    173.057  
 14.3076923077    173.192  
 0.0    173.326  
 14.4615384615    173.461  
 0.0    173.595  
 14.6153846154    173.738  
 0.0    173.874  
 14.7692307692    174.009  
 0.0    174.143  
 14.9230769231    174.278  
 0.0    174.412  
 15.0769230769    174.557  
 0.0    174.691  
 15.2307692308    174.826  
 0.0    174.961  
 15.3846153846    175.097  
 0.0    175.239  
 15.5384615385    175.376  
 0.0    175.51  
 15.6923076923    175.645  
 0.0    175.78  
 15.8461538462    175.924  
 0.0    176.059  
 16.0    176.194  
 0.0    176.328  
 16.1538461538    176.463  
 0.0    176.598  
 16.3076923077    176.74  
 0.0    176.876  
 16.4615384615    177.011  
 0.0    177.145  
 16.6153846154    177.28  
 0.0    177.415  
 16.7692307692    177.559  
 0.0    177.693  
 16.9230769231    177.828  
 0.0    177.962  
 17.0769230769    178.097  
 0.0    178.232  
 17.2307692308    178.376  
 0.0    178.511  
 17.3846153846    178.646  
 0.0    178.781  
 17.5384615385    178.916  
 0.0    179.06  
 17.6923076923    179.195  
 0.0    179.33  
 17.8461538462    179.464  
 0.0    179.599  
 18.0    179.733  
 0.0    179.876  
 18.1538461538    180.012  
 0.0    180.146  
 18.3076923077    180.282  
 0.0    180.416  
 18.4615384615    180.551  
 0.0    180.695  
 18.6153846154    180.83  
 0.0    180.964  
 18.7692307692    181.1  
 0.0    181.245  
 18.9230769231    181.38  
 0.0    181.515  
 19.0769230769    181.649  
 0.0    181.784  
 19.2307692308    181.918  
 0.0    182.062  
 19.3846153846    182.197  
 0.0    182.331  
 19.5384615385    182.466  
 0.0    182.6  
 19.6923076923    182.735  
 0.0    182.878  
 19.8461538462    183.014  
 0.0    183.16  
 4.0    183.296  
 0.0    183.431  
 4.15384615385    183.566  
 0.0    183.701  
 4.30769230769    183.836  
 0.0    183.98  
 4.46153846154    184.115  
 0.0    184.251  
 4.61538461538    184.385  
 0.0    184.52  
 4.76923076923    184.664  
 0.0    184.799  
 4.92307692308    184.933  
 0.0    185.067  
 5.07692307692    185.202  
 0.0    185.337  
 5.23076923077    185.481  
 0.0    185.616  
 5.38461538462    185.751  
 0.0    185.885  
 5.53846153846    186.02  
 0.0    186.154  
 5.69230769231    186.299  
 0.0    186.433  
 5.84615384615    186.568  
 0.0    186.702  
 6.0    186.837  
 0.0    186.971  
 6.15384615385    187.116  
 0.0    187.251  
 6.30769230769    187.385  
 0.0    187.52  
 6.46153846154    187.655  
 0.0    187.8  
 6.61538461538    187.935  
 0.0    188.069  
 6.76923076923    188.204  
 0.0    188.339  
 6.92307692308    188.484  
 0.0    188.619  
 7.07692307692    188.754  
 0.0    188.888  
 7.23076923077    189.023  
 0.0    189.166  
 7.38461538462    189.302  
 0.0    189.437  
 7.53846153846    189.571  
 0.0    189.706  
 7.69230769231    189.84  
 0.0    189.985  
 7.84615384615    190.119  
 0.0    190.254  
 8.0    190.388  
 0.0    190.523  
 8.15384615385    190.657  
 0.0    190.802  
 8.30769230769    190.936  
 0.0    191.071  
 8.46153846154    191.205  
 0.0    191.34  
 8.61538461538    191.475  
 0.0    191.619  
 8.76923076923    191.754  
 0.0    191.889  
 8.92307692308    192.023  
 0.0    192.158  
 9.07692307692    192.293  
 0.0    192.437  
 9.23076923077    192.572  
 0.0    192.707  
 9.38461538462    192.842  
 0.0    192.976  
 9.53846153846    193.119  
 0.0    193.255  
 9.69230769231    193.39  
 0.0    193.524  
 9.84615384615    193.659  
 0.0    193.793  
 10.0    193.938  
 0.0    194.072  
 10.1538461538    194.207  
 0.0    194.341  
 10.3076923077    194.476  
 0.0    194.611  
 10.4615384615    194.755  
 0.0    194.89  
 10.6153846154    195.024  
 0.0    195.159  
 10.7692307692    195.293  
 0.0    195.428  
 10.9230769231    195.572  
 0.0    195.707  
 11.0769230769    195.842  
 0.0    195.977  
 11.2307692308    196.112  
 0.0    196.254  
 11.3846153846    196.391  
 0.0    196.526  
 11.5384615385    196.661  
 0.0    196.795  
 11.6923076923    196.94  
 0.0    197.074  
 11.8461538462    197.21  
 0.0    197.344  
 12.0    197.479  
 0.0    197.624  
 12.1538461538    197.758  
 0.0    197.893  
 12.3076923077    198.028  
 0.0    198.162  
 12.4615384615    198.297  
 0.0    198.441  
 12.6153846154    198.575  
 0.0    198.71  
 12.7692307692    198.844  
 0.0    198.979  
 12.9230769231    199.113  
 0.0    199.257  
 13.0769230769    199.393  
 0.0    199.527  
 13.2307692308    199.662  
 0.0    199.796  
 13.3846153846    199.931  
 0.0    200.075  
 13.5384615385    200.21  
 0.0    200.345  
 13.6923076923    200.479  
 0.0    200.614  
 13.8461538462    200.748  
 0.0    200.893  
 14.0    201.027  
 0.0    201.162  
 14.1538461538    201.297  
 0.0    201.444  
 14.3076923077    201.579  
 0.0    201.714  
 14.4615384615    201.849  
 0.0    201.993  
 14.6153846154    202.128  
 0.0    202.263  
 14.7692307692    202.397  
 0.0    202.532  
 14.9230769231    202.667  
 0.0    202.811  
 15.0769230769    202.947  
 0.0    203.081  
 15.2307692308    203.216  
 0.0    203.361  
 15.3846153846    203.496  
 0.0    203.631  
 15.5384615385    203.766  
 0.0    203.9  
 15.6923076923    204.043  
 0.0    204.179  
 15.8461538462    204.314  
 0.0    204.449  
 16.0    204.583  
 0.0    204.718  
 16.1538461538    204.862  
 0.0    204.997  
 16.3076923077    205.132  
 0.0    205.266  
 16.4615384615    205.401  
 0.0    205.546  
 16.6153846154    205.681  
 0.0    205.815  
 16.7692307692    205.95  
 0.0    206.085  
 16.9230769231    206.219  
 0.0    206.362  
 17.0769230769    206.498  
 0.0    206.633  
 17.2307692308    206.767  
 0.0    206.902  
 17.3846153846    207.047  
 0.0    207.181  
 17.5384615385    207.316  
 0.0    207.453  
 17.6923076923    207.597  
 0.0    207.732  
 17.8461538462    207.867  
 0.0    208.002  
 18.0    208.137  
 0.0    208.281  
 18.1538461538    208.416  
 0.0    208.551  
 18.3076923077    208.687  
 0.0    208.832  
 18.4615384615    208.967  
 0.0    209.102  
 18.6153846154    209.237  
 0.0    209.371  
 18.7692307692    209.516  
 0.0    209.651  
 18.9230769231    209.786  
 0.0    209.921  
 19.0769230769    210.055  
 0.0    210.199  
 19.2307692308    210.334  
 0.0    210.469  
 19.3846153846    210.604  
 0.0    210.739  
 19.5384615385    210.883  
 0.0    211.018  
 19.6923076923    211.153  
 0.0    211.288  
 19.8461538462    211.423  
 0.0    211.573  
 4.0    211.717  
 0.0    211.852  
 4.15384615385    211.987  
 0.0    212.122  
 4.30769230769    212.257  
 0.0    212.401  
 4.46153846154    212.536  
 0.0    212.67  
 4.61538461538    212.805  
 0.0    212.939  
 4.76923076923    213.074  
 0.0    213.218  
 4.92307692308    213.353  
 0.0    213.487  
 5.07692307692    213.622  
 0.0    213.757  
 5.23076923077    213.891  
 0.0    214.035  
 5.38461538462    214.172  
 0.0    214.306  
 5.53846153846    214.441  
 0.0    214.586  
 5.69230769231    214.72  
 0.0    214.855  
 5.84615384615    214.989  
 0.0    215.124  
 6.0    215.259  
 0.0    215.402  
 6.15384615385    215.538  
 0.0    215.673  
 6.30769230769    215.808  
 0.0    215.942  
 6.46153846154    216.087  
 0.0    216.222  
 6.61538461538    216.356  
 0.0    216.491  
 6.76923076923    216.626  
 0.0    216.76  
 6.92307692308    216.903  
 0.0    217.039  
 7.07692307692    217.173  
 0.0    217.308  
 7.23076923077    217.443  
 0.0    217.577  
 7.38461538462    217.721  
 0.0    217.856  
 7.53846153846    217.991  
 0.0    218.125  
 7.69230769231    218.262  
 0.0    218.404  
 7.84615384615    218.54  
 0.0    218.675  
 8.0    218.809  
 0.0    218.944  
 8.15384615385    219.078  
 0.0    219.223  
 8.30769230769    219.358  
 0.0    219.493  
 8.46153846154    219.628  
 0.0    219.762  
 8.61538461538    219.906  
 0.0    220.041  
 8.76923076923    220.176  
 0.0    220.311  
 8.92307692308    220.446  
 0.0    220.59  
 9.07692307692    220.725  
 0.0    220.86  
 9.23076923077    220.995  
 0.0    221.13  
 9.38461538462    221.274  
 0.0    221.409  
 9.53846153846    221.544  
 0.0    221.678  
 9.69230769231    221.813  
 0.0    221.947  
 9.84615384615    222.091  
 0.0    222.226  
 10.0    222.361  
 0.0    222.495  
 10.1538461538    222.63  
 0.0    222.775  
 10.3076923077    222.91  
 0.0    223.044  
 10.4615384615    223.179  
 0.0    223.314  
 10.6153846154    223.448  
 0.0    223.591  
 10.7692307692    223.727  
 0.0    223.861  
 10.9230769231    223.996  
 0.0    224.131  
 11.0769230769    224.265  
 0.0    224.408  
 11.2307692308    224.544  
 0.0    224.679  
 11.3846153846    224.814  
 0.0    224.948  
 11.5384615385    225.083  
 0.0    225.227  
 11.6923076923    225.362  
 0.0    225.496  
 11.8461538462    225.631  
 0.0    225.766  
 12.0    225.909  
 0.0    226.045  
 12.1538461538    226.18  
 0.0    226.314  
 12.3076923077    226.449  
 0.0    226.593  
 12.4615384615    226.729  
 0.0    226.864  
 12.6153846154    226.998  
 0.0    227.133  
 12.7692307692    227.268  
 0.0    227.412  
 12.9230769231    227.547  
 0.0    227.681  
 13.0769230769    227.817  
 0.0    227.962  
 13.2307692308    228.097  
 0.0    228.232  
 13.3846153846    228.367  
 0.0    228.513  
 13.5384615385    228.647  
 0.0    228.782  
 13.6923076923    228.917  
 0.0    229.052  
 13.8461538462    229.196  
 0.0    229.331  
 14.0    229.467  
 0.0    229.601  
 14.1538461538    229.736  
 0.0    229.88  
 14.3076923077    230.015  
 0.0    230.15  
 14.4615384615    230.285  
 0.0    230.42  
 14.6153846154    230.563  
 0.0    230.699  
 14.7692307692    230.833  
 0.0    230.968  
 14.9230769231    231.103  
 0.0    231.248  
 15.0769230769    231.383  
 0.0    231.518  
 15.2307692308    231.653  
 0.0    231.787  
 15.3846153846    231.932  
 0.0    232.067  
 15.5384615385    232.202  
 0.0    232.337  
 15.6923076923    232.472  
 0.0    232.616  
 15.8461538462    232.751  
 0.0    232.886  
 16.0    233.021  
 0.0    233.166  
 16.1538461538    233.301  
 0.0    233.436  
 16.3076923077    233.572  
 0.0    233.716  
 16.4615384615    233.851  
 0.0    233.986  
 16.6153846154    234.121  
 0.0    234.256  
 16.7692307692    234.4  
 0.0    234.535  
 16.9230769231    234.67  
 0.0    234.804  
 17.0769230769    234.939  
 0.0    235.084  
 17.2307692308    235.219  
 0.0    235.353  
 17.3846153846    235.488  
 0.0    235.623  
 17.5384615385    235.766  
 0.0    235.902  
 17.6923076923    236.037  
 0.0    236.172  
 17.8461538462    236.307  
 0.0    236.45  
 18.0    236.587  
 0.0    236.721  
 18.1538461538    236.856  
 0.0    236.991  
 18.3076923077    237.135  
 0.0    237.27  
 18.4615384615    237.405  
 0.0    237.54  
 18.6153846154    237.675  
 0.0    237.819  
 18.7692307692    237.954  
 0.0    238.089  
 18.9230769231    238.224  
 0.0    238.359  
 19.0769230769    238.503  
 0.0    238.638  
 19.2307692308    238.772  
 0.0    238.907  
 19.3846153846    239.042  
 0.0    239.187  
 19.5384615385    239.322  
 0.0    239.457  
 19.6923076923    239.592  
 0.0    239.726  
 19.8461538462    239.871  
 0.0    240.02  
 4.0    240.155  
 0.0    240.29  
 4.15384615385    240.425  
 0.0    240.56  
 4.30769230769    240.695  
 0.0    240.837  
 4.46153846154    240.973  
 0.0    241.108  
 4.61538461538    241.242  
 0.0    241.377  
 4.76923076923    241.522  
 0.0    241.656  
 4.92307692308    241.791  
 0.0    241.926  
 5.07692307692    242.06  
 0.0    242.195  
 5.23076923077    242.338  
 0.0    242.474  
 5.38461538462    242.609  
 0.0    242.743  
 5.53846153846    242.878  
 0.0    243.023  
 5.69230769231    243.158  
 0.0    243.292  
 5.84615384615    243.427  
 0.0    243.562  
 6.0    243.696  
 0.0    243.84  
 6.15384615385    243.975  
 0.0    244.11  
 6.30769230769    244.245  
 0.0    244.379  
 6.46153846154    244.524  
 0.0    244.659  
 6.61538461538    244.793  
 0.0    244.928  
 6.76923076923    245.063  
 0.0    245.197  
 6.92307692308    245.341  
 0.0    245.476  
 7.07692307692    245.611  
 0.0    245.746  
 7.23076923077    245.881  
 0.0    246.025  
 7.38461538462    246.16  
 0.0    246.295  
 7.53846153846    246.43  
 0.0    246.565  
 7.69230769231    246.709  
 0.0    246.844  
 7.84615384615    246.978  
 0.0    247.113  
 8.0    247.248  
 0.0    247.382  
 8.15384615385    247.525  
 0.0    247.661  
 8.30769230769    247.796  
 0.0    247.931  
 8.46153846154    248.066  
 0.0    248.21  
 8.61538461538    248.345  
 0.0    248.48  
 8.76923076923    248.615  
 0.0    248.749  
 8.92307692308    248.894  
 0.0    249.029  
 9.07692307692    249.163  
 0.0    249.298  
 9.23076923077    249.433  
 0.0    249.576  
 9.38461538462    249.713  
 0.0    249.847  
 9.53846153846    249.982  
 0.0    250.12  
 9.69230769231    250.262  
 0.0    250.396  
 9.84615384615    250.531  
 0.0    250.666  
 10.0    250.801  
 0.0    250.944  
 10.1538461538    251.08  
 0.0    251.215  
 10.3076923077    251.35  
 0.0    251.485  
 10.4615384615    251.629  
 0.0    251.764  
 10.6153846154    251.899  
 0.0    252.033  
 10.7692307692    252.168  
 0.0    252.303  
 10.9230769231    252.445  
 0.0    252.581  
 11.0769230769    252.717  
 0.0    252.852  
 11.2307692308    252.987  
 0.0    253.131  
 11.3846153846    253.266  
 0.0    253.401  
 11.5384615385    253.536  
 0.0    253.681  
 11.6923076923    253.816  
 0.0    253.951  
 11.8461538462    254.086  
 0.0    254.221  
 12.0    254.365  
 0.0    254.499  
 12.1538461538    254.634  
 0.0    254.769  
 12.3076923077    254.904  
 0.0    255.049  
 12.4615384615    255.183  
 0.0    255.318  
 12.6153846154    255.453  
 0.0    255.588  
 12.7692307692    255.732  
 0.0    255.868  
 12.9230769231    256.003  
 0.0    256.138  
 13.0769230769    256.283  
 0.0    256.418  
 13.2307692308    256.553  
 0.0    256.688  
 13.3846153846    256.823  
 0.0    256.965  
 13.5384615385    257.101  
 0.0    257.236  
 13.6923076923    257.371  
 0.0    257.507  
 13.8461538462    257.65  
 0.0    257.785  
 14.0    257.921  
 0.0    258.056  
 14.1538461538    258.191  
 0.0    258.333  
 14.3076923077    258.469  
 0.0    258.605  
 14.4615384615    258.74  
 0.0    258.883  
 14.6153846154    259.02  
 0.0    259.155  
 14.7692307692    259.291  
 0.0    259.434  
 14.9230769231    259.57  
 0.0    259.705  
 15.0769230769    259.84  
 0.0    259.974  
 15.2307692308    260.119  
 0.0    260.254  
 15.3846153846    260.389  
 0.0    260.524  
 15.5384615385    260.658  
 0.0    260.803  
 15.6923076923    260.938  
 0.0    261.073  
 15.8461538462    261.208  
 0.0    261.343  
 16.0    261.487  
 0.0    261.622  
 16.1538461538    261.757  
 0.0    261.892  
 16.3076923077    262.027  
 0.0    262.169  
 16.4615384615    262.305  
 0.0    262.44  
 16.6153846154    262.575  
 0.0    262.71  
 16.7692307692    262.853  
 0.0    262.989  
 16.9230769231    263.124  
 0.0    263.259  
 17.0769230769    263.394  
 0.0    263.538  
 17.2307692308    263.673  
 0.0    263.808  
 17.3846153846    263.943  
 0.0    264.078  
 17.5384615385    264.222  
 0.0    264.357  
 17.6923076923    264.492  
 0.0    264.628  
 17.8461538462    264.772  
 0.0    264.907  
 18.0    265.042  
 0.0    265.177  
 18.1538461538    265.313  
 0.0    265.455  
 18.3076923077    265.591  
 0.0    265.726  
 18.4615384615    265.861  
 0.0    265.995  
 18.6153846154    266.138  
 0.0    266.274  
 18.7692307692    266.41  
 0.0    266.544  
 18.9230769231    266.679  
 0.0    266.822  
 19.0769230769    266.959  
 0.0    267.093  
 19.2307692308    267.228  
 0.0    267.363  
 19.3846153846    267.508  
 0.0    267.642  
 19.5384615385    267.777  
 0.0    267.912  
 19.6923076923    268.047  
 0.0    268.19  
 19.8461538462    268.326  
 0.0    268.476  
 4.0    268.611  
 0.0    268.745  
 4.15384615385    268.88  
 0.0    269.015  
 4.30769230769    269.159  
 0.0    269.293  
 4.46153846154    269.428  
 0.0    269.563  
 4.61538461538    269.698  
 0.0    269.843  
 4.76923076923    269.977  
 0.0    270.112  
 4.92307692308    270.247  
 0.0    270.381  
 5.07692307692    270.526  
 0.0    270.661  
 5.23076923077    270.796  
 0.0    270.931  
 5.38461538462    271.067  
 0.0    271.209  
 5.53846153846    271.345  
 0.0    271.482  
 5.69230769231    271.627  
 0.0    271.762  
 5.84615384615    271.898  
 0.0    272.033  
 6.0    272.176  
 0.0    272.312  
 6.15384615385    272.448  
 0.0    272.583  
 6.30769230769    272.718  
 0.0    272.862  
 6.46153846154    272.996  
 0.0    273.131  
 6.61538461538    273.266  
 0.0    273.401  
 6.76923076923    273.545  
 0.0    273.68  
 6.92307692308    273.815  
 0.0    273.949  
 7.07692307692    274.084  
 0.0    274.228  
 7.23076923077    274.364  
 0.0    274.499  
 7.38461538462    274.635  
 0.0    274.78  
 7.53846153846    274.914  
 0.0    275.049  
 7.69230769231    275.184  
 0.0    275.319  
 7.84615384615    275.463  
 0.0    275.604  
 8.0    275.747  
 0.0    275.882  
 8.15384615385    276.017  
 0.0    276.151  
 8.30769230769    276.286  
 0.0    276.429  
 8.46153846154    276.565  
 0.0    276.7  
 8.61538461538    276.835  
 0.0    276.969  
 8.76923076923    277.104  
 0.0    277.248  
 8.92307692308    277.383  
 0.0    277.518  
 9.07692307692    277.652  
 0.0    277.787  
 9.23076923077    277.932  
 0.0    278.067  
 9.38461538462    278.202  
 0.0    278.337  
 9.53846153846    278.472  
 0.0    278.614  
 9.69230769231    278.751  
 0.0    278.886  
 9.84615384615    279.021  
 0.0    279.156  
 10.0    279.3  
 0.0    279.434  
 10.1538461538    279.569  
 0.0    279.704  
 10.3076923077    279.84  
 0.0    279.983  
 10.4615384615    280.118  
 0.0    280.253  
 10.6153846154    280.388  
 0.0    280.523  
 10.7692307692    280.667  
 0.0    280.802  
 10.9230769231    280.937  
 0.0    281.072  
 11.0769230769    281.207  
 0.0    281.351  
 11.2307692308    281.487  
 0.0    281.622  
 11.3846153846    281.757  
 0.0    281.901  
 11.5384615385    282.036  
 0.0    282.171  
 11.6923076923    282.306  
 0.0    282.441  
 11.8461538462    282.584  
 0.0    282.72  
 12.0    282.855  
 0.0    282.99  
 12.1538461538    283.125  
 0.0    283.269  
 12.3076923077    283.404  
 0.0    283.539  
 12.4615384615    283.674  
 0.0    283.808  
 12.6153846154    283.953  
 0.0    284.087  
 12.7692307692    284.222  
 0.0    284.357  
 12.9230769231    284.492  
 0.0    284.637  
 13.0769230769    284.772  
 0.0    284.907  
 13.2307692308    285.042  
 0.0    285.187  
 13.3846153846    285.322  
 0.0    285.457  
 13.5384615385    285.593  
 0.0    285.738  
 13.6923076923    285.873  
 0.0    286.008  
 13.8461538462    286.143  
 0.0    286.288  
 14.0    286.423  
 0.0    286.558  
 14.1538461538    286.693  
 0.0    286.828  
 14.3076923077    286.97  
 0.0    287.107  
 14.4615384615    287.242  
 0.0    287.377  
 14.6153846154    287.522  
 0.0    287.657  
 14.7692307692    287.792  
 0.0    287.927  
 14.9230769231    288.062  
 0.0    288.206  
 15.0769230769    288.342  
 0.0    288.477  
 15.2307692308    288.612  
 0.0    288.756  
 15.3846153846    288.891  
 0.0    289.026  
 15.5384615385    289.161  
 0.0    289.296  
 15.6923076923    289.44  
 0.0    289.575  
 15.8461538462    289.71  
 0.0    289.846  
 16.0    289.98  
 0.0    290.124  
 16.1538461538    290.259  
 0.0    290.394  
 16.3076923077    290.53  
 0.0    290.673  
 16.4615384615    290.809  
 0.0    290.944  
 16.6153846154    291.08  
 0.0    291.215  
 16.7692307692    291.358  
 0.0    291.493  
 16.9230769231    291.628  
 0.0    291.763  
 17.0769230769    291.898  
 0.0    292.041  
 17.2307692308    292.177  
 0.0    292.312  
 17.3846153846    292.447  
 0.0    292.582  
 17.5384615385    292.726  
 0.0    292.861  
 17.6923076923    292.996  
 0.0    293.131  
 17.8461538462    293.276  
 0.0    293.412  
 18.0    293.547  
 0.0    293.682  
 18.1538461538    293.827  
 0.0    293.962  
 18.3076923077    294.097  
 0.0    294.233  
 18.4615384615    294.377  
 0.0    294.512  
 18.6153846154    294.648  
 0.0    294.783  
 18.7692307692    294.926  
 0.0    295.062  
 18.9230769231    295.198  
 0.0    295.333  
 19.0769230769    295.476  
 0.0    295.612  
 19.2307692308    295.747  
 0.0    295.883  
 19.3846153846    296.018  
 0.0    296.162  
 19.5384615385    296.297  
 0.0    296.431  
 19.6923076923    296.567  
 0.0    296.701  
 19.8461538462    296.844  
 0.0    296.997  
 4.0    297.131  
 0.0    297.266  
 4.15384615385    297.401  
 0.0    297.546  
 4.30769230769    297.681  
 0.0    297.816  
 4.46153846154    297.951  
 0.0    298.086  
 4.61538461538    298.228  
 0.0    298.365  
 4.76923076923    298.499  
 0.0    298.635  
 4.92307692308    298.769  
 0.0    298.912  
 5.07692307692    299.049  
 0.0    299.184  
 5.23076923077    299.318  
 0.0    299.454  
 5.38461538462    299.598  
 0.0    299.732  
 5.53846153846    299.867  
 0.0    300.002  
 5.69230769231    300.137  
 0.0    300.281  
 5.84615384615    300.416  
 0.0    300.551  
 6.0    300.687  
 0.0    300.821  
 6.15384615385    300.965  
 0.0    301.1  
 6.30769230769    301.235  
 0.0    301.37  
 6.46153846154    301.505  
 0.0    301.648  
 6.61538461538    301.784  
 0.0    301.918  
 6.76923076923    302.053  
 0.0    302.188  
 6.92307692308    302.333  
 0.0    302.468  
 7.07692307692    302.603  
 0.0    302.738  
 7.23076923077    302.883  
 0.0    303.019  
 7.38461538462    303.154  
 0.0    303.29  
 7.53846153846    303.434  
 0.0    303.569  
 7.69230769231    303.704  
 0.0    303.839  
 7.84615384615    303.983  
 0.0    304.119  
 8.0    304.268  
 0.0    304.402  
 8.15384615385    304.537  
 0.0    304.672  
 8.30769230769    304.808  
 0.0    304.95  
 8.46153846154    305.086  
 0.0    305.221  
 8.61538461538    305.357  
 0.0    305.5  
 8.76923076923    305.637  
 0.0    305.772  
 8.92307692308    305.907  
 0.0    306.042  
 9.07692307692    306.186  
 0.0    306.321  
 9.23076923077    306.457  
 0.0    306.592  
 9.38461538462    306.736  
 0.0    306.871  
 9.53846153846    307.006  
 0.0    307.141  
 9.69230769231    307.287  
 0.0    307.421  
 9.84615384615    307.557  
 0.0    307.692  
 10.0    307.826  
 0.0    307.97  
 10.1538461538    308.105  
 0.0    308.24  
 10.3076923077    308.375  
 0.0    308.51  
 10.4615384615    308.654  
 0.0    308.789  
 10.6153846154    308.924  
 0.0    309.059  
 10.7692307692    309.194  
 0.0    309.336  
 10.9230769231    309.473  
 0.0    309.608  
 11.0769230769    309.743  
 0.0    309.878  
 11.2307692308    310.022  
 0.0    310.157  
 11.3846153846    310.292  
 0.0    310.427  
 11.5384615385    310.572  
 0.0    310.707  
 11.6923076923    310.842  
 0.0    310.978  
 11.8461538462    311.121  
 0.0    311.257  
 12.0    311.393  
 0.0    311.528  
 12.1538461538    311.673  
 0.0    311.808  
 12.3076923077    311.943  
 0.0    312.079  
 12.4615384615    312.224  
 0.0    312.359  
 12.6153846154    312.494  
 0.0    312.629  
 12.7692307692    312.774  
 0.0    312.909  
 12.9230769231    313.044  
 0.0    313.178  
 13.0769230769    313.313  
 0.0    313.456  
 13.2307692308    313.593  
 0.0    313.728  
 13.3846153846    313.863  
 0.0    313.997  
 13.5384615385    314.141  
 0.0    314.276  
 13.6923076923    314.411  
 0.0    314.546  
 13.8461538462    314.687  
 0.0    314.825  
 14.0    314.96  
 0.0    315.095  
 14.1538461538    315.23  
 0.0    315.365  
 14.3076923077    315.508  
 0.0    315.644  
 14.4615384615    315.779  
 0.0    315.914  
 14.6153846154    316.049  
 0.0    316.193  
 14.7692307692    316.328  
 0.0    316.463  
 14.9230769231    316.599  
 0.0    316.743  
 15.0769230769    316.879  
 0.0    317.014  
 15.2307692308    317.149  
 0.0    317.294  
 15.3846153846    317.429  
 0.0    317.564  
 15.5384615385    317.699  
 0.0    317.834  
 15.6923076923    317.978  
 0.0    318.112  
 15.8461538462    318.247  
 0.0    318.382  
 16.0    318.517  
 0.0    318.661  
 16.1538461538    318.796  
 0.0    318.931  
 16.3076923077    319.066  
 0.0    319.202  
 16.4615384615    319.344  
 0.0    319.48  
 16.6153846154    319.615  
 0.0    319.75  
 16.7692307692    319.885  
 0.0    320.029  
 16.9230769231    320.164  
 0.0    320.299  
 17.0769230769    320.434  
 0.0    320.569  
 17.2307692308    320.713  
 0.0    320.848  
 17.3846153846    320.983  
 0.0    321.118  
 17.5384615385    321.253  
 0.0    321.395  
 17.6923076923    321.532  
 0.0    321.667  
 17.8461538462    321.802  
 0.0    321.936  
 18.0    322.081  
 0.0    322.215  
 18.1538461538    322.351  
 0.0    322.485  
 18.3076923077    322.621  
 0.0    322.764  
 18.4615384615    322.899  
 0.0    323.034  
 18.6153846154    323.169  
 0.0    323.304  
 18.7692307692    323.447  
 0.0    323.583  
 18.9230769231    323.718  
 0.0    323.853  
 19.0769230769    323.988  
 0.0    324.132  
 19.2307692308    324.267  
 0.0    324.402  
 19.3846153846    324.537  
 0.0    324.683  
 19.5384615385    324.817  
 0.0    324.952  
 19.6923076923    325.088  
 0.0    325.222  
 19.8461538462    325.366  
