 [5.5384615384615374, 7.0769230769230749, 9.2307692307692282, 13.538461538461533]  
 [43.331, 50.821, 53.491, 57.228]  
 [43.865, 51.488, 58.16]  
 [7.6923076923076898, 10.923076923076918, 10.923076923076918, 17.538461538461529]  
 [63.111, 75.14, 80.224]  
 [63.912, 75.687, 81.026]  
 [5.0769230769230766, 5.5384615384615374, 6.4615384615384599, 8.1538461538461515]  
 [108.845, 110.18, 112.848, 114.182]  
 [110.98]  
 [5.2307692307692299, 5.8461538461538449, 8.9230769230769198, 10.15384615384615]  
 [131.562, 133.696, 139.084, 140.151]  
 []  
 [6.3076923076923066, 8.1538461538461515, 13.999999999999993, 14.769230769230763]  
 [152.46, 153.262, 164.521, 167.738]  
 [153.128, 165.055, 168.273]  
 [6.1538461538461524, 6.6153846153846141, 9.2307692307692282, 17.384615384615373]  
 [176.344, 190.004, 194.01, 195.358]  
 [177.144, 190.537, 194.557]  
 [11.38461538461538, 13.076923076923071, 17.999999999999989, 19.846153846153832]  
 [199.916, 203.18, 211.788, 213.124]  
 [200.597, 203.715, 212.323]  
 [6.4615384615384599, 7.2307692307692291, 13.999999999999993, 16.615384615384606]  
 [233.005, 237.022, 248.897, 249.7]  
 [233.538, 249.432]  
 [7.3846153846153824, 8.1538461538461515, 8.3076923076923048, 14.769230769230763]  
 [264.257, 274.516, 276.401, 277.204]  
 [264.794, 275.052, 276.938]  
 [9.3846153846153815, 16.923076923076913, 17.076923076923066, 19.538461538461526]  
 [283.405, 287.461, 287.728, 302.356]  
 [284.345, 302.902]  
