 31.973    31.973  
 0.0    31.991  
 19.3846153846    32.125  
 0.0    32.258  
 19.5384615385    32.392  
 0.0    32.525  
 19.6923076923    32.659  
 0.0    32.795  
 19.8461538462    32.928  
 0.0    33.061  
 18.7692307692    33.194  
 0.0    33.327  
 18.9230769231    33.459  
 0.0    33.592  
 19.0769230769    33.726  
 0.0    33.859  
 19.2307692308    33.993  
 0.0    34.126  
 18.1538461538    34.26  
 0.0    34.393  
 18.3076923077    34.526  
 0.0    34.66  
 18.4615384615    34.793  
 0.0    34.927  
 18.6153846154    35.06  
 0.0    35.194  
 17.5384615385    35.327  
 0.0    35.46  
 17.6923076923    35.594  
 0.0    35.727  
 17.8461538462    35.861  
 0.0    35.994  
 18.0    36.128  
 0.0    36.261  
 16.9230769231    36.395  
 0.0    36.528  
 17.0769230769    36.661  
 0.0    36.795  
 17.2307692308    36.928  
 0.0    37.061  
 17.3846153846    37.195  
 0.0    37.328  
 16.3076923077    37.462  
 0.0    37.597  
 16.4615384615    37.731  
 0.0    37.863  
 16.6153846154    37.997  
 0.0    38.129  
 16.7692307692    38.263  
 0.0    38.396  
 15.6923076923    38.53  
 0.0    38.663  
 15.8461538462    38.797  
 0.0    38.93  
 16.0    39.063  
 0.0    39.196  
 16.1538461538    39.33  
 0.0    39.463  
 15.0769230769    39.597  
 0.0    39.73  
 15.2307692308    39.864  
 0.0    39.997  
 15.3846153846    40.13  
 0.0    40.264  
 15.5384615385    40.397  
 0.0    40.531  
 14.4615384615    40.664  
 0.0    40.798  
 14.6153846154    40.931  
 0.0    41.065  
 14.7692307692    41.198  
 0.0    41.331  
 14.9230769231    41.465  
 0.0    41.598  
 13.8461538462    41.732  
 0.0    41.865  
 14.0    41.999  
 0.0    42.132  
 14.1538461538    42.265  
 0.0    42.399  
 14.3076923077    42.532  
 0.0    42.667  
 13.2307692308    42.8  
 0.0    42.933  
 13.3846153846    43.067  
 0.0    43.2  
 13.5384615385    43.334  
 0.0    43.467  
 13.6923076923    43.6  
 0.0    43.733  
 12.6153846154    43.867  
 0.0    44.0  
 12.7692307692    44.134  
 0.0    44.267  
 12.9230769231    44.401  
 0.0    44.535  
 13.0769230769    44.669  
 0.0    44.803  
 12.0    44.936  
 0.0    45.069  
 12.1538461538    45.203  
 0.0    45.336  
 12.3076923077    45.47  
 0.0    45.604  
 12.4615384615    45.738  
 0.0    45.871  
 11.3846153846    46.005  
 0.0    46.138  
 11.5384615385    46.272  
 0.0    46.406  
 11.6923076923    46.54  
 0.0    46.685  
 11.8461538462    46.818  
 0.0    46.953  
 10.7692307692    47.086  
 0.0    47.219  
 10.9230769231    47.352  
 0.0    47.486  
 11.0769230769    47.619  
 0.0    47.753  
 11.2307692308    47.886  
 0.0    48.019  
 10.1538461538    48.153  
 0.0    48.286  
 10.3076923077    48.419  
 0.0    48.553  
 10.4615384615    48.687  
 0.0    48.82  
 10.6153846154    48.953  
 0.0    49.087  
 9.53846153846    49.221  
 0.0    49.354  
 9.69230769231    49.487  
 0.0    49.621  
 9.84615384615    49.754  
 0.0    49.89  
 10.0    50.023  
 0.0    50.157  
 8.92307692308    50.29  
 0.0    50.423  
 9.07692307692    50.556  
 0.0    50.69  
 9.23076923077    50.823  
 0.0    50.956  
 9.38461538462    51.089  
 0.0    51.222  
 8.30769230769    51.356  
 0.0    51.489  
 8.46153846154    51.623  
 0.0    51.757  
 8.61538461538    51.891  
 0.0    52.024  
 8.76923076923    52.157  
 0.0    52.291  
 7.69230769231    52.425  
 0.0    52.558  
 7.84615384615    52.691  
 0.0    52.826  
 8.0    52.959  
 0.0    53.093  
 8.15384615385    53.226  
 0.0    53.359  
 7.07692307692    53.493  
 0.0    53.627  
 7.23076923077    53.76  
 0.0    53.894  
 7.38461538462    54.027  
 0.0    54.161  
 7.53846153846    54.294  
 0.0    54.427  
 6.46153846154    54.561  
 0.0    54.694  
 6.61538461538    54.827  
 0.0    54.96  
 6.76923076923    55.094  
 0.0    55.227  
 6.92307692308    55.36  
 0.0    55.493  
 5.84615384615    55.627  
 0.0    55.76  
 6.0    55.895  
 0.0    56.028  
 6.15384615385    56.162  
 0.0    56.295  
 6.30769230769    56.428  
 0.0    56.562  
 5.23076923077    56.695  
 0.0    56.828  
 5.38461538462    56.962  
 0.0    57.096  
 5.53846153846    57.23  
 0.0    57.363  
 5.69230769231    57.496  
 0.0    57.629  
 4.61538461538    57.762  
 0.0    57.895  
 4.76923076923    58.029  
 0.0    58.162  
 4.92307692308    58.296  
 0.0    58.429  
 5.07692307692    58.562  
 0.0    58.696  
 4.0    58.829  
 0.0    58.963  
 4.15384615385    59.097  
 0.0    59.231  
 4.30769230769    59.364  
 0.0    59.498  
 4.46153846154    59.631  
 0.0    59.773  
 19.3846153846    59.91  
 0.0    60.045  
 19.5384615385    60.178  
 0.0    60.312  
 19.6923076923    60.445  
 0.0    60.579  
 19.8461538462    60.712  
 0.0    60.845  
 18.7692307692    60.979  
 0.0    61.113  
 18.9230769231    61.246  
 0.0    61.379  
 19.0769230769    61.513  
 0.0    61.646  
 19.2307692308    61.78  
 0.0    61.913  
 18.1538461538    62.046  
 0.0    62.18  
 18.3076923077    62.313  
 0.0    62.447  
 18.4615384615    62.58  
 0.0    62.713  
 18.6153846154    62.847  
 0.0    62.98  
 17.5384615385    63.114  
 0.0    63.247  
 17.6923076923    63.381  
 0.0    63.514  
 17.8461538462    63.648  
 0.0    63.781  
 18.0    63.914  
 0.0    64.048  
 16.9230769231    64.181  
 0.0    64.315  
 17.0769230769    64.449  
 0.0    64.582  
 17.2307692308    64.715  
 0.0    64.848  
 17.3846153846    64.982  
 0.0    65.115  
 16.3076923077    65.249  
 0.0    65.382  
 16.4615384615    65.515  
 0.0    65.649  
 16.6153846154    65.783  
 0.0    65.916  
 16.7692307692    66.049  
 0.0    66.183  
 15.6923076923    66.316  
 0.0    66.45  
 15.8461538462    66.583  
 0.0    66.716  
 16.0    66.85  
 0.0    66.984  
 16.1538461538    67.117  
 0.0    67.253  
 15.0769230769    67.387  
 0.0    67.52  
 15.2307692308    67.654  
 0.0    67.788  
 15.3846153846    67.921  
 0.0    68.067  
 15.5384615385    68.201  
 0.0    68.334  
 14.4615384615    68.468  
 0.0    68.601  
 14.6153846154    68.735  
 0.0    68.868  
 14.7692307692    69.002  
 0.0    69.135  
 14.9230769231    69.268  
 0.0    69.402  
 13.8461538462    69.535  
 0.0    69.668  
 14.0    69.802  
 0.0    69.935  
 14.1538461538    70.069  
 0.0    70.202  
 14.3076923077    70.336  
 0.0    70.469  
 13.2307692308    70.603  
 0.0    70.737  
 13.3846153846    70.87  
 0.0    71.003  
 13.5384615385    71.137  
 0.0    71.271  
 13.6923076923    71.404  
 0.0    71.539  
 12.6153846154    71.672  
 0.0    71.806  
 12.7692307692    71.939  
 0.0    72.072  
 12.9230769231    72.205  
 0.0    72.339  
 13.0769230769    72.472  
 0.0    72.605  
 12.0    72.739  
 0.0    72.872  
 12.1538461538    73.005  
 0.0    73.138  
 12.3076923077    73.272  
 0.0    73.405  
 12.4615384615    73.538  
 0.0    73.671  
 11.3846153846    73.805  
 0.0    73.938  
 11.5384615385    74.072  
 0.0    74.206  
 11.6923076923    74.34  
 0.0    74.473  
 11.8461538462    74.607  
 0.0    74.741  
 10.7692307692    74.874  
 0.0    75.009  
 10.9230769231    75.142  
 0.0    75.277  
 11.0769230769    75.422  
 0.0    75.556  
 11.2307692308    75.689  
 0.0    75.823  
 10.1538461538    75.957  
 0.0    76.09  
 10.3076923077    76.223  
 0.0    76.357  
 10.4615384615    76.49  
 0.0    76.624  
 10.6153846154    76.757  
 0.0    76.89  
 9.53846153846    77.024  
 0.0    77.157  
 9.69230769231    77.291  
 0.0    77.424  
 9.84615384615    77.558  
 0.0    77.693  
 10.0    77.827  
 0.0    77.96  
 8.92307692308    78.093  
 0.0    78.226  
 9.07692307692    78.36  
 0.0    78.495  
 9.23076923077    78.628  
 0.0    78.761  
 9.38461538462    78.894  
 0.0    79.027  
 8.30769230769    79.161  
 0.0    79.294  
 8.46153846154    79.427  
 0.0    79.56  
 8.61538461538    79.694  
 0.0    79.827  
 8.76923076923    79.96  
 0.0    80.093  
 7.69230769231    80.227  
 0.0    80.36  
 7.84615384615    80.494  
 0.0    80.627  
 8.0    80.761  
 0.0    80.894  
 8.15384615385    81.028  
 0.0    81.161  
 7.07692307692    81.294  
 0.0    81.427  
 7.23076923077    81.56  
 0.0    81.694  
 7.38461538462    81.827  
 0.0    81.961  
 7.53846153846    82.094  
 0.0    82.228  
 6.46153846154    82.361  
 0.0    82.494  
 6.61538461538    82.628  
 0.0    82.762  
 6.76923076923    82.895  
 0.0    83.029  
 6.92307692308    83.162  
 0.0    83.295  
 5.84615384615    83.428  
 0.0    83.562  
 6.0    83.695  
 0.0    83.829  
 6.15384615385    83.962  
 0.0    84.096  
 6.30769230769    84.229  
 0.0    84.362  
 5.23076923077    84.497  
 0.0    84.629  
 5.38461538462    84.763  
 0.0    84.896  
 5.53846153846    85.03  
 0.0    85.163  
 5.69230769231    85.296  
 0.0    85.43  
 4.61538461538    85.563  
 0.0    85.697  
 4.76923076923    85.83  
 0.0    85.964  
 4.92307692308    86.097  
 0.0    86.23  
 5.07692307692    86.364  
 0.0    86.497  
 4.0    86.631  
 0.0    86.764  
 4.15384615385    86.899  
 0.0    87.032  
 4.30769230769    87.165  
 0.0    87.299  
 4.46153846154    87.432  
 0.0    87.577  
 19.3846153846    87.714  
 0.0    87.849  
 19.5384615385    87.982  
 0.0    88.115  
 19.6923076923    88.249  
 0.0    88.382  
 19.8461538462    88.516  
 0.0    88.649  
 18.7692307692    88.783  
 0.0    88.916  
 18.9230769231    89.049  
 0.0    89.183  
 19.0769230769    89.316  
 0.0    89.449  
 19.2307692308    89.583  
 0.0    89.716  
 18.1538461538    89.85  
 0.0    89.983  
 18.3076923077    90.117  
 0.0    90.25  
 18.4615384615    90.384  
 0.0    90.517  
 18.6153846154    90.651  
 0.0    90.784  
 17.5384615385    90.917  
 0.0    91.051  
 17.6923076923    91.185  
 0.0    91.318  
 17.8461538462    91.452  
 0.0    91.586  
 18.0    91.72  
 0.0    91.855  
 16.9230769231    91.99  
 0.0    92.134  
 17.0769230769    92.269  
 0.0    92.404  
 17.2307692308    92.538  
 0.0    92.672  
 17.3846153846    92.805  
 0.0    92.938  
 16.3076923077    93.072  
 0.0    93.205  
 16.4615384615    93.339  
 0.0    93.473  
 16.6153846154    93.607  
 0.0    93.74  
 16.7692307692    93.873  
 0.0    94.006  
 15.6923076923    94.14  
 0.0    94.286  
 15.8461538462    94.42  
 0.0    94.554  
 16.0    94.687  
 0.0    94.82  
 16.1538461538    94.954  
 0.0    95.087  
 15.0769230769    95.221  
 0.0    95.354  
 15.2307692308    95.487  
 0.0    95.621  
 15.3846153846    95.754  
 0.0    95.887  
 15.5384615385    96.021  
 0.0    96.154  
 14.4615384615    96.288  
 0.0    96.421  
 14.6153846154    96.555  
 0.0    96.688  
 14.7692307692    96.822  
 0.0    96.955  
 14.9230769231    97.089  
 0.0    97.222  
 13.8461538462    97.355  
 0.0    97.489  
 14.0    97.622  
 0.0    97.755  
 14.1538461538    97.89  
 0.0    98.023  
 14.3076923077    98.156  
 0.0    98.289  
 13.2307692308    98.423  
 0.0    98.556  
 13.3846153846    98.69  
 0.0    98.83  
 13.5384615385    98.972  
 0.0    99.107  
 13.6923076923    99.24  
 0.0    99.373  
 12.6153846154    99.507  
 0.0    99.64  
 12.7692307692    99.774  
 0.0    99.907  
 12.9230769231    100.04  
 0.0    100.174  
 13.0769230769    100.308  
 0.0    100.441  
 12.0    100.574  
 0.0    100.708  
 12.1538461538    100.841  
 0.0    100.974  
 12.3076923077    101.108  
 0.0    101.242  
 12.4615384615    101.375  
 0.0    101.508  
 11.3846153846    101.642  
 0.0    101.775  
 11.5384615385    101.909  
 0.0    102.042  
 11.6923076923    102.175  
 0.0    102.309  
 11.8461538462    102.442  
 0.0    102.576  
 10.7692307692    102.709  
 0.0    102.842  
 10.9230769231    102.976  
 0.0    103.109  
 11.0769230769    103.243  
 0.0    103.376  
 11.2307692308    103.51  
 0.0    103.643  
 10.1538461538    103.777  
 0.0    103.91  
 10.3076923077    104.043  
 0.0    104.177  
 10.4615384615    104.31  
 0.0    104.444  
 10.6153846154    104.578  
 0.0    104.711  
 9.53846153846    104.844  
 0.0    104.977  
 9.69230769231    105.111  
 0.0    105.244  
 9.84615384615    105.378  
 0.0    105.511  
 10.0    105.645  
 0.0    105.778  
 8.92307692308    105.911  
 0.0    106.045  
 9.07692307692    106.178  
 0.0    106.312  
 9.23076923077    106.445  
 0.0    106.579  
 9.38461538462    106.712  
 0.0    106.845  
 8.30769230769    106.979  
 0.0    107.112  
 8.46153846154    107.246  
 0.0    107.379  
 8.61538461538    107.513  
 0.0    107.646  
 8.76923076923    107.779  
 0.0    107.914  
 7.69230769231    108.047  
 0.0    108.18  
 7.84615384615    108.313  
 0.0    108.447  
 8.0    108.58  
 0.0    108.713  
 8.15384615385    108.847  
 0.0    108.98  
 7.07692307692    109.114  
 0.0    109.247  
 7.23076923077    109.381  
 0.0    109.514  
 7.38461538462    109.648  
 0.0    109.781  
 7.53846153846    109.915  
 0.0    110.048  
 6.46153846154    110.182  
 0.0    110.317  
 6.61538461538    110.45  
 0.0    110.583  
 6.76923076923    110.716  
 0.0    110.849  
 6.92307692308    110.982  
 0.0    111.115  
 5.84615384615    111.25  
 0.0    111.383  
 6.0    111.516  
 0.0    111.649  
 6.15384615385    111.782  
 0.0    111.916  
 6.30769230769    112.049  
 0.0    112.183  
 5.23076923077    112.316  
 0.0    112.45  
 5.38461538462    112.583  
 0.0    112.716  
 5.53846153846    112.85  
 0.0    112.983  
 5.69230769231    113.117  
 0.0    113.25  
 4.61538461538    113.384  
 0.0    113.517  
 4.76923076923    113.65  
 0.0    113.784  
 4.92307692308    113.917  
 0.0    114.051  
 5.07692307692    114.184  
 0.0    114.318  
 4.0    114.451  
 0.0    114.585  
 4.15384615385    114.718  
 0.0    114.851  
 4.30769230769    114.985  
 0.0    115.118  
 4.46153846154    115.252  
 0.0    115.396  
 19.3846153846    115.535  
 0.0    115.668  
 19.5384615385    115.802  
 0.0    115.936  
 19.6923076923    116.069  
 0.0    116.202  
 19.8461538462    116.337  
 0.0    116.471  
 18.7692307692    116.604  
 0.0    116.738  
 18.9230769231    116.871  
 0.0    117.004  
 19.0769230769    117.138  
 0.0    117.271  
 19.2307692308    117.404  
 0.0    117.538  
 18.1538461538    117.671  
 0.0    117.805  
 18.3076923077    117.939  
 0.0    118.072  
 18.4615384615    118.205  
 0.0    118.339  
 18.6153846154    118.472  
 0.0    118.605  
 17.5384615385    118.739  
 0.0    118.872  
 17.6923076923    119.006  
 0.0    119.139  
 17.8461538462    119.273  
 0.0    119.406  
 18.0    119.54  
 0.0    119.673  
 16.9230769231    119.807  
 0.0    119.94  
 17.0769230769    120.074  
 0.0    120.207  
 17.2307692308    120.342  
 0.0    120.475  
 17.3846153846    120.608  
 0.0    120.741  
 16.3076923077    120.875  
 0.0    121.008  
 16.4615384615    121.141  
 0.0    121.275  
 16.6153846154    121.408  
 0.0    121.541  
 16.7692307692    121.675  
 0.0    121.808  
 15.6923076923    121.941  
 0.0    122.074  
 15.8461538462    122.208  
 0.0    122.341  
 16.0    122.474  
 0.0    122.607  
 16.1538461538    122.74  
 0.0    122.888  
 15.0769230769    123.024  
 0.0    123.157  
 15.2307692308    123.291  
 0.0    123.424  
 15.3846153846    123.558  
 0.0    123.691  
 15.5384615385    123.825  
 0.0    123.958  
 14.4615384615    124.092  
 0.0    124.225  
 14.6153846154    124.358  
 0.0    124.492  
 14.7692307692    124.626  
 0.0    124.759  
 14.9230769231    124.893  
 0.0    125.025  
 13.8461538462    125.159  
 0.0    125.293  
 14.0    125.426  
 0.0    125.559  
 14.1538461538    125.692  
 0.0    125.826  
 14.3076923077    125.959  
 0.0    126.093  
 13.2307692308    126.226  
 0.0    126.36  
 13.3846153846    126.493  
 0.0    126.626  
 13.5384615385    126.76  
 0.0    126.894  
 13.6923076923    127.027  
 0.0    127.16  
 12.6153846154    127.294  
 0.0    127.427  
 12.7692307692    127.561  
 0.0    127.694  
 12.9230769231    127.827  
 0.0    127.961  
 13.0769230769    128.094  
 0.0    128.229  
 12.0    128.363  
 0.0    128.496  
 12.1538461538    128.629  
 0.0    128.762  
 12.3076923077    128.895  
 0.0    129.028  
 12.4615384615    129.162  
 0.0    129.295  
 11.3846153846    129.428  
 0.0    129.562  
 11.5384615385    129.695  
 0.0    129.829  
 11.6923076923    129.962  
 0.0    130.096  
 11.8461538462    130.229  
 0.0    130.363  
 10.7692307692    130.496  
 0.0    130.629  
 10.9230769231    130.763  
 0.0    130.896  
 11.0769230769    131.03  
 0.0    131.163  
 11.2307692308    131.298  
 0.0    131.431  
 10.1538461538    131.564  
 0.0    131.697  
 10.3076923077    131.83  
 0.0    131.963  
 10.4615384615    132.097  
 0.0    132.23  
 10.6153846154    132.364  
 0.0    132.497  
 9.53846153846    132.631  
 0.0    132.764  
 9.69230769231    132.898  
 0.0    133.031  
 9.84615384615    133.165  
 0.0    133.298  
 10.0    133.431  
 0.0    133.565  
 8.92307692308    133.698  
 0.0    133.832  
 9.07692307692    133.965  
 0.0    134.099  
 9.23076923077    134.232  
 0.0    134.366  
 9.38461538462    134.499  
 0.0    134.633  
 8.30769230769    134.769  
 0.0    134.903  
 8.46153846154    135.036  
 0.0    135.171  
 8.61538461538    135.315  
 0.0    135.45  
 8.76923076923    135.584  
 0.0    135.717  
 7.69230769231    135.851  
 0.0    135.985  
 7.84615384615    136.118  
 0.0    136.251  
 8.0    136.384  
 0.0    136.518  
 8.15384615385    136.653  
 0.0    136.786  
 7.07692307692    136.92  
 0.0    137.053  
 7.23076923077    137.187  
 0.0    137.32  
 7.38461538462    137.454  
 0.0    137.588  
 7.53846153846    137.722  
 0.0    137.855  
 6.46153846154    137.989  
 0.0    138.134  
 6.61538461538    138.268  
 0.0    138.402  
 6.76923076923    138.535  
 0.0    138.685  
 6.92307692308    138.819  
 0.0    138.952  
 5.84615384615    139.085  
 0.0    139.219  
 6.0    139.352  
 0.0    139.486  
 6.15384615385    139.619  
 0.0    139.753  
 6.30769230769    139.886  
 0.0    140.019  
 5.23076923077    140.153  
 0.0    140.286  
 5.38461538462    140.421  
 0.0    140.555  
 5.53846153846    140.689  
 0.0    140.822  
 5.69230769231    140.955  
 0.0    141.088  
 4.61538461538    141.222  
 0.0    141.355  
 4.76923076923    141.489  
 0.0    141.622  
 4.92307692308    141.755  
 0.0    141.889  
 5.07692307692    142.022  
 0.0    142.156  
 4.0    142.289  
 0.0    142.422  
 4.15384615385    142.555  
 0.0    142.688  
 4.30769230769    142.821  
 0.0    142.955  
 4.46153846154    143.088  
 0.0    143.234  
 19.3846153846    143.371  
 0.0    143.505  
 19.5384615385    143.639  
 0.0    143.774  
 19.6923076923    143.909  
 0.0    144.042  
 19.8461538462    144.175  
 0.0    144.308  
 18.7692307692    144.442  
 0.0    144.575  
 18.9230769231    144.709  
 0.0    144.843  
 19.0769230769    144.976  
 0.0    145.109  
 19.2307692308    145.243  
 0.0    145.376  
 18.1538461538    145.51  
 0.0    145.644  
 18.3076923077    145.777  
 0.0    145.91  
 18.4615384615    146.044  
 0.0    146.177  
 18.6153846154    146.311  
 0.0    146.444  
 17.5384615385    146.578  
 0.0    146.711  
 17.6923076923    146.844  
 0.0    146.977  
 17.8461538462    147.112  
 0.0    147.245  
 18.0    147.38  
 0.0    147.524  
 16.9230769231    147.659  
 0.0    147.792  
 17.0769230769    147.925  
 0.0    148.059  
 17.2307692308    148.193  
 0.0    148.326  
 17.3846153846    148.459  
 0.0    148.592  
 16.3076923077    148.726  
 0.0    148.859  
 16.4615384615    148.993  
 0.0    149.126  
 16.6153846154    149.26  
 0.0    149.393  
 16.7692307692    149.527  
 0.0    149.66  
 15.6923076923    149.793  
 0.0    149.927  
 15.8461538462    150.06  
 0.0    150.194  
 16.0    150.327  
 0.0    150.46  
 16.1538461538    150.594  
 0.0    150.727  
 15.0769230769    150.861  
 0.0    150.994  
 15.2307692308    151.128  
 0.0    151.261  
 15.3846153846    151.395  
 0.0    151.528  
 15.5384615385    151.662  
 0.0    151.795  
 14.4615384615    151.929  
 0.0    152.062  
 14.6153846154    152.195  
 0.0    152.329  
 14.7692307692    152.462  
 0.0    152.597  
 14.9230769231    152.73  
 0.0    152.864  
 13.8461538462    152.997  
 0.0    153.13  
 14.0    153.264  
 0.0    153.397  
 14.1538461538    153.53  
 0.0    153.663  
 14.3076923077    153.796  
 0.0    153.93  
 13.2307692308    154.063  
 0.0    154.196  
 13.3846153846    154.33  
 0.0    154.463  
 13.5384615385    154.597  
 0.0    154.731  
 13.6923076923    154.864  
 0.0    154.997  
 12.6153846154    155.131  
 0.0    155.264  
 12.7692307692    155.399  
 0.0    155.532  
 12.9230769231    155.665  
 0.0    155.799  
 13.0769230769    155.933  
 0.0    156.066  
 12.0    156.2  
 0.0    156.333  
 12.1538461538    156.467  
 0.0    156.601  
 12.3076923077    156.734  
 0.0    156.868  
 12.4615384615    157.001  
 0.0    157.135  
 11.3846153846    157.268  
 0.0    157.402  
 11.5384615385    157.535  
 0.0    157.669  
 11.6923076923    157.803  
 0.0    157.936  
 11.8461538462    158.072  
 0.0    158.215  
 10.7692307692    158.35  
 0.0    158.483  
 10.9230769231    158.618  
 0.0    158.752  
 11.0769230769    158.886  
 0.0    159.021  
 11.2307692308    159.166  
 0.0    159.3  
 10.1538461538    159.434  
 0.0    159.567  
 10.3076923077    159.701  
 0.0    159.835  
 10.4615384615    159.968  
 0.0    160.102  
 10.6153846154    160.236  
 0.0    160.37  
 9.53846153846    160.504  
 0.0    160.638  
 9.69230769231    160.771  
 0.0    160.905  
 9.84615384615    161.039  
 0.0    161.172  
 10.0    161.318  
 0.0    161.453  
 8.92307692308    161.587  
 0.0    161.72  
 9.07692307692    161.854  
 0.0    161.987  
 9.23076923077    162.122  
 0.0    162.256  
 9.38461538462    162.39  
 0.0    162.523  
 8.30769230769    162.656  
 0.0    162.789  
 8.46153846154    162.924  
 0.0    163.057  
 8.61538461538    163.19  
 0.0    163.323  
 8.76923076923    163.457  
 0.0    163.59  
 7.69230769231    163.724  
 0.0    163.857  
 7.84615384615    163.99  
 0.0    164.123  
 8.0    164.257  
 0.0    164.39  
 8.15384615385    164.523  
 0.0    164.656  
 7.07692307692    164.79  
 0.0    164.924  
 7.23076923077    165.057  
 0.0    165.19  
 7.38461538462    165.323  
 0.0    165.456  
 7.53846153846    165.59  
 0.0    165.723  
 6.46153846154    165.856  
 0.0    165.99  
 6.61538461538    166.123  
 0.0    166.257  
 6.76923076923    166.39  
 0.0    166.525  
 6.92307692308    166.658  
 0.0    166.791  
 5.84615384615    166.925  
 0.0    167.058  
 6.0    167.192  
 0.0    167.331  
 6.15384615385    167.472  
 0.0    167.606  
 6.30769230769    167.74  
 0.0    167.873  
 5.23076923077    168.007  
 0.0    168.141  
 5.38461538462    168.274  
 0.0    168.407  
 5.53846153846    168.541  
 0.0    168.674  
 5.69230769231    168.808  
 0.0    168.941  
 4.61538461538    169.075  
 0.0    169.208  
 4.76923076923    169.341  
 0.0    169.474  
 4.92307692308    169.608  
 0.0    169.741  
 5.07692307692    169.875  
 0.0    170.008  
 4.0    170.141  
 0.0    170.275  
 4.15384615385    170.408  
 0.0    170.542  
 4.30769230769    170.675  
 0.0    170.809  
 4.46153846154    170.942  
 0.0    171.088  
 19.3846153846    171.225  
 0.0    171.359  
 19.5384615385    171.493  
 0.0    171.628  
 19.6923076923    171.762  
 0.0    171.895  
 19.8461538462    172.03  
 0.0    172.164  
 18.7692307692    172.309  
 0.0    172.443  
 18.9230769231    172.577  
 0.0    172.71  
 19.0769230769    172.844  
 0.0    172.977  
 19.2307692308    173.11  
 0.0    173.244  
 18.1538461538    173.386  
 0.0    173.526  
 18.3076923077    173.661  
 0.0    173.795  
 18.4615384615    173.928  
 0.0    174.062  
 18.6153846154    174.195  
 0.0    174.331  
 17.5384615385    174.465  
 0.0    174.598  
 17.6923076923    174.732  
 0.0    174.866  
 17.8461538462    175.011  
 0.0    175.145  
 18.0    175.279  
 0.0    175.412  
 16.9230769231    175.546  
 0.0    175.679  
 17.0769230769    175.812  
 0.0    175.946  
 17.2307692308    176.079  
 0.0    176.212  
 17.3846153846    176.346  
 0.0    176.48  
 16.3076923077    176.613  
 0.0    176.746  
 16.4615384615    176.88  
 0.0    177.013  
 16.6153846154    177.147  
 0.0    177.28  
 16.7692307692    177.413  
 0.0    177.547  
 15.6923076923    177.68  
 0.0    177.814  
 15.8461538462    177.947  
 0.0    178.08  
 16.0    178.215  
 0.0    178.348  
 16.1538461538    178.482  
 0.0    178.616  
 15.0769230769    178.75  
 0.0    178.883  
 15.2307692308    179.018  
 0.0    179.152  
 15.3846153846    179.285  
 0.0    179.431  
 15.5384615385    179.565  
 0.0    179.699  
 14.4615384615    179.833  
 0.0    179.967  
 14.6153846154    180.101  
 0.0    180.234  
 14.7692307692    180.368  
 0.0    180.502  
 14.9230769231    180.636  
 0.0    180.769  
 13.8461538462    180.903  
 0.0    181.037  
 14.0    181.17  
 0.0    181.304  
 14.1538461538    181.449  
 0.0    181.584  
 14.3076923077    181.717  
 0.0    181.85  
 13.2307692308    181.983  
 0.0    182.117  
 13.3846153846    182.25  
 0.0    182.384  
 13.5384615385    182.517  
 0.0    182.651  
 13.6923076923    182.784  
 0.0    182.918  
 12.6153846154    183.052  
 0.0    183.185  
 12.7692307692    183.321  
 0.0    183.454  
 12.9230769231    183.588  
 0.0    183.721  
 13.0769230769    183.856  
 0.0    184.001  
 12.0    184.135  
 0.0    184.268  
 12.1538461538    184.402  
 0.0    184.535  
 12.3076923077    184.669  
 0.0    184.802  
 12.4615384615    184.936  
 0.0    185.07  
 11.3846153846    185.203  
 0.0    185.337  
 11.5384615385    185.47  
 0.0    185.603  
 11.6923076923    185.736  
 0.0    185.869  
 11.8461538462    186.003  
 0.0    186.137  
 10.7692307692    186.27  
 0.0    186.403  
 10.9230769231    186.537  
 0.0    186.67  
 11.0769230769    186.804  
 0.0    186.937  
 11.2307692308    187.07  
 0.0    187.204  
 10.1538461538    187.337  
 0.0    187.471  
 10.3076923077    187.604  
 0.0    187.738  
 10.4615384615    187.871  
 0.0    188.004  
 10.6153846154    188.138  
 0.0    188.272  
 9.53846153846    188.405  
 0.0    188.538  
 9.69230769231    188.671  
 0.0    188.805  
 9.84615384615    188.938  
 0.0    189.072  
 10.0    189.206  
 0.0    189.339  
 8.92307692308    189.472  
 0.0    189.606  
 9.07692307692    189.739  
 0.0    189.872  
 9.23076923077    190.006  
 0.0    190.139  
 9.38461538462    190.273  
 0.0    190.406  
 8.30769230769    190.54  
 0.0    190.673  
 8.46153846154    190.806  
 0.0    190.94  
 8.61538461538    191.073  
 0.0    191.207  
 8.76923076923    191.34  
 0.0    191.473  
 7.69230769231    191.608  
 0.0    191.742  
 7.84615384615    191.875  
 0.0    192.008  
 8.0    192.142  
 0.0    192.275  
 8.15384615385    192.409  
 0.0    192.542  
 7.07692307692    192.676  
 0.0    192.809  
 7.23076923077    192.944  
 0.0    193.078  
 7.38461538462    193.211  
 0.0    193.345  
 7.53846153846    193.478  
 0.0    193.612  
 6.46153846154    193.745  
 0.0    193.878  
 6.61538461538    194.012  
 0.0    194.147  
 6.76923076923    194.292  
 0.0    194.426  
 6.92307692308    194.559  
 0.0    194.693  
 5.84615384615    194.826  
 0.0    194.96  
 6.0    195.094  
 0.0    195.227  
 6.15384615385    195.36  
 0.0    195.493  
 6.30769230769    195.627  
 0.0    195.76  
 5.23076923077    195.893  
 0.0    196.027  
 5.38461538462    196.16  
 0.0    196.294  
 5.53846153846    196.427  
 0.0    196.561  
 5.69230769231    196.694  
 0.0    196.827  
 4.61538461538    196.961  
 0.0    197.094  
 4.76923076923    197.228  
 0.0    197.361  
 4.92307692308    197.495  
 0.0    197.628  
 5.07692307692    197.762  
 0.0    197.895  
 4.0    198.029  
 0.0    198.162  
 4.15384615385    198.296  
 0.0    198.429  
 4.30769230769    198.562  
 0.0    198.695  
 4.46153846154    198.829  
 0.0    198.973  
 19.3846153846    199.112  
 0.0    199.246  
 19.5384615385    199.381  
 0.0    199.514  
 19.6923076923    199.649  
 0.0    199.783  
 19.8461538462    199.918  
 0.0    200.062  
 18.7692307692    200.197  
 0.0    200.331  
 18.9230769231    200.465  
 0.0    200.599  
 19.0769230769    200.733  
 0.0    200.868  
 19.2307692308    201.012  
 0.0    201.147  
 18.1538461538    201.282  
 0.0    201.417  
 18.3076923077    201.551  
 0.0    201.685  
 18.4615384615    201.83  
 0.0    201.964  
 18.6153846154    202.098  
 0.0    202.232  
 17.5384615385    202.366  
 0.0    202.5  
 17.6923076923    202.634  
 0.0    202.768  
 17.8461538462    202.902  
 0.0    203.048  
 18.0    203.182  
 0.0    203.315  
 16.9230769231    203.449  
 0.0    203.583  
 17.0769230769    203.717  
 0.0    203.851  
 17.2307692308    203.985  
 0.0    204.12  
 17.3846153846    204.254  
 0.0    204.399  
 16.3076923077    204.533  
 0.0    204.668  
 16.4615384615    204.803  
 0.0    204.937  
 16.6153846154    205.071  
 0.0    205.217  
 16.7692307692    205.35  
 0.0    205.484  
 15.6923076923    205.618  
 0.0    205.751  
 15.8461538462    205.885  
 0.0    206.02  
 16.0    206.153  
 0.0    206.287  
 16.1538461538    206.421  
 0.0    206.554  
 15.0769230769    206.688  
 0.0    206.821  
 15.2307692308    206.955  
 0.0    207.088  
 15.3846153846    207.222  
 0.0    207.356  
 15.5384615385    207.489  
 0.0    207.622  
 14.4615384615    207.756  
 0.0    207.889  
 14.6153846154    208.023  
 0.0    208.156  
 14.7692307692    208.291  
 0.0    208.435  
 14.9230769231    208.569  
 0.0    208.703  
 13.8461538462    208.837  
 0.0    208.971  
 14.0    209.105  
 0.0    209.239  
 14.1538461538    209.372  
 0.0    209.509  
 14.3076923077    209.653  
 0.0    209.787  
 13.2307692308    209.92  
 0.0    210.054  
 13.3846153846    210.187  
 0.0    210.321  
 13.5384615385    210.454  
 0.0    210.587  
 13.6923076923    210.721  
 0.0    210.854  
 12.6153846154    210.988  
 0.0    211.121  
 12.7692307692    211.255  
 0.0    211.388  
 12.9230769231    211.522  
 0.0    211.655  
 13.0769230769    211.79  
 0.0    211.924  
 12.0    212.058  
 0.0    212.191  
 12.1538461538    212.325  
 0.0    212.458  
 12.3076923077    212.592  
 0.0    212.726  
 12.4615384615    212.859  
 0.0    212.993  
 11.3846153846    213.126  
 0.0    213.259  
 11.5384615385    213.393  
 0.0    213.526  
 11.6923076923    213.66  
 0.0    213.793  
 11.8461538462    213.927  
 0.0    214.06  
 10.7692307692    214.194  
 0.0    214.327  
 10.9230769231    214.461  
 0.0    214.594  
 11.0769230769    214.728  
 0.0    214.861  
 11.2307692308    214.995  
 0.0    215.128  
 10.1538461538    215.274  
 0.0    215.407  
 10.3076923077    215.541  
 0.0    215.674  
 10.4615384615    215.808  
 0.0    215.941  
 10.6153846154    216.076  
 0.0    216.209  
 9.53846153846    216.342  
 0.0    216.475  
 9.69230769231    216.609  
 0.0    216.742  
 9.84615384615    216.875  
 0.0    217.009  
 10.0    217.142  
 0.0    217.276  
 8.92307692308    217.409  
 0.0    217.543  
 9.07692307692    217.676  
 0.0    217.809  
 9.23076923077    217.943  
 0.0    218.076  
 9.38461538462    218.21  
 0.0    218.343  
 8.30769230769    218.478  
 0.0    218.611  
 8.46153846154    218.745  
 0.0    218.879  
 8.61538461538    219.012  
 0.0    219.145  
 8.76923076923    219.279  
 0.0    219.412  
 7.69230769231    219.545  
 0.0    219.679  
 7.84615384615    219.812  
 0.0    219.945  
 8.0    220.078  
 0.0    220.212  
 8.15384615385    220.345  
 0.0    220.478  
 7.07692307692    220.611  
 0.0    220.745  
 7.23076923077    220.879  
 0.0    221.013  
 7.38461538462    221.147  
 0.0    221.282  
 7.53846153846    221.416  
 0.0    221.549  
 6.46153846154    221.683  
 0.0    221.817  
 6.61538461538    221.962  
 0.0    222.096  
 6.76923076923    222.23  
 0.0    222.366  
 6.92307692308    222.5  
 0.0    222.634  
 5.84615384615    222.779  
 0.0    222.913  
 6.0    223.047  
 0.0    223.18  
 6.15384615385    223.313  
 0.0    223.447  
 6.30769230769    223.581  
 0.0    223.714  
 5.23076923077    223.848  
 0.0    223.982  
 5.38461538462    224.116  
 0.0    224.25  
 5.53846153846    224.384  
 0.0    224.518  
 5.69230769231    224.652  
 0.0    224.797  
 4.61538461538    224.932  
 0.0    225.067  
 4.76923076923    225.201  
 0.0    225.336  
 4.92307692308    225.481  
 0.0    225.615  
 5.07692307692    225.749  
 0.0    225.883  
 4.0    226.017  
 0.0    226.151  
 4.15384615385    226.285  
 0.0    226.419  
 4.30769230769    226.553  
 0.0    226.686  
 4.46153846154    226.82  
 0.0    226.966  
 19.3846153846    227.1  
 0.0    227.235  
 19.5384615385    227.369  
 0.0    227.502  
 19.6923076923    227.637  
 0.0    227.783  
 19.8461538462    227.917  
 0.0    228.05  
 18.7692307692    228.185  
 0.0    228.318  
 18.9230769231    228.452  
 0.0    228.586  
 19.0769230769    228.72  
 0.0    228.853  
 19.2307692308    228.987  
 0.0    229.12  
 18.1538461538    229.254  
 0.0    229.388  
 18.3076923077    229.522  
 0.0    229.655  
 18.4615384615    229.788  
 0.0    229.922  
 18.6153846154    230.055  
 0.0    230.189  
 17.5384615385    230.322  
 0.0    230.455  
 17.6923076923    230.589  
 0.0    230.722  
 17.8461538462    230.855  
 0.0    230.988  
 18.0    231.122  
 0.0    231.255  
 16.9230769231    231.389  
 0.0    231.522  
 17.0769230769    231.657  
 0.0    231.79  
 17.2307692308    231.924  
 0.0    232.069  
 17.3846153846    232.203  
 0.0    232.337  
 16.3076923077    232.471  
 0.0    232.605  
 16.4615384615    232.739  
 0.0    232.873  
 16.6153846154    233.007  
 0.0    233.14  
 16.7692307692    233.273  
 0.0    233.407  
 15.6923076923    233.54  
 0.0    233.673  
 15.8461538462    233.807  
 0.0    233.94  
 16.0    234.074  
 0.0    234.207  
 16.1538461538    234.34  
 0.0    234.474  
 15.0769230769    234.607  
 0.0    234.741  
 15.2307692308    234.874  
 0.0    235.007  
 15.3846153846    235.14  
 0.0    235.274  
 15.5384615385    235.408  
 0.0    235.541  
 14.4615384615    235.675  
 0.0    235.808  
 14.6153846154    235.942  
 0.0    236.075  
 14.7692307692    236.209  
 0.0    236.343  
 14.9230769231    236.477  
 0.0    236.622  
 13.8461538462    236.756  
 0.0    236.891  
 14.0    237.024  
 0.0    237.158  
 14.1538461538    237.292  
 0.0    237.426  
 14.3076923077    237.56  
 0.0    237.694  
 13.2307692308    237.828  
 0.0    237.961  
 13.3846153846    238.095  
 0.0    238.228  
 13.5384615385    238.374  
 0.0    238.508  
 13.6923076923    238.642  
 0.0    238.775  
 12.6153846154    238.909  
 0.0    239.042  
 12.7692307692    239.176  
 0.0    239.309  
 12.9230769231    239.443  
 0.0    239.576  
 13.0769230769    239.71  
 0.0    239.844  
 12.0    239.978  
 0.0    240.113  
 12.1538461538    240.246  
 0.0    240.38  
 12.3076923077    240.525  
 0.0    240.659  
 12.4615384615    240.793  
 0.0    240.927  
 11.3846153846    241.063  
 0.0    241.197  
 11.5384615385    241.343  
 0.0    241.477  
 11.6923076923    241.61  
 0.0    241.743  
 11.8461538462    241.877  
 0.0    242.011  
 10.7692307692    242.145  
 0.0    242.279  
 10.9230769231    242.413  
 0.0    242.547  
 11.0769230769    242.681  
 0.0    242.815  
 11.2307692308    242.961  
 0.0    243.094  
 10.1538461538    243.228  
 0.0    243.362  
 10.3076923077    243.496  
 0.0    243.63  
 10.4615384615    243.765  
 0.0    243.899  
 10.6153846154    244.033  
 0.0    244.178  
 9.53846153846    244.312  
 0.0    244.447  
 9.69230769231    244.581  
 0.0    244.715  
 9.84615384615    244.849  
 0.0    244.983  
 10.0    245.128  
 0.0    245.262  
 8.92307692308    245.397  
 0.0    245.531  
 9.07692307692    245.665  
 0.0    245.799  
 9.23076923077    245.934  
 0.0    246.079  
 9.38461538462    246.213  
 0.0    246.347  
 8.30769230769    246.482  
 0.0    246.616  
 8.46153846154    246.75  
 0.0    246.884  
 8.61538461538    247.018  
 0.0    247.152  
 8.76923076923    247.297  
 0.0    247.431  
 7.69230769231    247.564  
 0.0    247.698  
 7.84615384615    247.831  
 0.0    247.964  
 8.0    248.098  
 0.0    248.231  
 8.15384615385    248.365  
 0.0    248.498  
 7.07692307692    248.632  
 0.0    248.766  
 7.23076923077    248.899  
 0.0    249.032  
 7.38461538462    249.166  
 0.0    249.3  
 7.53846153846    249.434  
 0.0    249.568  
 6.46153846154    249.702  
 0.0    249.835  
 6.61538461538    249.969  
 0.0    250.102  
 6.76923076923    250.235  
 0.0    250.369  
 6.92307692308    250.502  
 0.0    250.636  
 5.84615384615    250.769  
 0.0    250.902  
 6.0    251.036  
 0.0    251.169  
 6.15384615385    251.302  
 0.0    251.436  
 6.30769230769    251.57  
 0.0    251.703  
 5.23076923077    251.837  
 0.0    251.971  
 5.38461538462    252.105  
 0.0    252.238  
 5.53846153846    252.384  
 0.0    252.518  
 5.69230769231    252.652  
 0.0    252.787  
 4.61538461538    252.921  
 0.0    253.055  
 4.76923076923    253.188  
 0.0    253.322  
 4.92307692308    253.456  
 0.0    253.589  
 5.07692307692    253.723  
 0.0    253.868  
 4.0    254.002  
 0.0    254.136  
 4.15384615385    254.27  
 0.0    254.403  
 4.30769230769    254.537  
 0.0    254.671  
 4.46153846154    254.805  
 0.0    254.953  
 19.3846153846    255.087  
 0.0    255.22  
 19.5384615385    255.355  
 0.0    255.489  
 19.6923076923    255.623  
 0.0    255.757  
 19.8461538462    255.89  
 0.0    256.024  
 18.7692307692    256.157  
 0.0    256.291  
 18.9230769231    256.425  
 0.0    256.57  
 19.0769230769    256.704  
 0.0    256.838  
 19.2307692308    256.972  
 0.0    257.106  
 18.1538461538    257.24  
 0.0    257.374  
 18.3076923077    257.508  
 0.0    257.641  
 18.4615384615    257.775  
 0.0    257.909  
 18.6153846154    258.042  
 0.0    258.176  
 17.5384615385    258.321  
 0.0    258.456  
 17.6923076923    258.59  
 0.0    258.723  
 17.8461538462    258.857  
 0.0    258.991  
 18.0    259.125  
 0.0    259.262  
 16.9230769231    259.406  
 0.0    259.54  
 17.0769230769    259.673  
 0.0    259.807  
 17.2307692308    259.94  
 0.0    260.074  
 17.3846153846    260.207  
 0.0    260.341  
 16.3076923077    260.474  
 0.0    260.608  
 16.4615384615    260.741  
 0.0    260.875  
 16.6153846154    261.01  
 0.0    261.144  
 16.7692307692    261.29  
 0.0    261.424  
 15.6923076923    261.558  
 0.0    261.691  
 15.8461538462    261.825  
 0.0    261.958  
 16.0    262.091  
 0.0    262.226  
 16.1538461538    262.36  
 0.0    262.494  
 15.0769230769    262.628  
 0.0    262.762  
 15.2307692308    262.896  
 0.0    263.031  
 15.3846153846    263.175  
 0.0    263.309  
 15.5384615385    263.443  
 0.0    263.577  
 14.4615384615    263.712  
 0.0    263.847  
 14.6153846154    263.981  
 0.0    264.125  
 14.7692307692    264.26  
 0.0    264.394  
 14.9230769231    264.527  
 0.0    264.662  
 13.8461538462    264.796  
 0.0    264.93  
 14.0    265.065  
 0.0    265.21  
 14.1538461538    265.344  
 0.0    265.477  
 14.3076923077    265.613  
 0.0    265.746  
 13.2307692308    265.88  
 0.0    266.014  
 13.3846153846    266.148  
 0.0    266.281  
 13.5384615385    266.415  
 0.0    266.548  
 13.6923076923    266.682  
 0.0    266.827  
 12.6153846154    266.962  
 0.0    267.096  
 12.7692307692    267.23  
 0.0    267.365  
 12.9230769231    267.499  
 0.0    267.633  
 13.0769230769    267.778  
 0.0    267.914  
 12.0    268.048  
 0.0    268.183  
 12.1538461538    268.317  
 0.0    268.461  
 12.3076923077    268.596  
 0.0    268.73  
 12.4615384615    268.864  
 0.0    268.999  
 11.3846153846    269.134  
 0.0    269.268  
 11.5384615385    269.413  
 0.0    269.547  
 11.6923076923    269.681  
 0.0    269.814  
 11.8461538462    269.95  
 0.0    270.084  
 10.7692307692    270.218  
 0.0    270.352  
 10.9230769231    270.497  
 0.0    270.631  
 11.0769230769    270.764  
 0.0    270.898  
 11.2307692308    271.031  
 0.0    271.165  
 10.1538461538    271.299  
 0.0    271.433  
 10.3076923077    271.567  
 0.0    271.7  
 10.4615384615    271.834  
 0.0    271.967  
 10.6153846154    272.101  
 0.0    272.234  
 9.53846153846    272.368  
 0.0    272.502  
 9.69230769231    272.636  
 0.0    272.769  
 9.84615384615    272.903  
 0.0    273.036  
 10.0    273.17  
 0.0    273.303  
 8.92307692308    273.437  
 0.0    273.57  
 9.07692307692    273.703  
 0.0    273.837  
 9.23076923077    273.971  
 0.0    274.104  
 9.38461538462    274.25  
 0.0    274.384  
 8.30769230769    274.518  
 0.0    274.652  
 8.46153846154    274.786  
 0.0    274.92  
 8.61538461538    275.054  
 0.0    275.187  
 8.76923076923    275.321  
 0.0    275.455  
 7.69230769231    275.588  
 0.0    275.722  
 7.84615384615    275.856  
 0.0    276.001  
 8.0    276.135  
 0.0    276.269  
 8.15384615385    276.403  
 0.0    276.537  
 7.07692307692    276.673  
 0.0    276.806  
 7.23076923077    276.939  
 0.0    277.073  
 7.38461538462    277.206  
 0.0    277.34  
 7.53846153846    277.485  
 0.0    277.62  
 6.46153846154    277.754  
 0.0    277.888  
 6.61538461538    278.022  
 0.0    278.156  
 6.76923076923    278.29  
 0.0    278.423  
 6.92307692308    278.557  
 0.0    278.691  
 5.84615384615    278.824  
 0.0    278.958  
 6.0    279.092  
 0.0    279.236  
 6.15384615385    279.371  
 0.0    279.505  
 6.30769230769    279.639  
 0.0    279.772  
 5.23076923077    279.906  
 0.0    280.04  
 5.38461538462    280.174  
 0.0    280.308  
 5.53846153846    280.441  
 0.0    280.575  
 5.69230769231    280.709  
 0.0    280.842  
 4.61538461538    280.976  
 0.0    281.121  
 4.76923076923    281.255  
 0.0    281.389  
 4.92307692308    281.522  
 0.0    281.656  
 5.07692307692    281.789  
 0.0    281.923  
 4.0    282.056  
 0.0    282.19  
 4.15384615385    282.324  
 0.0    282.457  
 4.30769230769    282.591  
 0.0    282.724  
 4.46153846154    282.858  
 0.0    283.006  
 19.3846153846    283.14  
 0.0    283.273  
 19.5384615385    283.407  
 0.0    283.541  
 19.6923076923    283.676  
 0.0    283.81  
 19.8461538462    283.944  
 0.0    284.078  
 18.7692307692    284.212  
 0.0    284.357  
 18.9230769231    284.491  
 0.0    284.625  
 19.0769230769    284.759  
 0.0    284.893  
 19.2307692308    285.027  
 0.0    285.162  
 18.1538461538    285.296  
 0.0    285.441  
 18.3076923077    285.575  
 0.0    285.709  
 18.4615384615    285.844  
 0.0    285.977  
 18.6153846154    286.112  
 0.0    286.246  
 17.5384615385    286.38  
 0.0    286.526  
 17.6923076923    286.659  
 0.0    286.793  
 17.8461538462    286.927  
 0.0    287.062  
 18.0    287.196  
 0.0    287.329  
 16.9230769231    287.463  
 0.0    287.596  
 17.0769230769    287.73  
 0.0    287.864  
 17.2307692308    287.998  
 0.0    288.143  
 17.3846153846    288.277  
 0.0    288.412  
 16.3076923077    288.546  
 0.0    288.68  
 16.4615384615    288.815  
 0.0    288.949  
 16.6153846154    289.094  
 0.0    289.229  
 16.7692307692    289.364  
 0.0    289.498  
 15.6923076923    289.633  
 0.0    289.777  
 15.8461538462    289.912  
 0.0    290.046  
 16.0    290.18  
 0.0    290.315  
 16.1538461538    290.449  
 0.0    290.583  
 15.0769230769    290.728  
 0.0    290.863  
 15.2307692308    290.997  
 0.0    291.132  
 15.3846153846    291.266  
 0.0    291.401  
 15.5384615385    291.546  
 0.0    291.68  
 14.4615384615    291.815  
 0.0    291.949  
 14.6153846154    292.084  
 0.0    292.217  
 14.7692307692    292.35  
 0.0    292.484  
 14.9230769231    292.618  
 0.0    292.763  
 13.8461538462    292.897  
 0.0    293.032  
 14.0    293.166  
 0.0    293.3  
 14.1538461538    293.434  
 0.0    293.568  
 14.3076923077    293.702  
 0.0    293.847  
 13.2307692308    293.982  
 0.0    294.116  
 13.3846153846    294.25  
 0.0    294.384  
 13.5384615385    294.519  
 0.0    294.664  
 13.6923076923    294.799  
 0.0    294.934  
 12.6153846154    295.068  
 0.0    295.203  
 12.7692307692    295.349  
 0.0    295.483  
 12.9230769231    295.618  
 0.0    295.752  
 13.0769230769    295.886  
 0.0    296.02  
 12.0    296.165  
 0.0    296.3  
 12.1538461538    296.433  
 0.0    296.566  
 12.3076923077    296.7  
 0.0    296.833  
 12.4615384615    296.967  
 0.0    297.1  
 11.3846153846    297.234  
 0.0    297.383  
 11.5384615385    297.517  
 0.0    297.651  
 11.6923076923    297.785  
 0.0    297.919  
 11.8461538462    298.053  
 0.0    298.187  
 10.7692307692    298.321  
 0.0    298.454  
 10.9230769231    298.588  
 0.0    298.722  
 11.0769230769    298.856  
 0.0    299.001  
 11.2307692308    299.135  
 0.0    299.269  
 10.1538461538    299.403  
 0.0    299.537  
 10.3076923077    299.671  
 0.0    299.805  
 10.4615384615    299.939  
 0.0    300.072  
 10.6153846154    300.206  
 0.0    300.34  
 9.53846153846    300.473  
 0.0    300.619  
 9.69230769231    300.754  
 0.0    300.887  
 9.84615384615    301.021  
 0.0    301.155  
 10.0    301.289  
 0.0    301.423  
 8.92307692308    301.557  
 0.0    301.69  
 9.07692307692    301.824  
 0.0    301.957  
 9.23076923077    302.091  
 0.0    302.224  
 9.38461538462    302.358  
 0.0    302.491  
 8.30769230769    302.625  
 0.0    302.77  
 8.46153846154    302.904  
 0.0    303.038  
 8.61538461538    303.171  
 0.0    303.305  
 8.76923076923    303.438  
 0.0    303.571  
 7.69230769231    303.705  
 0.0    303.839  
 7.84615384615    303.972  
 0.0    304.105  
 8.0    304.239  
 0.0    304.372  
 8.15384615385    304.506  
 0.0    304.64  
 7.07692307692    304.775  
 0.0    304.908  
 7.23076923077    305.042  
 0.0    305.176  
 7.38461538462    305.309  
 0.0    305.443  
 7.53846153846    305.578  
 0.0    305.723  
 6.46153846154    305.857  
 0.0    305.99  
 6.61538461538    306.125  
 0.0    306.261  
 6.76923076923    306.406  
 0.0    306.54  
 6.92307692308    306.674  
 0.0    306.808  
 5.84615384615    306.943  
 0.0    307.077  
 6.0    307.211  
 0.0    307.345  
 6.15384615385    307.479  
 0.0    307.624  
 6.30769230769    307.758  
 0.0    307.892  
 5.23076923077    308.027  
 0.0    308.162  
 5.38461538462    308.297  
 0.0    308.441  
 5.53846153846    308.575  
 0.0    308.71  
 5.69230769231    308.845  
 0.0    308.979  
 4.61538461538    309.114  
 0.0    309.258  
 4.76923076923    309.393  
 0.0    309.527  
 4.92307692308    309.661  
 0.0    309.796  
 5.07692307692    309.93  
 0.0    310.075  
 4.0    310.211  
 0.0    310.345  
 4.15384615385    310.479  
 0.0    310.614  
 4.30769230769    310.76  
 0.0    310.894  
 4.46153846154    311.03  
