 type    delay1    delay2    orientation    order    axis_response    A_DC    A_DC_dist    Q_DC    A_DF    A_DF_dist    Q_DF    A_DVF    Q_DVF    A_DVF_dist    Q_DVF_dist    A_T    Q_T    A_NT1    A_NT2    A_dist    Q_dist    A_NT1_dist    A_NT2_dist    distance_t_dist  
 1.0    7.0    12.0    1.0    2.0    1.0    116.0    126.0    2.0    295.0    321.9    4.0    38.0    1.0    220.0    3.0    116.0    2.0    295.0    38.0    126.0    2.0    321.9    220.0    10.0  
 1.0    7.0    12.0    -1.0    2.0    1.0    46.0    34.5    1.0    326.0    302.5    4.0    158.0    2.0    233.0    3.0    46.0    1.0    326.0    158.0    34.5    1.0    302.5    233.0    11.5  
 1.0    7.0    5.0    1.0    1.0    0.0    303.0    322.4    4.0    32.0    58.4    1.0    159.0    2.0    203.0    3.0    303.0    4.0    32.0    159.0    322.4    4.0    58.4    203.0    19.4  
 3.0    7.0    12.0    0.0    2.0    0.0    40.0    29.3    1.0    247.0    222.5    3.0    310.0    4.0    140.0    2.0    310.0    4.0    40.0    247.0    140.0    2.0    29.3    222.5    170.0  
 1.0    7.0    5.0    1.0    1.0    0.0    205.0    223.5    3.0    30.0    57.0    1.0    141.0    2.0    329.0    4.0    205.0    3.0    30.0    141.0    223.5    3.0    57.0    329.0    18.5  
 1.0    7.0    5.0    1.0    1.0    0.0    214.0    228.5    3.0    306.0    333.9    4.0    67.0    1.0    122.0    2.0    214.0    3.0    306.0    67.0    228.5    3.0    333.9    122.0    14.5  
 3.0    7.0    12.0    0.0    2.0    1.0    320.0    339.5    4.0    219.0    242.1    3.0    28.0    1.0    144.0    2.0    28.0    1.0    320.0    219.0    144.0    2.0    339.5    242.1    116.0  
 3.0    7.0    12.0    0.0    2.0    1.0    320.0    303.4    4.0    50.0    24.4    1.0    217.0    3.0    155.0    2.0    217.0    3.0    320.0    50.0    155.0    2.0    303.4    24.4    62.0  
 1.0    7.0    12.0    -1.0    2.0    0.0    339.0    325.8    4.0    46.0    24.5    1.0    152.0    2.0    223.0    3.0    339.0    4.0    46.0    152.0    325.8    4.0    24.5    223.0    13.2  
