 type    delay1    delay2    orientation    order    axis_response    A_DC    A_DC_dist    Q_DC    A_DF    A_DF_dist    Q_DF    A_DVF    Q_DVF    A_DVF_dist    Q_DVF_dist    A_T    Q_T    A_NT1    A_NT2    A_dist    Q_dist    A_NT1_dist    A_NT2_dist    distance_t_dist  
 3.0    7.0    5.0    0.0    1.0    1.0    217.0    206.7    3.0    55.0    25.5    1.0    304.0    4.0    155.0    2.0    304.0    4.0    217.0    55.0    155.0    2.0    206.7    25.5    149.0  
 1.0    7.0    5.0    -1.0    1.0    0.0    35.0    21.7    1.0    144.0    121.4    2.0    245.0    3.0    317.0    4.0    35.0    1.0    144.0    245.0    21.7    1.0    121.4    317.0    13.3  
 1.0    7.0    12.0    1.0    2.0    0.0    142.0    153.2    2.0    206.0    226.2    3.0    337.0    4.0    49.0    1.0    142.0    2.0    206.0    337.0    153.2    2.0    226.2    49.0    11.2  
 3.0    7.0    5.0    0.0    1.0    1.0    328.0    314.7    4.0    245.0    218.4    3.0    66.0    1.0    129.0    2.0    66.0    1.0    328.0    245.0    129.0    2.0    314.7    218.4    63.0  
 1.0    7.0    5.0    -1.0    1.0    0.0    319.0    300.5    4.0    230.0    209.8    3.0    60.0    1.0    125.0    2.0    319.0    4.0    230.0    60.0    300.5    4.0    209.8    125.0    18.5  
 3.0    7.0    12.0    0.0    2.0    0.0    153.0    136.9    2.0    247.0    218.4    3.0    294.0    4.0    43.0    1.0    294.0    4.0    153.0    247.0    43.0    1.0    136.9    218.4    109.0  
 1.0    7.0    5.0    1.0    1.0    1.0    233.0    246.7    3.0    35.0    62.5    1.0    111.0    2.0    311.0    4.0    233.0    3.0    35.0    111.0    246.7    3.0    62.5    311.0    13.7  
 3.0    7.0    12.0    0.0    2.0    1.0    240.0    222.6    3.0    62.0    37.7    1.0    143.0    2.0    308.0    4.0    143.0    2.0    240.0    62.0    308.0    4.0    222.6    37.7    165.0  
 1.0    7.0    5.0    -1.0    1.0    0.0    246.0    231.9    3.0    60.0    40.0    1.0    303.0    4.0    141.0    2.0    246.0    3.0    60.0    303.0    231.9    3.0    40.0    141.0    14.1  
 1.0    7.0    5.0    1.0    1.0    0.0    30.0    46.3    1.0    122.0    151.2    2.0    324.0    4.0    206.0    3.0    30.0    1.0    122.0    324.0    46.3    1.0    151.2    206.0    16.3  
 3.0    7.0    12.0    0.0    2.0    0.0    121.0    131.8    2.0    220.0    243.9    3.0    51.0    1.0    323.0    4.0    51.0    1.0    121.0    220.0    323.0    4.0    131.8    243.9    88.0  
 1.0    7.0    12.0    1.0    2.0    1.0    36.0    55.3    1.0    123.0    143.0    2.0    307.0    4.0    243.0    3.0    36.0    1.0    123.0    307.0    55.3    1.0    143.0    243.0    19.3  
 1.0    7.0    5.0    1.0    1.0    1.0    200.0    211.5    3.0    299.0    322.1    4.0    147.0    2.0    69.0    1.0    200.0    3.0    299.0    147.0    211.5    3.0    322.1    69.0    11.5  
 3.0    7.0    12.0    0.0    2.0    0.0    234.0    218.5    3.0    58.0    29.0    1.0    332.0    4.0    120.0    2.0    332.0    4.0    234.0    58.0    120.0    2.0    218.5    29.0    148.0  
 3.0    7.0    12.0    0.0    2.0    1.0    324.0    307.2    4.0    159.0    132.3    2.0    47.0    1.0    236.0    3.0    47.0    1.0    324.0    159.0    236.0    3.0    307.2    132.3    171.0  
 3.0    7.0    5.0    0.0    1.0    0.0    118.0    131.0    2.0    33.0    61.9    1.0    228.0    3.0    299.0    4.0    228.0    3.0    118.0    33.0    299.0    4.0    131.0    61.9    71.0  
 1.0    7.0    5.0    -1.0    1.0    1.0    229.0    210.3    3.0    50.0    27.9    1.0    153.0    2.0    291.0    4.0    229.0    3.0    50.0    153.0    210.3    3.0    27.9    291.0    18.7  
 3.0    7.0    5.0    0.0    1.0    1.0    209.0    228.0    3.0    295.0    320.3    4.0    114.0    2.0    38.0    1.0    114.0    2.0    209.0    295.0    38.0    1.0    228.0    320.3    76.0  
 3.0    7.0    5.0    0.0    1.0    0.0    158.0    145.4    2.0    237.0    216.0    3.0    49.0    1.0    334.0    4.0    49.0    1.0    158.0    237.0    334.0    4.0    145.4    216.0    75.0  
 3.0    7.0    5.0    0.0    1.0    1.0    293.0    304.8    4.0    37.0    58.7    1.0    143.0    2.0    231.0    3.0    143.0    2.0    293.0    37.0    231.0    3.0    304.8    58.7    88.0  
 3.0    7.0    5.0    0.0    1.0    1.0    69.0    55.3    1.0    324.0    298.8    4.0    154.0    2.0    243.0    3.0    154.0    2.0    69.0    324.0    243.0    3.0    55.3    298.8    89.0  
 1.0    7.0    5.0    1.0    1.0    0.0    293.0    305.1    4.0    25.0    48.3    1.0    242.0    3.0    154.0    2.0    293.0    4.0    25.0    242.0    305.1    4.0    48.3    154.0    12.1  
 1.0    7.0    5.0    1.0    1.0    1.0    316.0    329.9    4.0    115.0    139.8    2.0    28.0    1.0    216.0    3.0    316.0    4.0    115.0    28.0    329.9    4.0    139.8    216.0    13.9  
 3.0    7.0    5.0    0.0    1.0    1.0    328.0    339.1    4.0    118.0    139.9    2.0    244.0    3.0    37.0    1.0    244.0    3.0    328.0    118.0    37.0    1.0    339.1    139.9    153.0  
 3.0    7.0    5.0    0.0    1.0    0.0    31.0    43.8    1.0    312.0    336.8    4.0    126.0    2.0    209.0    3.0    126.0    2.0    31.0    312.0    209.0    3.0    43.8    336.8    83.0  
 1.0    7.0    5.0    -1.0    1.0    0.0    243.0    230.3    3.0    146.0    124.5    2.0    321.0    4.0    56.0    1.0    243.0    3.0    146.0    321.0    230.3    3.0    124.5    56.0    12.7  
 3.0    7.0    12.0    0.0    2.0    1.0    232.0    213.7    3.0    53.0    30.5    1.0    138.0    2.0    325.0    4.0    138.0    2.0    232.0    53.0    325.0    4.0    213.7    30.5    173.0  
 3.0    7.0    12.0    0.0    2.0    0.0    323.0    310.2    4.0    60.0    37.0    1.0    146.0    2.0    211.0    3.0    146.0    2.0    323.0    60.0    211.0    3.0    310.2    37.0    65.0  
 1.0    7.0    5.0    -1.0    1.0    0.0    139.0    120.3    2.0    231.0    202.2    3.0    63.0    1.0    311.0    4.0    139.0    2.0    231.0    63.0    120.3    2.0    202.2    311.0    18.7  
 3.0    7.0    12.0    0.0    2.0    1.0    151.0    134.3    2.0    316.0    290.4    4.0    37.0    1.0    247.0    3.0    37.0    1.0    151.0    316.0    247.0    3.0    134.3    290.4    150.0  
 3.0    7.0    5.0    0.0    1.0    0.0    68.0    50.3    1.0    315.0    293.8    4.0    214.0    3.0    151.0    2.0    214.0    3.0    68.0    315.0    151.0    2.0    50.3    293.8    63.0  
 1.0    7.0    12.0    1.0    2.0    0.0    111.0    130.0    2.0    307.0    333.7    4.0    25.0    1.0    226.0    3.0    111.0    2.0    307.0    25.0    130.0    2.0    333.7    226.0    19.0  
 3.0    7.0    12.0    0.0    2.0    0.0    44.0    54.7    1.0    111.0    138.0    2.0    296.0    4.0    242.0    3.0    296.0    4.0    44.0    111.0    242.0    3.0    54.7    138.0    54.0  
 3.0    7.0    5.0    0.0    1.0    0.0    58.0    40.9    1.0    230.0    202.6    3.0    306.0    4.0    115.0    2.0    306.0    4.0    58.0    230.0    115.0    2.0    40.9    202.6    169.0  
 3.0    7.0    12.0    0.0    2.0    1.0    323.0    305.3    4.0    57.0    37.0    1.0    111.0    2.0    231.0    3.0    111.0    2.0    323.0    57.0    231.0    3.0    305.3    37.0    120.0  
 3.0    7.0    5.0    0.0    1.0    1.0    53.0    67.6    1.0    217.0    243.6    3.0    138.0    2.0    332.0    4.0    138.0    2.0    53.0    217.0    332.0    4.0    67.6    243.6    166.0  
 3.0    7.0    5.0    0.0    1.0    0.0    314.0    298.5    4.0    52.0    24.9    1.0    221.0    3.0    152.0    2.0    221.0    3.0    314.0    52.0    152.0    2.0    298.5    24.9    69.0  
 1.0    7.0    12.0    -1.0    2.0    0.0    159.0    148.6    2.0    58.0    28.5    1.0    225.0    3.0    305.0    4.0    159.0    2.0    58.0    225.0    148.6    2.0    28.5    305.0    10.4  
 1.0    7.0    5.0    1.0    1.0    1.0    116.0    131.8    2.0    219.0    247.9    3.0    309.0    4.0    25.0    1.0    116.0    2.0    219.0    309.0    131.8    2.0    247.9    25.0    15.8  
 1.0    7.0    5.0    1.0    1.0    1.0    118.0    134.2    2.0    220.0    245.5    3.0    299.0    4.0    47.0    1.0    118.0    2.0    220.0    299.0    134.2    2.0    245.5    47.0    16.2  
 3.0    7.0    12.0    0.0    2.0    1.0    115.0    133.9    2.0    27.0    51.5    1.0    214.0    3.0    328.0    4.0    214.0    3.0    115.0    27.0    328.0    4.0    133.9    51.5    114.0  
 1.0    7.0    12.0    -1.0    2.0    1.0    48.0    31.6    1.0    242.0    220.9    3.0    121.0    2.0    317.0    4.0    48.0    1.0    242.0    121.0    31.6    1.0    220.9    317.0    16.4  
 3.0    7.0    5.0    0.0    1.0    1.0    315.0    327.6    4.0    118.0    145.4    2.0    30.0    1.0    221.0    3.0    30.0    1.0    315.0    118.0    221.0    3.0    327.6    145.4    169.0  
 3.0    7.0    12.0    0.0    2.0    1.0    317.0    305.9    4.0    248.0    223.0    3.0    138.0    2.0    41.0    1.0    138.0    2.0    317.0    248.0    41.0    1.0    305.9    223.0    97.0  
 1.0    7.0    12.0    -1.0    2.0    1.0    302.0    291.8    4.0    228.0    204.4    3.0    135.0    2.0    57.0    1.0    302.0    4.0    228.0    135.0    291.8    4.0    204.4    57.0    10.2  
 1.0    7.0    12.0    1.0    2.0    1.0    295.0    309.3    4.0    33.0    60.7    1.0    114.0    2.0    241.0    3.0    295.0    4.0    33.0    114.0    309.3    4.0    60.7    241.0    14.3  
 3.0    7.0    5.0    0.0    1.0    1.0    144.0    126.6    2.0    315.0    292.5    4.0    28.0    1.0    233.0    3.0    28.0    1.0    144.0    315.0    233.0    3.0    126.6    292.5    155.0  
 3.0    7.0    12.0    0.0    2.0    0.0    231.0    212.1    3.0    147.0    118.5    2.0    58.0    1.0    303.0    4.0    58.0    1.0    231.0    147.0    303.0    4.0    212.1    118.5    115.0  
 3.0    7.0    5.0    0.0    1.0    0.0    230.0    242.6    3.0    126.0    154.5    2.0    313.0    4.0    65.0    1.0    313.0    4.0    230.0    126.0    65.0    1.0    242.6    154.5    112.0  
 3.0    7.0    12.0    0.0    2.0    1.0    44.0    57.9    1.0    116.0    142.5    2.0    300.0    4.0    219.0    3.0    300.0    4.0    44.0    116.0    219.0    3.0    57.9    142.5    81.0  
 3.0    7.0    5.0    0.0    1.0    1.0    302.0    316.0    4.0    112.0    141.0    2.0    237.0    3.0    51.0    1.0    237.0    3.0    302.0    112.0    51.0    1.0    316.0    141.0    174.0  
 1.0    7.0    12.0    1.0    2.0    0.0    221.0    237.5    3.0    309.0    331.2    4.0    64.0    1.0    116.0    2.0    221.0    3.0    309.0    64.0    237.5    3.0    331.2    116.0    16.5  
 1.0    7.0    5.0    -1.0    1.0    1.0    136.0    125.3    2.0    236.0    206.8    3.0    61.0    1.0    337.0    4.0    136.0    2.0    236.0    61.0    125.3    2.0    206.8    337.0    10.7  
 3.0    7.0    12.0    0.0    2.0    0.0    215.0    228.8    3.0    115.0    140.7    2.0    301.0    4.0    51.0    1.0    301.0    4.0    215.0    115.0    51.0    1.0    228.8    140.7    110.0  
 1.0    7.0    5.0    1.0    1.0    0.0    136.0    146.1    2.0    292.0    313.2    4.0    45.0    1.0    229.0    3.0    136.0    2.0    292.0    45.0    146.1    2.0    313.2    229.0    10.1  
 1.0    7.0    5.0    -1.0    1.0    1.0    130.0    114.3    2.0    333.0    304.3    4.0    231.0    3.0    64.0    1.0    130.0    2.0    333.0    231.0    114.3    2.0    304.3    64.0    15.7  
 3.0    7.0    12.0    0.0    2.0    0.0    28.0    39.6    1.0    314.0    338.3    4.0    219.0    3.0    113.0    2.0    219.0    3.0    28.0    314.0    113.0    2.0    39.6    338.3    106.0  
 3.0    7.0    12.0    0.0    2.0    1.0    234.0    218.4    3.0    67.0    42.2    1.0    155.0    2.0    299.0    4.0    155.0    2.0    234.0    67.0    299.0    4.0    218.4    42.2    144.0  
 3.0    7.0    5.0    0.0    1.0    0.0    223.0    209.0    3.0    334.0    312.3    4.0    135.0    2.0    44.0    1.0    135.0    2.0    223.0    334.0    44.0    1.0    209.0    312.3    91.0  
 3.0    7.0    5.0    0.0    1.0    1.0    242.0    222.1    3.0    138.0    116.1    2.0    306.0    4.0    32.0    1.0    306.0    4.0    242.0    138.0    32.0    1.0    222.1    116.1    86.0  
 3.0    7.0    12.0    0.0    2.0    0.0    126.0    113.3    2.0    57.0    34.3    1.0    301.0    4.0    220.0    3.0    301.0    4.0    126.0    57.0    220.0    3.0    113.3    34.3    81.0  
 1.0    7.0    5.0    1.0    1.0    0.0    32.0    48.5    1.0    124.0    150.4    2.0    216.0    3.0    312.0    4.0    32.0    1.0    124.0    216.0    48.5    1.0    150.4    312.0    16.5  
 3.0    7.0    5.0    0.0    1.0    0.0    224.0    238.8    3.0    295.0    317.8    4.0    38.0    1.0    159.0    2.0    38.0    1.0    224.0    295.0    159.0    2.0    238.8    317.8    121.0  
 3.0    7.0    5.0    0.0    1.0    1.0    137.0    120.5    2.0    322.0    298.8    4.0    204.0    3.0    62.0    1.0    204.0    3.0    137.0    322.0    62.0    1.0    120.5    298.8    142.0  
 1.0    7.0    12.0    1.0    2.0    0.0    310.0    320.5    4.0    220.0    240.7    3.0    149.0    2.0    29.0    1.0    310.0    4.0    220.0    149.0    320.5    4.0    240.7    29.0    10.5  
 1.0    7.0    5.0    -1.0    1.0    0.0    339.0    321.6    4.0    153.0    125.4    2.0    239.0    3.0    30.0    1.0    339.0    4.0    153.0    239.0    321.6    4.0    125.4    30.0    17.4  
 3.0    7.0    5.0    0.0    1.0    0.0    43.0    56.0    1.0    116.0    145.4    2.0    304.0    4.0    235.0    3.0    304.0    4.0    43.0    116.0    235.0    3.0    56.0    145.4    69.0  
 1.0    7.0    5.0    1.0    1.0    1.0    302.0    319.7    4.0    130.0    154.8    2.0    63.0    1.0    221.0    3.0    302.0    4.0    130.0    63.0    319.7    4.0    154.8    221.0    17.7  
 3.0    7.0    5.0    0.0    1.0    0.0    58.0    69.1    1.0    301.0    324.9    4.0    121.0    2.0    228.0    3.0    121.0    2.0    58.0    301.0    228.0    3.0    69.1    324.9    107.0  
 1.0    7.0    5.0    -1.0    1.0    1.0    54.0    35.5    1.0    230.0    207.7    3.0    322.0    4.0    131.0    2.0    54.0    1.0    230.0    322.0    35.5    1.0    207.7    131.0    18.5  
 1.0    7.0    5.0    1.0    1.0    0.0    110.0    128.2    2.0    203.0    230.2    3.0    29.0    1.0    316.0    4.0    110.0    2.0    203.0    29.0    128.2    2.0    230.2    316.0    18.2  
 3.0    7.0    5.0    0.0    1.0    1.0    151.0    135.8    2.0    332.0    305.9    4.0    47.0    1.0    244.0    3.0    47.0    1.0    151.0    332.0    244.0    3.0    135.8    305.9    163.0  
 3.0    7.0    12.0    0.0    2.0    0.0    40.0    25.0    1.0    158.0    132.3    2.0    222.0    3.0    315.0    4.0    222.0    3.0    40.0    158.0    315.0    4.0    25.0    132.3    93.0  
 3.0    7.0    5.0    0.0    1.0    1.0    40.0    53.1    1.0    128.0    153.0    2.0    290.0    4.0    229.0    3.0    290.0    4.0    40.0    128.0    229.0    3.0    53.1    153.0    61.0  
 1.0    7.0    12.0    -1.0    2.0    0.0    238.0    220.5    3.0    145.0    115.5    2.0    303.0    4.0    66.0    1.0    238.0    3.0    145.0    303.0    220.5    3.0    115.5    66.0    17.5  
 3.0    7.0    5.0    0.0    1.0    1.0    234.0    217.9    3.0    149.0    126.1    2.0    56.0    1.0    305.0    4.0    56.0    1.0    234.0    149.0    305.0    4.0    217.9    126.1    111.0  
 1.0    7.0    12.0    1.0    2.0    1.0    208.0    218.3    3.0    123.0    152.5    2.0    32.0    1.0    314.0    4.0    208.0    3.0    123.0    32.0    218.3    3.0    152.5    314.0    10.3  
 1.0    7.0    12.0    -1.0    2.0    1.0    139.0    123.0    2.0    228.0    204.5    3.0    318.0    4.0    58.0    1.0    139.0    2.0    228.0    318.0    123.0    2.0    204.5    58.0    16.0  
 3.0    7.0    5.0    0.0    1.0    0.0    203.0    218.6    3.0    30.0    59.2    1.0    327.0    4.0    111.0    2.0    327.0    4.0    203.0    30.0    111.0    2.0    218.6    59.2    144.0  
 1.0    7.0    5.0    -1.0    1.0    1.0    140.0    128.1    2.0    58.0    34.3    1.0    248.0    3.0    322.0    4.0    140.0    2.0    58.0    248.0    128.1    2.0    34.3    322.0    11.9  
 3.0    7.0    5.0    0.0    1.0    1.0    137.0    122.6    2.0    42.0    21.2    1.0    242.0    3.0    339.0    4.0    242.0    3.0    137.0    42.0    339.0    4.0    122.6    21.2    97.0  
 1.0    7.0    12.0    -1.0    2.0    0.0    34.0    21.4    1.0    328.0    306.4    4.0    121.0    2.0    213.0    3.0    34.0    1.0    328.0    121.0    21.4    1.0    306.4    213.0    12.6  
 3.0    7.0    5.0    0.0    1.0    0.0    291.0    304.1    4.0    221.0    243.8    3.0    119.0    2.0    39.0    1.0    119.0    2.0    291.0    221.0    39.0    1.0    304.1    243.8    80.0  
 3.0    7.0    12.0    0.0    2.0    1.0    47.0    27.9    1.0    328.0    301.3    4.0    246.0    3.0    121.0    2.0    246.0    3.0    47.0    328.0    121.0    2.0    27.9    301.3    125.0  
 3.0    7.0    12.0    0.0    2.0    1.0    292.0    308.9    4.0    128.0    149.0    2.0    49.0    1.0    233.0    3.0    49.0    1.0    292.0    128.0    233.0    3.0    308.9    149.0    176.0  
 1.0    7.0    12.0    1.0    2.0    1.0    53.0    69.4    1.0    112.0    136.1    2.0    233.0    3.0    338.0    4.0    53.0    1.0    112.0    233.0    69.4    1.0    136.1    338.0    16.4  
 3.0    7.0    12.0    0.0    2.0    1.0    229.0    246.3    3.0    295.0    315.9    4.0    61.0    1.0    112.0    2.0    61.0    1.0    229.0    295.0    112.0    2.0    246.3    315.9    51.0  
 3.0    7.0    12.0    0.0    2.0    0.0    135.0    121.9    2.0    243.0    213.6    3.0    299.0    4.0    63.0    1.0    299.0    4.0    135.0    243.0    63.0    1.0    121.9    213.6    124.0  
 3.0    7.0    5.0    0.0    1.0    0.0    49.0    30.6    1.0    331.0    309.5    4.0    249.0    3.0    123.0    2.0    249.0    3.0    49.0    331.0    123.0    2.0    30.6    309.5    126.0  
 1.0    7.0    12.0    -1.0    2.0    0.0    227.0    209.8    3.0    325.0    295.7    4.0    122.0    2.0    24.0    1.0    227.0    3.0    325.0    122.0    209.8    3.0    295.7    24.0    17.2  
 3.0    7.0    5.0    0.0    1.0    1.0    336.0    325.5    4.0    50.0    23.2    1.0    131.0    2.0    233.0    3.0    131.0    2.0    336.0    50.0    233.0    3.0    325.5    23.2    102.0  
 1.0    7.0    5.0    1.0    1.0    0.0    221.0    231.6    3.0    309.0    335.2    4.0    31.0    1.0    120.0    2.0    221.0    3.0    309.0    31.0    231.6    3.0    335.2    120.0    10.6  
 3.0    7.0    12.0    0.0    2.0    0.0    327.0    316.0    4.0    243.0    216.8    3.0    118.0    2.0    46.0    1.0    118.0    2.0    327.0    243.0    46.0    1.0    316.0    216.8    72.0  
 1.0    7.0    12.0    -1.0    2.0    0.0    47.0    28.8    1.0    231.0    205.4    3.0    120.0    2.0    293.0    4.0    47.0    1.0    231.0    120.0    28.8    1.0    205.4    293.0    18.2  
 1.0    7.0    12.0    -1.0    2.0    0.0    138.0    123.4    2.0    337.0    315.1    4.0    49.0    1.0    226.0    3.0    138.0    2.0    337.0    49.0    123.4    2.0    315.1    226.0    14.6  
 3.0    7.0    5.0    0.0    1.0    1.0    309.0    328.1    4.0    204.0    228.2    3.0    33.0    1.0    129.0    2.0    33.0    1.0    309.0    204.0    129.0    2.0    328.1    228.2    96.0  
 1.0    7.0    5.0    -1.0    1.0    0.0    304.0    291.1    4.0    42.0    21.6    1.0    229.0    3.0    153.0    2.0    304.0    4.0    42.0    229.0    291.1    4.0    21.6    153.0    12.9  
 3.0    7.0    12.0    0.0    2.0    0.0    21.0    32.1    1.0    309.0    338.4    4.0    132.0    2.0    222.0    3.0    132.0    2.0    21.0    309.0    222.0    3.0    32.1    338.4    90.0  
 3.0    7.0    12.0    0.0    2.0    0.0    130.0    112.7    2.0    246.0    222.6    3.0    331.0    4.0    59.0    1.0    331.0    4.0    130.0    246.0    59.0    1.0    112.7    222.6    88.0  
 1.0    7.0    5.0    -1.0    1.0    0.0    231.0    219.4    3.0    60.0    39.4    1.0    126.0    2.0    295.0    4.0    231.0    3.0    60.0    126.0    219.4    3.0    39.4    295.0    11.6  
 1.0    7.0    12.0    1.0    2.0    1.0    200.0    218.9    3.0    122.0    145.4    2.0    311.0    4.0    65.0    1.0    200.0    3.0    122.0    311.0    218.9    3.0    145.4    65.0    18.9  
 3.0    7.0    5.0    0.0    1.0    1.0    219.0    238.8    3.0    23.0    43.0    1.0    300.0    4.0    125.0    2.0    300.0    4.0    219.0    23.0    125.0    2.0    238.8    43.0    175.0  
 3.0    7.0    12.0    0.0    2.0    0.0    123.0    138.0    2.0    209.0    238.9    3.0    34.0    1.0    303.0    4.0    34.0    1.0    123.0    209.0    303.0    4.0    138.0    238.9    91.0  
 1.0    7.0    5.0    -1.0    1.0    1.0    339.0    325.7    4.0    146.0    125.6    2.0    58.0    1.0    222.0    3.0    339.0    4.0    146.0    58.0    325.7    4.0    125.6    222.0    13.3  
 1.0    7.0    12.0    -1.0    2.0    0.0    39.0    28.9    1.0    248.0    219.0    3.0    336.0    4.0    128.0    2.0    39.0    1.0    248.0    336.0    28.9    1.0    219.0    128.0    10.1  
 1.0    7.0    12.0    1.0    2.0    1.0    31.0    49.3    1.0    312.0    339.9    4.0    118.0    2.0    242.0    3.0    31.0    1.0    312.0    118.0    49.3    1.0    339.9    242.0    18.3  
 3.0    7.0    12.0    0.0    2.0    1.0    203.0    218.9    3.0    290.0    314.0    4.0    62.0    1.0    116.0    2.0    62.0    1.0    203.0    290.0    116.0    2.0    218.9    314.0    54.0  
 3.0    7.0    12.0    0.0    2.0    1.0    124.0    138.0    2.0    224.0    246.3    3.0    67.0    1.0    331.0    4.0    67.0    1.0    124.0    224.0    331.0    4.0    138.0    246.3    96.0  
 1.0    7.0    12.0    -1.0    2.0    1.0    55.0    37.6    1.0    246.0    220.3    3.0    312.0    4.0    135.0    2.0    55.0    1.0    246.0    312.0    37.6    1.0    220.3    135.0    17.4  
 1.0    7.0    5.0    1.0    1.0    1.0    38.0    49.1    1.0    120.0    141.4    2.0    311.0    4.0    228.0    3.0    38.0    1.0    120.0    311.0    49.1    1.0    141.4    228.0    11.1  
 3.0    7.0    12.0    0.0    2.0    0.0    29.0    44.6    1.0    218.0    242.2    3.0    298.0    4.0    152.0    2.0    298.0    4.0    29.0    218.0    152.0    2.0    44.6    242.2    146.0  
 1.0    7.0    12.0    1.0    2.0    1.0    113.0    123.2    2.0    40.0    66.2    1.0    306.0    4.0    206.0    3.0    113.0    2.0    40.0    306.0    123.2    2.0    66.2    206.0    10.2  
 3.0    7.0    5.0    0.0    1.0    1.0    308.0    290.4    4.0    49.0    20.4    1.0    121.0    2.0    204.0    3.0    121.0    2.0    308.0    49.0    204.0    3.0    290.4    20.4    83.0  
 1.0    7.0    12.0    -1.0    2.0    1.0    245.0    225.6    3.0    150.0    121.8    2.0    69.0    1.0    304.0    4.0    245.0    3.0    150.0    69.0    225.6    3.0    121.8    304.0    19.4  
 1.0    7.0    12.0    1.0    2.0    1.0    231.0    245.0    3.0    315.0    336.2    4.0    140.0    2.0    65.0    1.0    231.0    3.0    315.0    140.0    245.0    3.0    336.2    65.0    14.0  
 3.0    7.0    5.0    0.0    1.0    0.0    58.0    40.6    1.0    324.0    295.8    4.0    157.0    2.0    223.0    3.0    157.0    2.0    58.0    324.0    223.0    3.0    40.6    295.8    66.0  
 1.0    7.0    12.0    1.0    2.0    1.0    291.0    308.5    4.0    117.0    138.1    2.0    27.0    1.0    242.0    3.0    291.0    4.0    117.0    27.0    308.5    4.0    138.1    242.0    17.5  
 3.0    7.0    5.0    0.0    1.0    1.0    41.0    58.0    1.0    209.0    230.3    3.0    322.0    4.0    129.0    2.0    322.0    4.0    41.0    209.0    129.0    2.0    58.0    230.3    167.0  
 1.0    7.0    5.0    1.0    1.0    0.0    120.0    137.3    2.0    311.0    332.8    4.0    58.0    1.0    226.0    3.0    120.0    2.0    311.0    58.0    137.3    2.0    332.8    226.0    17.3  
 1.0    7.0    5.0    1.0    1.0    0.0    202.0    216.9    3.0    33.0    61.4    1.0    156.0    2.0    332.0    4.0    202.0    3.0    33.0    156.0    216.9    3.0    61.4    332.0    14.9  
 1.0    7.0    5.0    -1.0    1.0    0.0    155.0    142.9    2.0    238.0    212.1    3.0    301.0    4.0    37.0    1.0    155.0    2.0    238.0    301.0    142.9    2.0    212.1    37.0    12.1  
 3.0    7.0    5.0    0.0    1.0    0.0    65.0    45.9    1.0    248.0    218.4    3.0    132.0    2.0    330.0    4.0    132.0    2.0    65.0    248.0    330.0    4.0    45.9    218.4    162.0  
 1.0    7.0    12.0    -1.0    2.0    0.0    129.0    110.1    2.0    238.0    216.5    3.0    319.0    4.0    30.0    1.0    129.0    2.0    238.0    319.0    110.1    2.0    216.5    30.0    18.9  
 3.0    7.0    12.0    0.0    2.0    1.0    154.0    136.3    2.0    312.0    291.2    4.0    204.0    3.0    57.0    1.0    204.0    3.0    154.0    312.0    57.0    1.0    136.3    291.2    147.0  
 3.0    7.0    12.0    0.0    2.0    0.0    313.0    326.1    4.0    220.0    249.2    3.0    150.0    2.0    26.0    1.0    150.0    2.0    313.0    220.0    26.0    1.0    326.1    249.2    124.0  
 1.0    7.0    12.0    1.0    2.0    1.0    296.0    310.0    4.0    200.0    223.1    3.0    54.0    1.0    145.0    2.0    296.0    4.0    200.0    54.0    310.0    4.0    223.1    145.0    14.0  
 1.0    7.0    12.0    1.0    2.0    1.0    229.0    245.5    3.0    28.0    54.7    1.0    313.0    4.0    129.0    2.0    229.0    3.0    28.0    313.0    245.5    3.0    54.7    129.0    16.5  
 1.0    7.0    12.0    -1.0    2.0    0.0    322.0    307.0    4.0    249.0    227.9    3.0    143.0    2.0    25.0    1.0    322.0    4.0    249.0    143.0    307.0    4.0    227.9    25.0    15.0  
 3.0    7.0    12.0    0.0    2.0    1.0    309.0    296.6    4.0    57.0    28.8    1.0    205.0    3.0    146.0    2.0    205.0    3.0    309.0    57.0    146.0    2.0    296.6    28.8    59.0  
 1.0    7.0    5.0    1.0    1.0    1.0    25.0    43.7    1.0    224.0    246.2    3.0    319.0    4.0    126.0    2.0    25.0    1.0    224.0    319.0    43.7    1.0    246.2    126.0    18.7  
 3.0    7.0    12.0    0.0    2.0    0.0    62.0    42.8    1.0    244.0    218.3    3.0    111.0    2.0    320.0    4.0    111.0    2.0    62.0    244.0    320.0    4.0    42.8    218.3    151.0  
 3.0    7.0    5.0    0.0    1.0    0.0    44.0    63.4    1.0    298.0    323.9    4.0    211.0    3.0    124.0    2.0    211.0    3.0    44.0    298.0    124.0    2.0    63.4    323.9    87.0  
 3.0    7.0    12.0    0.0    2.0    0.0    306.0    319.2    4.0    211.0    234.4    3.0    157.0    2.0    44.0    1.0    157.0    2.0    306.0    211.0    44.0    1.0    319.2    234.4    113.0  
 3.0    7.0    5.0    0.0    1.0    0.0    140.0    157.1    2.0    222.0    249.7    3.0    308.0    4.0    60.0    1.0    308.0    4.0    140.0    222.0    60.0    1.0    157.1    249.7    112.0  
 1.0    7.0    5.0    1.0    1.0    0.0    299.0    312.3    4.0    27.0    47.9    1.0    205.0    3.0    129.0    2.0    299.0    4.0    27.0    205.0    312.3    4.0    47.9    129.0    13.3  
 1.0    7.0    5.0    -1.0    1.0    1.0    247.0    228.4    3.0    148.0    118.1    2.0    51.0    1.0    300.0    4.0    247.0    3.0    148.0    51.0    228.4    3.0    118.1    300.0    18.6  
 1.0    7.0    12.0    -1.0    2.0    1.0    67.0    51.2    1.0    244.0    217.8    3.0    324.0    4.0    135.0    2.0    67.0    1.0    244.0    324.0    51.2    1.0    217.8    135.0    15.8  
 3.0    7.0    12.0    0.0    2.0    0.0    216.0    233.1    3.0    129.0    157.7    2.0    292.0    4.0    51.0    1.0    292.0    4.0    216.0    129.0    51.0    1.0    233.1    157.7    119.0  
 3.0    7.0    12.0    0.0    2.0    1.0    144.0    128.6    2.0    59.0    34.2    1.0    316.0    4.0    247.0    3.0    316.0    4.0    144.0    59.0    247.0    3.0    128.6    34.2    69.0  
 1.0    7.0    12.0    1.0    2.0    1.0    213.0    229.6    3.0    126.0    150.8    2.0    294.0    4.0    66.0    1.0    213.0    3.0    126.0    294.0    229.6    3.0    150.8    66.0    16.6  
 1.0    7.0    5.0    -1.0    1.0    0.0    245.0    232.7    3.0    323.0    299.4    4.0    31.0    1.0    123.0    2.0    245.0    3.0    323.0    31.0    232.7    3.0    299.4    123.0    12.3  
 3.0    7.0    12.0    0.0    2.0    1.0    121.0    138.5    2.0    31.0    56.8    1.0    316.0    4.0    208.0    3.0    316.0    4.0    121.0    31.0    208.0    3.0    138.5    56.8    108.0  
 1.0    7.0    5.0    1.0    1.0    1.0    212.0    223.0    3.0    110.0    131.7    2.0    334.0    4.0    20.0    1.0    212.0    3.0    110.0    334.0    223.0    3.0    131.7    20.0    11.0  
 3.0    7.0    5.0    0.0    1.0    1.0    46.0    57.3    1.0    215.0    241.4    3.0    119.0    2.0    330.0    4.0    119.0    2.0    46.0    215.0    330.0    4.0    57.3    241.4    149.0  
 3.0    7.0    12.0    0.0    2.0    0.0    59.0    47.9    1.0    150.0    127.7    2.0    203.0    3.0    315.0    4.0    203.0    3.0    59.0    150.0    315.0    4.0    47.9    127.7    112.0  
 1.0    7.0    12.0    -1.0    2.0    0.0    317.0    302.4    4.0    147.0    120.5    2.0    208.0    3.0    45.0    1.0    317.0    4.0    147.0    208.0    302.4    4.0    120.5    45.0    14.6  
 3.0    7.0    5.0    0.0    1.0    1.0    118.0    131.2    2.0    223.0    247.4    3.0    55.0    1.0    305.0    4.0    55.0    1.0    118.0    223.0    305.0    4.0    131.2    247.4    110.0  
 3.0    7.0    12.0    0.0    2.0    1.0    132.0    151.1    2.0    202.0    222.3    3.0    42.0    1.0    329.0    4.0    42.0    1.0    132.0    202.0    329.0    4.0    151.1    222.3    73.0  
 3.0    7.0    5.0    0.0    1.0    0.0    113.0    132.6    2.0    41.0    68.4    1.0    301.0    4.0    211.0    3.0    301.0    4.0    113.0    41.0    211.0    3.0    132.6    68.4    90.0  
 1.0    7.0    5.0    1.0    1.0    1.0    40.0    51.6    1.0    201.0    230.1    3.0    146.0    2.0    309.0    4.0    40.0    1.0    201.0    146.0    51.6    1.0    230.1    309.0    11.6  
 1.0    7.0    12.0    1.0    2.0    0.0    228.0    245.0    3.0    132.0    153.2    2.0    61.0    1.0    290.0    4.0    228.0    3.0    132.0    61.0    245.0    3.0    153.2    290.0    17.0  
 1.0    7.0    5.0    -1.0    1.0    0.0    143.0    130.4    2.0    69.0    39.4    1.0    315.0    4.0    240.0    3.0    143.0    2.0    69.0    315.0    130.4    2.0    39.4    240.0    12.6  
 3.0    7.0    12.0    0.0    2.0    1.0    144.0    159.6    2.0    214.0    236.3    3.0    325.0    4.0    63.0    1.0    325.0    4.0    144.0    214.0    63.0    1.0    159.6    236.3    98.0  
 1.0    7.0    12.0    1.0    2.0    0.0    134.0    146.1    2.0    205.0    228.3    3.0    65.0    1.0    294.0    4.0    134.0    2.0    205.0    65.0    146.1    2.0    228.3    294.0    12.1  
 1.0    7.0    12.0    -1.0    2.0    0.0    232.0    215.9    3.0    66.0    46.0    1.0    132.0    2.0    303.0    4.0    232.0    3.0    66.0    132.0    215.9    3.0    46.0    303.0    16.1  
 3.0    7.0    12.0    0.0    2.0    1.0    62.0    46.7    1.0    315.0    292.5    4.0    114.0    2.0    225.0    3.0    114.0    2.0    62.0    315.0    225.0    3.0    46.7    292.5    111.0  
 3.0    7.0    5.0    0.0    1.0    1.0    119.0    136.4    2.0    36.0    60.8    1.0    326.0    4.0    216.0    3.0    326.0    4.0    119.0    36.0    216.0    3.0    136.4    60.8    110.0  
 3.0    7.0    12.0    0.0    2.0    0.0    145.0    134.5    2.0    47.0    26.5    1.0    222.0    3.0    316.0    4.0    222.0    3.0    145.0    47.0    316.0    4.0    134.5    26.5    94.0  
 1.0    7.0    12.0    1.0    2.0    0.0    116.0    130.8    2.0    213.0    239.2    3.0    38.0    1.0    329.0    4.0    116.0    2.0    213.0    38.0    130.8    2.0    239.2    329.0    14.8  
 3.0    7.0    12.0    0.0    2.0    1.0    132.0    117.2    2.0    51.0    21.5    1.0    298.0    4.0    229.0    3.0    298.0    4.0    132.0    51.0    229.0    3.0    117.2    21.5    69.0  
 1.0    7.0    12.0    -1.0    2.0    1.0    214.0    202.2    3.0    333.0    313.0    4.0    65.0    1.0    139.0    2.0    214.0    3.0    333.0    65.0    202.2    3.0    313.0    139.0    11.8  
 3.0    7.0    5.0    0.0    1.0    1.0    30.0    41.5    1.0    118.0    141.9    2.0    233.0    3.0    317.0    4.0    233.0    3.0    30.0    118.0    317.0    4.0    41.5    141.9    84.0  
 1.0    7.0    5.0    -1.0    1.0    1.0    333.0    315.4    4.0    226.0    200.8    3.0    51.0    1.0    128.0    2.0    333.0    4.0    226.0    51.0    315.4    4.0    200.8    128.0    17.6  
 1.0    7.0    12.0    1.0    2.0    0.0    327.0    337.2    4.0    114.0    137.2    2.0    240.0    3.0    57.0    1.0    327.0    4.0    114.0    240.0    337.2    4.0    137.2    57.0    10.2  
 3.0    7.0    12.0    0.0    2.0    1.0    221.0    201.1    3.0    323.0    294.7    4.0    25.0    1.0    125.0    2.0    25.0    1.0    221.0    323.0    125.0    2.0    201.1    294.7    100.0  
 3.0    7.0    12.0    0.0    2.0    0.0    23.0    38.5    1.0    203.0    223.5    3.0    313.0    4.0    119.0    2.0    313.0    4.0    23.0    203.0    119.0    2.0    38.5    223.5    166.0  
 1.0    7.0    12.0    -1.0    2.0    1.0    56.0    42.4    1.0    232.0    203.4    3.0    143.0    2.0    323.0    4.0    56.0    1.0    232.0    143.0    42.4    1.0    203.4    323.0    13.6  
 3.0    7.0    5.0    0.0    1.0    1.0    49.0    29.2    1.0    148.0    125.8    2.0    230.0    3.0    330.0    4.0    230.0    3.0    49.0    148.0    330.0    4.0    29.2    125.8    100.0  
 1.0    7.0    5.0    1.0    1.0    1.0    117.0    130.7    2.0    304.0    324.1    4.0    35.0    1.0    233.0    3.0    117.0    2.0    304.0    35.0    130.7    2.0    324.1    233.0    13.7  
 3.0    7.0    12.0    0.0    2.0    0.0    230.0    245.3    3.0    297.0    323.6    4.0    145.0    2.0    32.0    1.0    145.0    2.0    230.0    297.0    32.0    1.0    245.3    323.6    113.0  
 1.0    7.0    12.0    1.0    2.0    1.0    36.0    51.5    1.0    215.0    242.2    3.0    303.0    4.0    129.0    2.0    36.0    1.0    215.0    303.0    51.5    1.0    242.2    129.0    15.5  
 3.0    7.0    12.0    0.0    2.0    0.0    68.0    52.2    1.0    139.0    112.6    2.0    244.0    3.0    320.0    4.0    244.0    3.0    68.0    139.0    320.0    4.0    52.2    112.6    76.0  
 1.0    7.0    5.0    1.0    1.0    0.0    213.0    226.4    3.0    296.0    317.7    4.0    27.0    1.0    158.0    2.0    213.0    3.0    296.0    27.0    226.4    3.0    317.7    158.0    13.4  
 1.0    7.0    12.0    -1.0    2.0    0.0    240.0    224.7    3.0    150.0    125.8    2.0    320.0    4.0    37.0    1.0    240.0    3.0    150.0    320.0    224.7    3.0    125.8    37.0    15.3  
 1.0    7.0    5.0    -1.0    1.0    0.0    225.0    206.0    3.0    318.0    294.6    4.0    37.0    1.0    150.0    2.0    225.0    3.0    318.0    37.0    206.0    3.0    294.6    150.0    19.0  
 3.0    7.0    12.0    0.0    2.0    1.0    119.0    134.6    2.0    315.0    339.8    4.0    234.0    3.0    20.0    1.0    234.0    3.0    119.0    315.0    20.0    1.0    134.6    339.8    146.0  
 3.0    7.0    12.0    0.0    2.0    0.0    120.0    138.7    2.0    40.0    69.8    1.0    299.0    4.0    234.0    3.0    299.0    4.0    120.0    40.0    234.0    3.0    138.7    69.8    65.0  
 1.0    7.0    12.0    1.0    2.0    1.0    320.0    337.7    4.0    129.0    158.0    2.0    201.0    3.0    27.0    1.0    320.0    4.0    129.0    201.0    337.7    4.0    158.0    27.0    17.7  
 3.0    7.0    5.0    0.0    1.0    1.0    306.0    325.4    4.0    212.0    235.4    3.0    23.0    1.0    137.0    2.0    23.0    1.0    306.0    212.0    137.0    2.0    325.4    235.4    114.0  
 3.0    7.0    12.0    0.0    2.0    0.0    339.0    319.2    4.0    56.0    29.0    1.0    201.0    3.0    156.0    2.0    201.0    3.0    339.0    56.0    156.0    2.0    319.2    29.0    45.0  
 1.0    7.0    5.0    1.0    1.0    1.0    205.0    221.6    3.0    310.0    338.8    4.0    56.0    1.0    116.0    2.0    205.0    3.0    310.0    56.0    221.6    3.0    338.8    116.0    16.6  
 3.0    7.0    5.0    0.0    1.0    0.0    48.0    35.4    1.0    230.0    201.9    3.0    121.0    2.0    323.0    4.0    121.0    2.0    48.0    230.0    323.0    4.0    35.4    201.9    158.0  
 1.0    7.0    5.0    -1.0    1.0    1.0    65.0    54.5    1.0    246.0    225.6    3.0    123.0    2.0    314.0    4.0    65.0    1.0    246.0    123.0    54.5    1.0    225.6    314.0    10.5  
 1.0    7.0    5.0    -1.0    1.0    0.0    326.0    307.3    4.0    46.0    20.1    1.0    127.0    2.0    226.0    3.0    326.0    4.0    46.0    127.0    307.3    4.0    20.1    226.0    18.7  
 3.0    7.0    12.0    0.0    2.0    0.0    295.0    312.5    4.0    218.0    246.0    3.0    40.0    1.0    151.0    2.0    40.0    1.0    295.0    218.0    151.0    2.0    312.5    246.0    111.0  
 3.0    7.0    12.0    0.0    2.0    0.0    323.0    309.9    4.0    61.0    32.1    1.0    225.0    3.0    116.0    2.0    225.0    3.0    323.0    61.0    116.0    2.0    309.9    32.1    109.0  
 3.0    7.0    12.0    0.0    2.0    0.0    43.0    53.9    1.0    305.0    327.7    4.0    154.0    2.0    222.0    3.0    154.0    2.0    43.0    305.0    222.0    3.0    53.9    327.7    68.0  
 3.0    7.0    12.0    0.0    2.0    0.0    21.0    36.1    1.0    216.0    243.9    3.0    320.0    4.0    111.0    2.0    320.0    4.0    21.0    216.0    111.0    2.0    36.1    243.9    151.0  
 1.0    7.0    12.0    -1.0    2.0    0.0    148.0    130.8    2.0    324.0    300.6    4.0    24.0    1.0    241.0    3.0    148.0    2.0    324.0    24.0    130.8    2.0    300.6    241.0    17.2  
 1.0    7.0    12.0    -1.0    2.0    0.0    68.0    54.9    1.0    150.0    124.5    2.0    312.0    4.0    214.0    3.0    68.0    1.0    150.0    312.0    54.9    1.0    124.5    214.0    13.1  
 3.0    7.0    5.0    0.0    1.0    0.0    51.0    33.8    1.0    331.0    304.8    4.0    249.0    3.0    158.0    2.0    249.0    3.0    51.0    331.0    158.0    2.0    33.8    304.8    91.0  
 1.0    7.0    12.0    1.0    2.0    0.0    113.0    123.7    2.0    213.0    241.2    3.0    304.0    4.0    41.0    1.0    113.0    2.0    213.0    304.0    123.7    2.0    241.2    41.0    10.7  
 3.0    7.0    5.0    0.0    1.0    0.0    314.0    325.9    4.0    114.0    142.7    2.0    32.0    1.0    236.0    3.0    32.0    1.0    314.0    114.0    236.0    3.0    325.9    142.7    156.0  
 1.0    7.0    12.0    -1.0    2.0    0.0    303.0    291.6    4.0    50.0    29.0    1.0    117.0    2.0    225.0    3.0    303.0    4.0    50.0    117.0    291.6    4.0    29.0    225.0    11.4  
 3.0    7.0    5.0    0.0    1.0    1.0    121.0    110.9    2.0    339.0    315.4    4.0    222.0    3.0    62.0    1.0    222.0    3.0    121.0    339.0    62.0    1.0    110.9    315.4    160.0  
 1.0    7.0    12.0    1.0    2.0    1.0    205.0    215.3    3.0    22.0    42.1    1.0    331.0    4.0    147.0    2.0    205.0    3.0    22.0    331.0    215.3    3.0    42.1    147.0    10.3  
 3.0    7.0    12.0    0.0    2.0    0.0    39.0    28.0    1.0    332.0    306.2    4.0    144.0    2.0    249.0    3.0    144.0    2.0    39.0    332.0    249.0    3.0    28.0    306.2    105.0  
 1.0    7.0    12.0    1.0    2.0    1.0    232.0    244.1    3.0    299.0    327.4    4.0    125.0    2.0    43.0    1.0    232.0    3.0    299.0    125.0    244.1    3.0    327.4    43.0    12.1  
 3.0    7.0    5.0    0.0    1.0    1.0    60.0    48.0    1.0    328.0    300.5    4.0    135.0    2.0    230.0    3.0    135.0    2.0    60.0    328.0    230.0    3.0    48.0    300.5    95.0  
 1.0    7.0    12.0    1.0    2.0    0.0    307.0    320.4    4.0    47.0    68.4    1.0    213.0    3.0    110.0    2.0    307.0    4.0    47.0    213.0    320.4    4.0    68.4    110.0    13.4  
 3.0    7.0    5.0    0.0    1.0    1.0    154.0    135.8    2.0    50.0    27.6    1.0    240.0    3.0    312.0    4.0    240.0    3.0    154.0    50.0    312.0    4.0    135.8    27.6    72.0  
 1.0    7.0    12.0    -1.0    2.0    1.0    231.0    214.6    3.0    46.0    22.6    1.0    111.0    2.0    316.0    4.0    231.0    3.0    46.0    111.0    214.6    3.0    22.6    316.0    16.4  
 3.0    7.0    12.0    0.0    2.0    1.0    203.0    215.6    3.0    21.0    49.1    1.0    155.0    2.0    308.0    4.0    155.0    2.0    203.0    21.0    308.0    4.0    215.6    49.1    153.0  
 3.0    7.0    5.0    0.0    1.0    1.0    130.0    119.3    2.0    325.0    296.6    4.0    243.0    3.0    22.0    1.0    243.0    3.0    130.0    325.0    22.0    1.0    119.3    296.6    139.0  
 3.0    7.0    12.0    0.0    2.0    0.0    249.0    234.1    3.0    322.0    296.3    4.0    120.0    2.0    63.0    1.0    120.0    2.0    249.0    322.0    63.0    1.0    234.1    296.3    57.0  
 3.0    7.0    5.0    0.0    1.0    1.0    54.0    36.2    1.0    247.0    223.0    3.0    293.0    4.0    129.0    2.0    293.0    4.0    54.0    247.0    129.0    2.0    36.2    223.0    164.0  
 1.0    7.0    5.0    1.0    1.0    1.0    221.0    238.8    3.0    311.0    332.7    4.0    28.0    1.0    158.0    2.0    221.0    3.0    311.0    28.0    238.8    3.0    332.7    158.0    17.8  
 3.0    7.0    5.0    0.0    1.0    0.0    25.0    35.1    1.0    116.0    144.6    2.0    237.0    3.0    328.0    4.0    237.0    3.0    25.0    116.0    328.0    4.0    35.1    144.6    91.0  
 1.0    7.0    5.0    1.0    1.0    0.0    211.0    223.1    3.0    304.0    331.7    4.0    61.0    1.0    140.0    2.0    211.0    3.0    304.0    61.0    223.1    3.0    331.7    140.0    12.1  
 3.0    7.0    5.0    0.0    1.0    1.0    321.0    332.0    4.0    28.0    56.2    1.0    151.0    2.0    226.0    3.0    151.0    2.0    321.0    28.0    226.0    3.0    332.0    56.2    75.0  
 1.0    7.0    12.0    -1.0    2.0    1.0    53.0    35.8    1.0    147.0    126.8    2.0    313.0    4.0    206.0    3.0    53.0    1.0    147.0    313.0    35.8    1.0    126.8    206.0    17.2  
 3.0    7.0    12.0    0.0    2.0    1.0    310.0    294.6    4.0    68.0    39.5    1.0    136.0    2.0    248.0    3.0    136.0    2.0    310.0    68.0    248.0    3.0    294.6    39.5    112.0  
 1.0    7.0    5.0    1.0    1.0    0.0    25.0    37.5    1.0    316.0    337.6    4.0    133.0    2.0    233.0    3.0    25.0    1.0    316.0    133.0    37.5    1.0    337.6    233.0    12.5  
 1.0    7.0    12.0    1.0    2.0    1.0    35.0    46.8    1.0    294.0    315.5    4.0    229.0    3.0    144.0    2.0    35.0    1.0    294.0    229.0    46.8    1.0    315.5    144.0    11.8  
 1.0    7.0    5.0    1.0    1.0    1.0    218.0    234.5    3.0    22.0    45.7    1.0    125.0    2.0    324.0    4.0    218.0    3.0    22.0    125.0    234.5    3.0    45.7    324.0    16.5  
 3.0    7.0    5.0    0.0    1.0    1.0    216.0    202.7    3.0    325.0    304.4    4.0    111.0    2.0    40.0    1.0    111.0    2.0    216.0    325.0    40.0    1.0    202.7    304.4    71.0  
 1.0    7.0    5.0    1.0    1.0    1.0    300.0    311.2    4.0    220.0    244.8    3.0    136.0    2.0    49.0    1.0    300.0    4.0    220.0    136.0    311.2    4.0    244.8    49.0    11.2  
 3.0    7.0    5.0    0.0    1.0    1.0    145.0    131.2    2.0    229.0    208.6    3.0    58.0    1.0    298.0    4.0    58.0    1.0    145.0    229.0    298.0    4.0    131.2    208.6    120.0  
 1.0    7.0    12.0    -1.0    2.0    1.0    158.0    143.5    2.0    67.0    41.4    1.0    299.0    4.0    219.0    3.0    158.0    2.0    67.0    299.0    143.5    2.0    41.4    219.0    14.5  
 1.0    7.0    12.0    1.0    2.0    1.0    312.0    327.6    4.0    35.0    56.7    1.0    208.0    3.0    149.0    2.0    312.0    4.0    35.0    208.0    327.6    4.0    56.7    149.0    15.6  
 1.0    7.0    5.0    1.0    1.0    1.0    304.0    323.1    4.0    38.0    58.4    1.0    112.0    2.0    242.0    3.0    304.0    4.0    38.0    112.0    323.1    4.0    58.4    242.0    19.1  
 3.0    7.0    12.0    0.0    2.0    0.0    122.0    137.4    2.0    39.0    59.8    1.0    317.0    4.0    249.0    3.0    317.0    4.0    122.0    39.0    249.0    3.0    137.4    59.8    68.0  
 1.0    7.0    12.0    -1.0    2.0    1.0    212.0    201.3    3.0    58.0    36.4    1.0    132.0    2.0    322.0    4.0    212.0    3.0    58.0    132.0    201.3    3.0    36.4    322.0    10.7  
 3.0    7.0    5.0    0.0    1.0    1.0    125.0    144.4    2.0    206.0    234.6    3.0    61.0    1.0    338.0    4.0    61.0    1.0    125.0    206.0    338.0    4.0    144.4    234.6    83.0  
 1.0    7.0    12.0    -1.0    2.0    0.0    322.0    305.8    4.0    143.0    122.3    2.0    51.0    1.0    229.0    3.0    322.0    4.0    143.0    51.0    305.8    4.0    122.3    229.0    16.2  
 1.0    7.0    12.0    1.0    2.0    0.0    307.0    318.4    4.0    209.0    237.1    3.0    55.0    1.0    136.0    2.0    307.0    4.0    209.0    55.0    318.4    4.0    237.1    136.0    11.4  
 3.0    7.0    5.0    0.0    1.0    1.0    132.0    118.6    2.0    320.0    299.1    4.0    33.0    1.0    232.0    3.0    33.0    1.0    132.0    320.0    232.0    3.0    118.6    299.1    161.0  
 1.0    7.0    12.0    1.0    2.0    1.0    316.0    330.3    4.0    49.0    69.6    1.0    213.0    3.0    132.0    2.0    316.0    4.0    49.0    213.0    330.3    4.0    69.6    132.0    14.3  
 1.0    7.0    5.0    -1.0    1.0    0.0    46.0    30.1    1.0    239.0    214.4    3.0    333.0    4.0    121.0    2.0    46.0    1.0    239.0    333.0    30.1    1.0    214.4    121.0    15.9  
 3.0    7.0    12.0    0.0    2.0    0.0    317.0    329.3    4.0    126.0    150.8    2.0    64.0    1.0    212.0    3.0    64.0    1.0    317.0    126.0    212.0    3.0    329.3    150.8    148.0  
 1.0    7.0    5.0    1.0    1.0    0.0    303.0    314.1    4.0    118.0    147.5    2.0    201.0    3.0    28.0    1.0    303.0    4.0    118.0    201.0    314.1    4.0    147.5    28.0    11.1  
 1.0    7.0    12.0    -1.0    2.0    0.0    67.0    54.5    1.0    149.0    127.0    2.0    305.0    4.0    232.0    3.0    67.0    1.0    149.0    305.0    54.5    1.0    127.0    232.0    12.5  
 1.0    7.0    12.0    1.0    2.0    1.0    132.0    151.5    2.0    32.0    59.5    1.0    240.0    3.0    290.0    4.0    132.0    2.0    32.0    240.0    151.5    2.0    59.5    290.0    19.5  
 1.0    7.0    5.0    -1.0    1.0    0.0    142.0    125.8    2.0    230.0    208.9    3.0    330.0    4.0    56.0    1.0    142.0    2.0    230.0    330.0    125.8    2.0    208.9    56.0    16.2  
 3.0    7.0    5.0    0.0    1.0    1.0    247.0    229.2    3.0    57.0    29.2    1.0    334.0    4.0    134.0    2.0    334.0    4.0    247.0    57.0    134.0    2.0    229.2    29.2    160.0  
 1.0    7.0    12.0    -1.0    2.0    0.0    328.0    316.1    4.0    236.0    208.4    3.0    140.0    2.0    37.0    1.0    328.0    4.0    236.0    140.0    316.1    4.0    208.4    37.0    11.9  
 3.0    7.0    5.0    0.0    1.0    1.0    37.0    20.5    1.0    149.0    127.7    2.0    221.0    3.0    299.0    4.0    221.0    3.0    37.0    149.0    299.0    4.0    20.5    127.7    78.0  
 3.0    7.0    5.0    0.0    1.0    1.0    337.0    321.7    4.0    140.0    112.7    2.0    209.0    3.0    45.0    1.0    209.0    3.0    337.0    140.0    45.0    1.0    321.7    112.7    164.0  
 1.0    7.0    12.0    1.0    2.0    1.0    311.0    325.0    4.0    133.0    155.9    2.0    48.0    1.0    243.0    3.0    311.0    4.0    133.0    48.0    325.0    4.0    155.9    243.0    14.0  
 3.0    7.0    12.0    0.0    2.0    0.0    35.0    21.7    1.0    231.0    203.0    3.0    334.0    4.0    131.0    2.0    334.0    4.0    35.0    231.0    131.0    2.0    21.7    203.0    157.0  
 1.0    7.0    5.0    -1.0    1.0    0.0    326.0    307.0    4.0    233.0    204.5    3.0    50.0    1.0    136.0    2.0    326.0    4.0    233.0    50.0    307.0    4.0    204.5    136.0    19.0  
 3.0    7.0    5.0    0.0    1.0    0.0    38.0    55.1    1.0    290.0    312.5    4.0    149.0    2.0    248.0    3.0    149.0    2.0    38.0    290.0    248.0    3.0    55.1    312.5    99.0  
 1.0    7.0    12.0    1.0    2.0    0.0    56.0    66.5    1.0    131.0    154.3    2.0    319.0    4.0    215.0    3.0    56.0    1.0    131.0    319.0    66.5    1.0    154.3    215.0    10.5  
 3.0    7.0    12.0    0.0    2.0    0.0    120.0    135.0    2.0    33.0    59.4    1.0    209.0    3.0    293.0    4.0    209.0    3.0    120.0    33.0    293.0    4.0    135.0    59.4    84.0  
 1.0    7.0    5.0    -1.0    1.0    0.0    46.0    33.3    1.0    327.0    301.3    4.0    124.0    2.0    224.0    3.0    46.0    1.0    327.0    124.0    33.3    1.0    301.3    224.0    12.7  
 1.0    7.0    12.0    -1.0    2.0    0.0    243.0    232.9    3.0    68.0    47.2    1.0    321.0    4.0    125.0    2.0    243.0    3.0    68.0    321.0    232.9    3.0    47.2    125.0    10.1  
 1.0    7.0    5.0    -1.0    1.0    0.0    125.0    110.7    2.0    317.0    293.4    4.0    63.0    1.0    242.0    3.0    125.0    2.0    317.0    63.0    110.7    2.0    293.4    242.0    14.3  
 3.0    7.0    12.0    0.0    2.0    1.0    221.0    209.2    3.0    66.0    36.1    1.0    135.0    2.0    322.0    4.0    135.0    2.0    221.0    66.0    322.0    4.0    209.2    36.1    173.0  
 3.0    7.0    12.0    0.0    2.0    0.0    238.0    248.5    3.0    127.0    156.7    2.0    316.0    4.0    24.0    1.0    316.0    4.0    238.0    127.0    24.0    1.0    248.5    156.7    68.0  
 3.0    7.0    5.0    0.0    1.0    1.0    124.0    142.4    2.0    301.0    327.7    4.0    243.0    3.0    40.0    1.0    243.0    3.0    124.0    301.0    40.0    1.0    142.4    327.7    157.0  
 1.0    7.0    5.0    1.0    1.0    1.0    31.0    46.9    1.0    133.0    156.0    2.0    294.0    4.0    248.0    3.0    31.0    1.0    133.0    294.0    46.9    1.0    156.0    248.0    15.9  
 1.0    7.0    12.0    -1.0    2.0    1.0    323.0    304.8    4.0    64.0    40.3    1.0    123.0    2.0    216.0    3.0    323.0    4.0    64.0    123.0    304.8    4.0    40.3    216.0    18.2  
 1.0    7.0    5.0    -1.0    1.0    0.0    249.0    231.9    3.0    334.0    305.0    4.0    132.0    2.0    32.0    1.0    249.0    3.0    334.0    132.0    231.9    3.0    305.0    32.0    17.1  
 3.0    7.0    12.0    0.0    2.0    0.0    330.0    313.1    4.0    241.0    215.2    3.0    36.0    1.0    133.0    2.0    36.0    1.0    330.0    241.0    133.0    2.0    313.1    215.2    97.0  
 3.0    7.0    12.0    0.0    2.0    1.0    44.0    33.3    1.0    244.0    221.1    3.0    319.0    4.0    127.0    2.0    319.0    4.0    44.0    244.0    127.0    2.0    33.3    221.1    168.0  
 1.0    7.0    5.0    -1.0    1.0    1.0    158.0    142.4    2.0    316.0    294.3    4.0    62.0    1.0    201.0    3.0    158.0    2.0    316.0    62.0    142.4    2.0    294.3    201.0    15.6  
 3.0    7.0    12.0    0.0    2.0    1.0    44.0    63.3    1.0    126.0    154.5    2.0    327.0    4.0    238.0    3.0    327.0    4.0    44.0    126.0    238.0    3.0    63.3    154.5    89.0  
 1.0    7.0    12.0    -1.0    2.0    0.0    138.0    125.0    2.0    234.0    204.4    3.0    60.0    1.0    316.0    4.0    138.0    2.0    234.0    60.0    125.0    2.0    204.4    316.0    13.0  
 3.0    7.0    5.0    0.0    1.0    0.0    153.0    137.1    2.0    325.0    296.0    4.0    31.0    1.0    248.0    3.0    31.0    1.0    153.0    325.0    248.0    3.0    137.1    296.0    143.0  
 1.0    7.0    5.0    1.0    1.0    1.0    36.0    46.2    1.0    223.0    244.5    3.0    151.0    2.0    334.0    4.0    36.0    1.0    223.0    151.0    46.2    1.0    244.5    334.0    10.2  
 3.0    7.0    12.0    0.0    2.0    1.0    142.0    155.7    2.0    302.0    323.9    4.0    202.0    3.0    54.0    1.0    202.0    3.0    142.0    302.0    54.0    1.0    155.7    323.9    148.0  
 1.0    7.0    5.0    1.0    1.0    0.0    316.0    333.7    4.0    130.0    157.3    2.0    54.0    1.0    240.0    3.0    316.0    4.0    130.0    54.0    333.7    4.0    157.3    240.0    17.7  
 1.0    7.0    12.0    -1.0    2.0    1.0    249.0    229.2    3.0    153.0    126.6    2.0    57.0    1.0    310.0    4.0    249.0    3.0    153.0    57.0    229.2    3.0    126.6    310.0    19.8  
 1.0    7.0    5.0    1.0    1.0    0.0    323.0    337.6    4.0    44.0    67.1    1.0    148.0    2.0    231.0    3.0    323.0    4.0    44.0    148.0    337.6    4.0    67.1    231.0    14.6  
 3.0    7.0    5.0    0.0    1.0    1.0    128.0    139.7    2.0    32.0    58.8    1.0    228.0    3.0    339.0    4.0    228.0    3.0    128.0    32.0    339.0    4.0    139.7    58.8    111.0  
 3.0    7.0    12.0    0.0    2.0    1.0    43.0    32.2    1.0    247.0    222.5    3.0    317.0    4.0    128.0    2.0    317.0    4.0    43.0    247.0    128.0    2.0    32.2    222.5    171.0  
 3.0    7.0    5.0    0.0    1.0    0.0    235.0    221.5    3.0    46.0    25.5    1.0    150.0    2.0    309.0    4.0    150.0    2.0    235.0    46.0    309.0    4.0    221.5    25.5    159.0  
 3.0    7.0    5.0    0.0    1.0    1.0    38.0    21.2    1.0    159.0    129.3    2.0    323.0    4.0    200.0    3.0    323.0    4.0    38.0    159.0    200.0    3.0    21.2    129.3    123.0  
 1.0    7.0    12.0    -1.0    2.0    0.0    308.0    297.1    4.0    49.0    25.1    1.0    240.0    3.0    143.0    2.0    308.0    4.0    49.0    240.0    297.1    4.0    25.1    143.0    10.9  
 1.0    7.0    5.0    1.0    1.0    0.0    142.0    154.0    2.0    207.0    236.1    3.0    44.0    1.0    293.0    4.0    142.0    2.0    207.0    44.0    154.0    2.0    236.1    293.0    12.0  
 3.0    7.0    12.0    0.0    2.0    1.0    305.0    316.8    4.0    202.0    231.4    3.0    36.0    1.0    132.0    2.0    36.0    1.0    305.0    202.0    132.0    2.0    316.8    231.4    96.0  
 3.0    7.0    5.0    0.0    1.0    0.0    119.0    132.9    2.0    297.0    322.2    4.0    211.0    3.0    38.0    1.0    211.0    3.0    119.0    297.0    38.0    1.0    132.9    322.2    173.0  
 3.0    7.0    5.0    0.0    1.0    1.0    49.0    61.9    1.0    309.0    337.9    4.0    201.0    3.0    134.0    2.0    201.0    3.0    49.0    309.0    134.0    2.0    61.9    337.9    67.0  
 1.0    7.0    5.0    -1.0    1.0    1.0    150.0    133.9    2.0    68.0    43.7    1.0    312.0    4.0    230.0    3.0    150.0    2.0    68.0    312.0    133.9    2.0    43.7    230.0    16.1  
 1.0    7.0    12.0    -1.0    2.0    1.0    232.0    216.9    3.0    157.0    131.6    2.0    52.0    1.0    301.0    4.0    232.0    3.0    157.0    52.0    216.9    3.0    131.6    301.0    15.1  
 3.0    7.0    5.0    0.0    1.0    1.0    148.0    136.2    2.0    67.0    38.2    1.0    245.0    3.0    330.0    4.0    245.0    3.0    148.0    67.0    330.0    4.0    136.2    38.2    85.0  
 1.0    7.0    5.0    1.0    1.0    1.0    26.0    44.8    1.0    317.0    337.8    4.0    226.0    3.0    121.0    2.0    26.0    1.0    317.0    226.0    44.8    1.0    337.8    121.0    18.8  
 3.0    7.0    5.0    0.0    1.0    1.0    294.0    310.0    4.0    225.0    245.5    3.0    61.0    1.0    155.0    2.0    61.0    1.0    294.0    225.0    155.0    2.0    310.0    245.5    94.0  
 1.0    7.0    5.0    -1.0    1.0    1.0    228.0    215.6    3.0    145.0    121.9    2.0    28.0    1.0    293.0    4.0    228.0    3.0    145.0    28.0    215.6    3.0    121.9    293.0    12.4  
 1.0    7.0    5.0    1.0    1.0    1.0    219.0    229.3    3.0    38.0    66.4    1.0    290.0    4.0    159.0    2.0    219.0    3.0    38.0    290.0    229.3    3.0    66.4    159.0    10.3  
 3.0    7.0    12.0    0.0    2.0    0.0    320.0    300.1    4.0    229.0    207.6    3.0    149.0    2.0    26.0    1.0    149.0    2.0    320.0    229.0    26.0    1.0    300.1    207.6    123.0  
 1.0    7.0    5.0    -1.0    1.0    1.0    156.0    136.4    2.0    338.0    308.1    4.0    224.0    3.0    50.0    1.0    156.0    2.0    338.0    224.0    136.4    2.0    308.1    50.0    19.6  
 1.0    7.0    12.0    -1.0    2.0    1.0    242.0    223.8    3.0    332.0    305.7    4.0    63.0    1.0    142.0    2.0    242.0    3.0    332.0    63.0    223.8    3.0    305.7    142.0    18.2  
 1.0    7.0    5.0    1.0    1.0    0.0    136.0    149.3    2.0    222.0    245.8    3.0    321.0    4.0    26.0    1.0    136.0    2.0    222.0    321.0    149.3    2.0    245.8    26.0    13.3  
 1.0    7.0    5.0    -1.0    1.0    0.0    131.0    118.6    2.0    59.0    31.5    1.0    299.0    4.0    223.0    3.0    131.0    2.0    59.0    299.0    118.6    2.0    31.5    223.0    12.4  
 3.0    7.0    5.0    0.0    1.0    0.0    322.0    311.0    4.0    53.0    30.9    1.0    142.0    2.0    234.0    3.0    142.0    2.0    322.0    53.0    234.0    3.0    311.0    30.9    92.0  
 3.0    7.0    12.0    0.0    2.0    1.0    246.0    231.6    3.0    56.0    27.5    1.0    116.0    2.0    337.0    4.0    116.0    2.0    246.0    56.0    337.0    4.0    231.6    27.5    139.0  
 1.0    7.0    5.0    1.0    1.0    0.0    303.0    317.0    4.0    49.0    69.8    1.0    215.0    3.0    115.0    2.0    303.0    4.0    49.0    215.0    317.0    4.0    69.8    115.0    14.0  
 1.0    7.0    12.0    1.0    2.0    1.0    128.0    142.6    2.0    37.0    59.3    1.0    311.0    4.0    242.0    3.0    128.0    2.0    37.0    311.0    142.6    2.0    59.3    242.0    14.6  
 3.0    7.0    12.0    0.0    2.0    1.0    333.0    321.5    4.0    144.0    119.2    2.0    48.0    1.0    241.0    3.0    48.0    1.0    333.0    144.0    241.0    3.0    321.5    119.2    167.0  
 1.0    7.0    12.0    -1.0    2.0    0.0    304.0    290.7    4.0    152.0    130.7    2.0    53.0    1.0    244.0    3.0    304.0    4.0    152.0    53.0    290.7    4.0    130.7    244.0    13.3  
 3.0    7.0    5.0    0.0    1.0    0.0    116.0    130.1    2.0    311.0    339.6    4.0    227.0    3.0    24.0    1.0    227.0    3.0    116.0    311.0    24.0    1.0    130.1    339.6    157.0  
 1.0    7.0    5.0    1.0    1.0    0.0    30.0    49.3    1.0    221.0    249.8    3.0    335.0    4.0    148.0    2.0    30.0    1.0    221.0    335.0    49.3    1.0    249.8    148.0    19.3  
 1.0    7.0    5.0    1.0    1.0    1.0    49.0    60.5    1.0    112.0    133.0    2.0    238.0    3.0    307.0    4.0    49.0    1.0    112.0    238.0    60.5    1.0    133.0    307.0    11.5  
 3.0    7.0    12.0    0.0    2.0    0.0    44.0    59.4    1.0    122.0    143.8    2.0    300.0    4.0    237.0    3.0    300.0    4.0    44.0    122.0    237.0    3.0    59.4    143.8    63.0  
 3.0    7.0    12.0    0.0    2.0    1.0    311.0    292.0    4.0    157.0    128.1    2.0    233.0    3.0    23.0    1.0    233.0    3.0    311.0    157.0    23.0    1.0    292.0    128.1    150.0  
 1.0    7.0    5.0    -1.0    1.0    1.0    151.0    131.2    2.0    337.0    316.7    4.0    29.0    1.0    238.0    3.0    151.0    2.0    337.0    29.0    131.2    2.0    316.7    238.0    19.8  
 1.0    7.0    12.0    1.0    2.0    0.0    318.0    329.5    4.0    27.0    52.3    1.0    237.0    3.0    111.0    2.0    318.0    4.0    27.0    237.0    329.5    4.0    52.3    111.0    11.5  
 3.0    7.0    5.0    0.0    1.0    1.0    49.0    36.3    1.0    245.0    220.9    3.0    157.0    2.0    334.0    4.0    157.0    2.0    49.0    245.0    334.0    4.0    36.3    220.9    177.0  
 1.0    7.0    5.0    -1.0    1.0    1.0    45.0    33.4    1.0    322.0    297.4    4.0    211.0    3.0    120.0    2.0    45.0    1.0    322.0    211.0    33.4    1.0    297.4    120.0    11.6  
 1.0    7.0    12.0    -1.0    2.0    1.0    129.0    111.2    2.0    331.0    301.8    4.0    247.0    3.0    34.0    1.0    129.0    2.0    331.0    247.0    111.2    2.0    301.8    34.0    17.8  
 1.0    7.0    12.0    1.0    2.0    1.0    317.0    332.0    4.0    122.0    145.3    2.0    47.0    1.0    215.0    3.0    317.0    4.0    122.0    47.0    332.0    4.0    145.3    215.0    15.0  
 3.0    7.0    12.0    0.0    2.0    0.0    35.0    45.0    1.0    205.0    230.2    3.0    323.0    4.0    149.0    2.0    323.0    4.0    35.0    205.0    149.0    2.0    45.0    230.2    174.0  
 1.0    7.0    5.0    -1.0    1.0    0.0    58.0    45.1    1.0    339.0    318.4    4.0    148.0    2.0    215.0    3.0    58.0    1.0    339.0    148.0    45.1    1.0    318.4    215.0    12.9  
 3.0    7.0    5.0    0.0    1.0    0.0    116.0    133.1    2.0    310.0    335.1    4.0    227.0    3.0    36.0    1.0    227.0    3.0    116.0    310.0    36.0    1.0    133.1    335.1    169.0  
 1.0    7.0    12.0    -1.0    2.0    1.0    45.0    32.3    1.0    156.0    127.3    2.0    203.0    3.0    304.0    4.0    45.0    1.0    156.0    203.0    32.3    1.0    127.3    304.0    12.7  
 1.0    7.0    5.0    1.0    1.0    0.0    144.0    155.5    2.0    29.0    55.8    1.0    299.0    4.0    244.0    3.0    144.0    2.0    29.0    299.0    155.5    2.0    55.8    244.0    11.5  
 1.0    7.0    5.0    -1.0    1.0    0.0    49.0    31.5    1.0    335.0    313.3    4.0    138.0    2.0    210.0    3.0    49.0    1.0    335.0    138.0    31.5    1.0    313.3    210.0    17.5  
 1.0    7.0    5.0    1.0    1.0    1.0    117.0    135.2    2.0    304.0    325.5    4.0    201.0    3.0    57.0    1.0    117.0    2.0    304.0    201.0    135.2    2.0    325.5    57.0    18.2  
 3.0    7.0    5.0    0.0    1.0    1.0    46.0    64.4    1.0    217.0    237.1    3.0    117.0    2.0    290.0    4.0    117.0    2.0    46.0    217.0    290.0    4.0    64.4    237.1    173.0  
 1.0    7.0    5.0    -1.0    1.0    1.0    37.0    21.7    1.0    147.0    117.3    2.0    335.0    4.0    202.0    3.0    37.0    1.0    147.0    335.0    21.7    1.0    117.3    202.0    15.3  
 3.0    7.0    12.0    0.0    2.0    1.0    137.0    119.9    2.0    237.0    215.9    3.0    306.0    4.0    53.0    1.0    306.0    4.0    137.0    237.0    53.0    1.0    119.9    215.9    107.0  
 3.0    7.0    12.0    0.0    2.0    1.0    59.0    42.6    1.0    244.0    218.5    3.0    154.0    2.0    335.0    4.0    154.0    2.0    59.0    244.0    335.0    4.0    42.6    218.5    179.0  
 1.0    7.0    5.0    -1.0    1.0    0.0    149.0    130.4    2.0    46.0    25.2    1.0    227.0    3.0    300.0    4.0    149.0    2.0    46.0    227.0    130.4    2.0    25.2    300.0    18.6  
 3.0    7.0    5.0    0.0    1.0    1.0    54.0    35.5    1.0    329.0    300.5    4.0    138.0    2.0    240.0    3.0    138.0    2.0    54.0    329.0    240.0    3.0    35.5    300.5    102.0  
 3.0    7.0    12.0    0.0    2.0    1.0    24.0    39.0    1.0    214.0    241.6    3.0    291.0    4.0    119.0    2.0    291.0    4.0    24.0    214.0    119.0    2.0    39.0    241.6    172.0  
 3.0    7.0    5.0    0.0    1.0    0.0    232.0    247.0    3.0    39.0    66.0    1.0    120.0    2.0    291.0    4.0    120.0    2.0    232.0    39.0    291.0    4.0    247.0    66.0    171.0  
 1.0    7.0    5.0    -1.0    1.0    1.0    136.0    118.6    2.0    327.0    304.0    4.0    30.0    1.0    234.0    3.0    136.0    2.0    327.0    30.0    118.6    2.0    304.0    234.0    17.4  
 1.0    7.0    12.0    -1.0    2.0    1.0    62.0    47.8    1.0    140.0    115.5    2.0    308.0    4.0    204.0    3.0    62.0    1.0    140.0    308.0    47.8    1.0    115.5    204.0    14.2  
 1.0    7.0    12.0    1.0    2.0    0.0    114.0    124.8    2.0    293.0    317.0    4.0    39.0    1.0    241.0    3.0    114.0    2.0    293.0    39.0    124.8    2.0    317.0    241.0    10.8  
 3.0    7.0    12.0    0.0    2.0    1.0    33.0    49.5    1.0    113.0    138.7    2.0    331.0    4.0    240.0    3.0    331.0    4.0    33.0    113.0    240.0    3.0    49.5    138.7    91.0  
 3.0    7.0    5.0    0.0    1.0    1.0    337.0    319.0    4.0    239.0    214.2    3.0    56.0    1.0    126.0    2.0    56.0    1.0    337.0    239.0    126.0    2.0    319.0    214.2    70.0  
 3.0    7.0    5.0    0.0    1.0    1.0    203.0    214.9    3.0    24.0    49.9    1.0    155.0    2.0    318.0    4.0    155.0    2.0    203.0    24.0    318.0    4.0    214.9    49.9    163.0  
 3.0    7.0    12.0    0.0    2.0    0.0    228.0    247.1    3.0    293.0    313.2    4.0    46.0    1.0    127.0    2.0    46.0    1.0    228.0    293.0    127.0    2.0    247.1    313.2    81.0  
 3.0    7.0    5.0    0.0    1.0    0.0    40.0    29.9    1.0    149.0    120.6    2.0    310.0    4.0    243.0    3.0    310.0    4.0    40.0    149.0    243.0    3.0    29.9    120.6    67.0  
 1.0    7.0    5.0    1.0    1.0    1.0    128.0    145.8    2.0    295.0    316.5    4.0    246.0    3.0    40.0    1.0    128.0    2.0    295.0    246.0    145.8    2.0    316.5    40.0    17.8  
 1.0    7.0    12.0    1.0    2.0    0.0    295.0    310.9    4.0    213.0    238.4    3.0    56.0    1.0    150.0    2.0    295.0    4.0    213.0    56.0    310.9    4.0    238.4    150.0    15.9  
 3.0    7.0    5.0    0.0    1.0    1.0    308.0    321.4    4.0    22.0    48.3    1.0    202.0    3.0    120.0    2.0    202.0    3.0    308.0    22.0    120.0    2.0    321.4    48.3    82.0  
 3.0    7.0    12.0    0.0    2.0    0.0    41.0    52.3    1.0    119.0    143.7    2.0    324.0    4.0    236.0    3.0    324.0    4.0    41.0    119.0    236.0    3.0    52.3    143.7    88.0  
 1.0    7.0    5.0    -1.0    1.0    0.0    125.0    113.9    2.0    231.0    207.3    3.0    325.0    4.0    53.0    1.0    125.0    2.0    231.0    325.0    113.9    2.0    207.3    53.0    11.1  
 1.0    7.0    12.0    1.0    2.0    0.0    29.0    43.4    1.0    113.0    139.5    2.0    298.0    4.0    233.0    3.0    29.0    1.0    113.0    298.0    43.4    1.0    139.5    233.0    14.4  
 3.0    7.0    12.0    0.0    2.0    0.0    208.0    225.5    3.0    126.0    154.2    2.0    37.0    1.0    310.0    4.0    37.0    1.0    208.0    126.0    310.0    4.0    225.5    154.2    87.0  
 3.0    7.0    5.0    0.0    1.0    1.0    322.0    302.9    4.0    56.0    29.7    1.0    111.0    2.0    241.0    3.0    111.0    2.0    322.0    56.0    241.0    3.0    302.9    29.7    130.0  
 1.0    7.0    5.0    1.0    1.0    1.0    52.0    67.2    1.0    130.0    157.1    2.0    298.0    4.0    210.0    3.0    52.0    1.0    130.0    298.0    67.2    1.0    157.1    210.0    15.2  
 1.0    7.0    5.0    -1.0    1.0    0.0    44.0    29.8    1.0    155.0    125.5    2.0    249.0    3.0    322.0    4.0    44.0    1.0    155.0    249.0    29.8    1.0    125.5    322.0    14.2  
 1.0    7.0    12.0    1.0    2.0    0.0    117.0    127.2    2.0    291.0    318.5    4.0    63.0    1.0    241.0    3.0    117.0    2.0    291.0    63.0    127.2    2.0    318.5    241.0    10.2  
 3.0    7.0    12.0    0.0    2.0    1.0    48.0    66.8    1.0    130.0    155.0    2.0    339.0    4.0    203.0    3.0    339.0    4.0    48.0    130.0    203.0    3.0    66.8    155.0    136.0  
 3.0    7.0    12.0    0.0    2.0    0.0    119.0    131.1    2.0    20.0    47.8    1.0    300.0    4.0    226.0    3.0    300.0    4.0    119.0    20.0    226.0    3.0    131.1    47.8    74.0  
 3.0    7.0    12.0    0.0    2.0    0.0    135.0    123.5    2.0    55.0    31.9    1.0    329.0    4.0    214.0    3.0    329.0    4.0    135.0    55.0    214.0    3.0    123.5    31.9    115.0  
 1.0    7.0    12.0    1.0    2.0    1.0    137.0    153.8    2.0    305.0    333.4    4.0    237.0    3.0    69.0    1.0    137.0    2.0    305.0    237.0    153.8    2.0    333.4    69.0    16.8  
 3.0    7.0    5.0    0.0    1.0    1.0    319.0    332.9    4.0    210.0    237.4    3.0    152.0    2.0    37.0    1.0    152.0    2.0    319.0    210.0    37.0    1.0    332.9    237.4    115.0  
 3.0    7.0    12.0    0.0    2.0    0.0    54.0    40.1    1.0    231.0    208.7    3.0    313.0    4.0    126.0    2.0    313.0    4.0    54.0    231.0    126.0    2.0    40.1    208.7    173.0  
 1.0    7.0    12.0    1.0    2.0    1.0    213.0    225.6    3.0    29.0    49.0    1.0    157.0    2.0    316.0    4.0    213.0    3.0    29.0    157.0    225.6    3.0    49.0    316.0    12.6  
 1.0    7.0    5.0    -1.0    1.0    0.0    325.0    308.5    4.0    150.0    123.6    2.0    206.0    3.0    21.0    1.0    325.0    4.0    150.0    206.0    308.5    4.0    123.6    21.0    16.5  
 3.0    7.0    12.0    0.0    2.0    0.0    221.0    205.8    3.0    50.0    22.4    1.0    129.0    2.0    305.0    4.0    129.0    2.0    221.0    50.0    305.0    4.0    205.8    22.4    176.0  
 3.0    7.0    5.0    0.0    1.0    0.0    229.0    213.0    3.0    55.0    28.9    1.0    330.0    4.0    144.0    2.0    330.0    4.0    229.0    55.0    144.0    2.0    213.0    28.9    174.0  
 3.0    7.0    5.0    0.0    1.0    0.0    117.0    136.4    2.0    298.0    319.9    4.0    62.0    1.0    220.0    3.0    62.0    1.0    117.0    298.0    220.0    3.0    136.4    319.9    158.0  
 3.0    7.0    5.0    0.0    1.0    0.0    145.0    159.3    2.0    36.0    63.7    1.0    238.0    3.0    297.0    4.0    238.0    3.0    145.0    36.0    297.0    4.0    159.3    63.7    59.0  
 1.0    7.0    12.0    1.0    2.0    1.0    131.0    148.5    2.0    210.0    231.2    3.0    301.0    4.0    21.0    1.0    131.0    2.0    210.0    301.0    148.5    2.0    231.2    21.0    17.5  
 1.0    7.0    12.0    -1.0    2.0    1.0    237.0    225.5    3.0    56.0    34.3    1.0    154.0    2.0    312.0    4.0    237.0    3.0    56.0    154.0    225.5    3.0    34.3    312.0    11.5  
 3.0    7.0    5.0    0.0    1.0    0.0    310.0    296.6    4.0    41.0    20.8    1.0    154.0    2.0    232.0    3.0    154.0    2.0    310.0    41.0    232.0    3.0    296.6    20.8    78.0  
 1.0    7.0    5.0    1.0    1.0    0.0    217.0    229.3    3.0    127.0    151.0    2.0    291.0    4.0    40.0    1.0    217.0    3.0    127.0    291.0    229.3    3.0    151.0    40.0    12.3  
 1.0    7.0    12.0    -1.0    2.0    0.0    54.0    35.4    1.0    139.0    118.2    2.0    295.0    4.0    213.0    3.0    54.0    1.0    139.0    295.0    35.4    1.0    118.2    213.0    18.6  
 3.0    7.0    12.0    0.0    2.0    0.0    56.0    36.8    1.0    338.0    310.0    4.0    232.0    3.0    151.0    2.0    232.0    3.0    56.0    338.0    151.0    2.0    36.8    310.0    81.0  
 1.0    7.0    12.0    1.0    2.0    1.0    296.0    312.3    4.0    218.0    243.6    3.0    147.0    2.0    68.0    1.0    296.0    4.0    218.0    147.0    312.3    4.0    243.6    68.0    16.3  
 1.0    7.0    5.0    -1.0    1.0    1.0    142.0    129.7    2.0    51.0    30.0    1.0    211.0    3.0    315.0    4.0    142.0    2.0    51.0    211.0    129.7    2.0    30.0    315.0    12.3  
 1.0    7.0    5.0    1.0    1.0    1.0    47.0    59.3    1.0    206.0    228.9    3.0    140.0    2.0    298.0    4.0    47.0    1.0    206.0    140.0    59.3    1.0    228.9    298.0    12.3  
 1.0    7.0    12.0    -1.0    2.0    0.0    325.0    306.7    4.0    239.0    217.2    3.0    56.0    1.0    159.0    2.0    325.0    4.0    239.0    56.0    306.7    4.0    217.2    159.0    18.3  
 3.0    7.0    12.0    0.0    2.0    0.0    324.0    335.9    4.0    118.0    147.0    2.0    233.0    3.0    63.0    1.0    233.0    3.0    324.0    118.0    63.0    1.0    335.9    147.0    170.0  
 1.0    7.0    12.0    1.0    2.0    1.0    222.0    237.9    3.0    113.0    133.2    2.0    326.0    4.0    35.0    1.0    222.0    3.0    113.0    326.0    237.9    3.0    133.2    35.0    15.9  
 1.0    7.0    5.0    -1.0    1.0    1.0    316.0    303.3    4.0    158.0    130.3    2.0    44.0    1.0    241.0    3.0    316.0    4.0    158.0    44.0    303.3    4.0    130.3    241.0    12.7  
 1.0    7.0    5.0    -1.0    1.0    0.0    153.0    134.4    2.0    237.0    207.2    3.0    44.0    1.0    303.0    4.0    153.0    2.0    237.0    44.0    134.4    2.0    207.2    303.0    18.6  
 3.0    7.0    12.0    0.0    2.0    0.0    142.0    157.5    2.0    312.0    338.0    4.0    233.0    3.0    56.0    1.0    233.0    3.0    142.0    312.0    56.0    1.0    157.5    338.0    177.0  
 3.0    7.0    5.0    0.0    1.0    0.0    42.0    52.5    1.0    131.0    154.4    2.0    334.0    4.0    237.0    3.0    334.0    4.0    42.0    131.0    237.0    3.0    52.5    154.4    97.0  
 1.0    7.0    5.0    -1.0    1.0    0.0    49.0    35.7    1.0    319.0    297.8    4.0    244.0    3.0    132.0    2.0    49.0    1.0    319.0    244.0    35.7    1.0    297.8    132.0    13.3  
 3.0    7.0    5.0    0.0    1.0    1.0    158.0    141.7    2.0    44.0    21.6    1.0    323.0    4.0    212.0    3.0    323.0    4.0    158.0    44.0    212.0    3.0    141.7    21.6    111.0  
 3.0    7.0    12.0    0.0    2.0    0.0    121.0    132.1    2.0    296.0    319.2    4.0    60.0    1.0    215.0    3.0    60.0    1.0    121.0    296.0    215.0    3.0    132.1    319.2    155.0  
 3.0    7.0    5.0    0.0    1.0    0.0    324.0    308.6    4.0    222.0    201.4    3.0    34.0    1.0    129.0    2.0    34.0    1.0    324.0    222.0    129.0    2.0    308.6    201.4    95.0  
 3.0    7.0    12.0    0.0    2.0    0.0    221.0    239.4    3.0    38.0    63.1    1.0    298.0    4.0    137.0    2.0    298.0    4.0    221.0    38.0    137.0    2.0    239.4    63.1    161.0  
 3.0    7.0    5.0    0.0    1.0    0.0    218.0    233.3    3.0    138.0    158.5    2.0    298.0    4.0    30.0    1.0    298.0    4.0    218.0    138.0    30.0    1.0    233.3    158.5    92.0  
 3.0    7.0    5.0    0.0    1.0    0.0    221.0    240.2    3.0    121.0    147.1    2.0    64.0    1.0    332.0    4.0    64.0    1.0    221.0    121.0    332.0    4.0    240.2    147.1    92.0  
 3.0    7.0    5.0    0.0    1.0    1.0    33.0    44.5    1.0    226.0    248.2    3.0    121.0    2.0    316.0    4.0    121.0    2.0    33.0    226.0    316.0    4.0    44.5    248.2    165.0  
 3.0    7.0    12.0    0.0    2.0    1.0    237.0    247.3    3.0    23.0    43.9    1.0    119.0    2.0    296.0    4.0    119.0    2.0    237.0    23.0    296.0    4.0    247.3    43.9    177.0  
 1.0    7.0    12.0    1.0    2.0    1.0    136.0    152.5    2.0    21.0    45.9    1.0    314.0    4.0    247.0    3.0    136.0    2.0    21.0    314.0    152.5    2.0    45.9    247.0    16.5  
 1.0    7.0    12.0    -1.0    2.0    1.0    131.0    115.5    2.0    329.0    302.2    4.0    38.0    1.0    212.0    3.0    131.0    2.0    329.0    38.0    115.5    2.0    302.2    212.0    15.5  
 1.0    7.0    12.0    -1.0    2.0    0.0    224.0    211.0    3.0    334.0    307.9    4.0    118.0    2.0    43.0    1.0    224.0    3.0    334.0    118.0    211.0    3.0    307.9    43.0    13.0  
 1.0    7.0    5.0    -1.0    1.0    1.0    47.0    28.2    1.0    338.0    309.6    4.0    111.0    2.0    204.0    3.0    47.0    1.0    338.0    111.0    28.2    1.0    309.6    204.0    18.8  
 3.0    7.0    12.0    0.0    2.0    1.0    126.0    110.2    2.0    50.0    28.1    1.0    319.0    4.0    236.0    3.0    319.0    4.0    126.0    50.0    236.0    3.0    110.2    28.1    83.0  
 1.0    7.0    12.0    -1.0    2.0    1.0    132.0    116.5    2.0    62.0    41.0    1.0    217.0    3.0    320.0    4.0    132.0    2.0    62.0    217.0    116.5    2.0    41.0    320.0    15.5  
 1.0    7.0    12.0    1.0    2.0    0.0    112.0    130.4    2.0    293.0    321.3    4.0    240.0    3.0    22.0    1.0    112.0    2.0    293.0    240.0    130.4    2.0    321.3    22.0    18.4  
 1.0    7.0    12.0    1.0    2.0    0.0    317.0    331.8    4.0    123.0    144.8    2.0    236.0    3.0    41.0    1.0    317.0    4.0    123.0    236.0    331.8    4.0    144.8    41.0    14.8  
 3.0    7.0    5.0    0.0    1.0    0.0    220.0    208.5    3.0    151.0    124.6    2.0    308.0    4.0    63.0    1.0    308.0    4.0    220.0    151.0    63.0    1.0    208.5    124.6    115.0  
 1.0    7.0    5.0    -1.0    1.0    1.0    324.0    308.8    4.0    49.0    23.5    1.0    133.0    2.0    206.0    3.0    324.0    4.0    49.0    133.0    308.8    4.0    23.5    206.0    15.2  
 1.0    7.0    5.0    1.0    1.0    1.0    44.0    62.5    1.0    129.0    156.9    2.0    200.0    3.0    326.0    4.0    44.0    1.0    129.0    200.0    62.5    1.0    156.9    326.0    18.5  
 1.0    7.0    12.0    -1.0    2.0    1.0    335.0    322.7    4.0    152.0    124.2    2.0    64.0    1.0    236.0    3.0    335.0    4.0    152.0    64.0    322.7    4.0    124.2    236.0    12.3  
 3.0    7.0    5.0    0.0    1.0    1.0    233.0    246.4    3.0    309.0    335.2    4.0    126.0    2.0    21.0    1.0    126.0    2.0    233.0    309.0    21.0    1.0    246.4    335.2    105.0  
 1.0    7.0    12.0    1.0    2.0    0.0    204.0    223.5    3.0    116.0    142.8    2.0    310.0    4.0    21.0    1.0    204.0    3.0    116.0    310.0    223.5    3.0    142.8    21.0    19.5  
 3.0    7.0    5.0    0.0    1.0    0.0    311.0    298.7    4.0    59.0    37.0    1.0    115.0    2.0    221.0    3.0    115.0    2.0    311.0    59.0    221.0    3.0    298.7    37.0    106.0  
 1.0    7.0    5.0    -1.0    1.0    0.0    134.0    114.9    2.0    54.0    28.5    1.0    214.0    3.0    310.0    4.0    134.0    2.0    54.0    214.0    114.9    2.0    28.5    310.0    19.1  
 3.0    7.0    5.0    0.0    1.0    0.0    229.0    213.7    3.0    156.0    134.0    2.0    68.0    1.0    295.0    4.0    68.0    1.0    229.0    156.0    295.0    4.0    213.7    134.0    133.0  
 3.0    7.0    12.0    0.0    2.0    1.0    205.0    222.4    3.0    27.0    55.0    1.0    113.0    2.0    290.0    4.0    113.0    2.0    205.0    27.0    290.0    4.0    222.4    55.0    177.0  
 1.0    7.0    12.0    1.0    2.0    1.0    116.0    126.0    2.0    295.0    321.9    4.0    38.0    1.0    220.0    3.0    116.0    2.0    295.0    38.0    126.0    2.0    321.9    220.0    10.0  
 1.0    7.0    12.0    -1.0    2.0    1.0    46.0    34.5    1.0    326.0    302.5    4.0    158.0    2.0    233.0    3.0    46.0    1.0    326.0    158.0    34.5    1.0    302.5    233.0    11.5  
 1.0    7.0    5.0    1.0    1.0    0.0    303.0    322.4    4.0    32.0    58.4    1.0    159.0    2.0    203.0    3.0    303.0    4.0    32.0    159.0    322.4    4.0    58.4    203.0    19.4  
 3.0    7.0    12.0    0.0    2.0    0.0    40.0    29.3    1.0    247.0    222.5    3.0    310.0    4.0    140.0    2.0    310.0    4.0    40.0    247.0    140.0    2.0    29.3    222.5    170.0  
 1.0    7.0    5.0    1.0    1.0    0.0    205.0    223.5    3.0    30.0    57.0    1.0    141.0    2.0    329.0    4.0    205.0    3.0    30.0    141.0    223.5    3.0    57.0    329.0    18.5  
 1.0    7.0    5.0    1.0    1.0    0.0    214.0    228.5    3.0    306.0    333.9    4.0    67.0    1.0    122.0    2.0    214.0    3.0    306.0    67.0    228.5    3.0    333.9    122.0    14.5  
 3.0    7.0    12.0    0.0    2.0    1.0    320.0    339.5    4.0    219.0    242.1    3.0    28.0    1.0    144.0    2.0    28.0    1.0    320.0    219.0    144.0    2.0    339.5    242.1    116.0  
 3.0    7.0    12.0    0.0    2.0    1.0    320.0    303.4    4.0    50.0    24.4    1.0    217.0    3.0    155.0    2.0    217.0    3.0    320.0    50.0    155.0    2.0    303.4    24.4    62.0  
 1.0    7.0    12.0    -1.0    2.0    0.0    339.0    325.8    4.0    46.0    24.5    1.0    152.0    2.0    223.0    3.0    339.0    4.0    46.0    152.0    325.8    4.0    24.5    223.0    13.2  
