 type    delay1    delay2    T    NT1    NT2    Dist    Dist_NT1    Dist_NT2    distance_T_dist    cue    order    orient    horiz_vertical    A_R    A_err    Abs_angle_error    Error_interference    A_DC    A_DC_dist    Q_DC    A_DF    A_DF_dist    Q_DF    A_DVF    Q_DVF    A_DVF_dist    Q_DVF_dist    presentation_att_cue_time    presentation_target_time    presentation_dist_time    presentation_probe_time    R_T    trial_time    disp_time  
 1.0    0.2    11.8    142.0    241.0    321.0    126.0    214.7    64.0    16.0    2.0    1.0    -1.0    1.0    130.0    12.0    12.0    12.0    142.0    126.0    2.0    241.0    214.7    3.0    321.0    4.0    64.0    1.0    43.424    44.464    45.02    57.174    5.024    62.198    14.251  
 3.0    7.0    12.0    204.0    51.0    114.0    311.0    65.1    134.2    107.0    3.0    2.0    0.0    1.0    179.0    25.0    25.0    -25.0    51.0    65.1    1.0    114.0    134.2    2.0    204.0    3.0    311.0    4.0    62.836    71.204    63.848    83.559    5.024    88.584    21.223  
 3.0    7.0    5.0    63.0    200.0    139.0    305.0    216.7    159.5    118.0    1.0    1.0    0.0    1.0    49.0    14.0    14.0    14.0    200.0    216.7    3.0    139.0    159.5    2.0    63.0    1.0    305.0    4.0    89.222    90.234    97.589    102.943    5.022    107.965    14.22  
 3.0    7.0    12.0    296.0    223.0    156.0    53.0    204.2    126.5    117.0    4.0    2.0    0.0    1.0    308.0    -12.0    12.0    12.0    223.0    204.2    3.0    156.0    126.5    2.0    296.0    4.0    53.0    1.0    108.602    116.971    109.615    129.325    5.026    134.35    21.221  
 3.0    0.2    11.8    312.0    42.0    232.0    113.0    29.4    206.6    161.0    4.0    1.0    0.0    0.0    323.0    -11.0    11.0    11.0    42.0    29.4    1.0    232.0    206.6    3.0    312.0    4.0    113.0    2.0    134.988    135.999    136.555    148.71    5.021    153.731    14.221  
 1.0    7.0    12.0    322.0    137.0    203.0    303.4    111.7    27.0    18.6    4.0    2.0    -1.0    1.0    302.0    20.0    20.0    20.0    322.0    303.4    4.0    137.0    111.7    2.0    203.0    3.0    27.0    1.0    154.369    162.736    155.38    175.09    5.027    180.117    21.22  
 3.0    0.2    12.0    152.0    216.0    43.0    303.0    230.6    66.2    151.0    2.0    2.0    0.0    1.0    136.0    16.0    16.0    -16.0    216.0    230.6    3.0    43.0    66.2    1.0    152.0    2.0    303.0    4.0    180.755    182.323    181.767    194.676    5.021    199.698    14.42  
 3.0    0.2    11.8    131.0    242.0    339.0    43.0    230.4    311.9    88.0    2.0    1.0    0.0    0.0    126.0    5.0    5.0    5.0    242.0    230.4    3.0    339.0    311.9    4.0    131.0    2.0    43.0    1.0    200.336    201.348    201.903    214.058    5.021    219.078    14.221  
 3.0    0.2    11.8    313.0    39.0    243.0    153.0    22.4    215.4    160.0    4.0    1.0    0.0    0.0    318.0    -5.0    5.0    -5.0    39.0    22.4    1.0    243.0    215.4    3.0    313.0    4.0    153.0    2.0    219.716    220.728    221.283    233.437    5.022    238.459    14.22  
 1.0    0.2    11.8    137.0    227.0    302.0    118.5    200.5    69.0    18.5    2.0    1.0    -1.0    1.0    121.0    16.0    16.0    16.0    137.0    118.5    2.0    227.0    200.5    3.0    302.0    4.0    69.0    1.0    239.097    240.109    240.664    252.818    5.022    257.84    14.22  
 3.0    7.0    5.0    68.0    114.0    208.0    334.0    129.7    231.1    94.0    1.0    1.0    0.0    1.0    71.0    -3.0    3.0    -3.0    114.0    129.7    2.0    208.0    231.1    3.0    68.0    1.0    334.0    4.0    258.478    259.49    266.845    272.199    5.022    277.22    14.22  
 1.0    0.2    12.0    231.0    21.0    334.0    241.6    42.0    151.0    10.6    3.0    2.0    1.0    0.0    211.0    20.0    20.0    -20.0    231.0    241.6    3.0    21.0    42.0    1.0    334.0    4.0    151.0    2.0    277.858    279.425    278.87    291.779    5.023    296.801    14.419  
 1.0    7.0    5.0    315.0    212.0    61.0    332.6    236.2    120.0    17.6    4.0    1.0    1.0    0.0    311.0    4.0    4.0    -4.0    315.0    332.6    4.0    212.0    236.2    3.0    61.0    1.0    120.0    2.0    297.44    298.451    305.807    311.16    5.022    316.182    14.22  
 1.0    0.2    11.8    318.0    26.0    206.0    329.8    50.4    147.0    11.8    4.0    1.0    1.0    1.0    329.0    -11.0    11.0    11.0    318.0    329.8    4.0    26.0    50.4    1.0    206.0    3.0    147.0    2.0    316.819    317.831    318.386    330.54    5.023    335.563    14.219  
 3.0    0.2    11.8    309.0    49.0    248.0    134.0    34.0    220.4    175.0    4.0    1.0    0.0    1.0    304.0    5.0    5.0    5.0    49.0    34.0    1.0    248.0    220.4    3.0    309.0    4.0    134.0    2.0    336.2    337.212    337.767    349.921    5.022    354.943    14.22  
 3.0    7.0    12.0    305.0    47.0    233.0    111.0    31.6    212.1    166.0    4.0    2.0    0.0    0.0    312.0    -7.0    7.0    7.0    47.0    31.6    1.0    233.0    212.1    3.0    305.0    4.0    111.0    2.0    355.581    363.949    356.593    376.302    5.028    381.329    21.219  
 3.0    0.2    12.0    20.0    318.0    114.0    240.0    329.9    139.3    140.0    1.0    2.0    0.0    1.0    50.0    -30.0    30.0    -30.0    318.0    329.9    4.0    114.0    139.3    2.0    20.0    1.0    240.0    3.0    381.967    383.535    382.979    395.889    5.021    400.91    14.421  
 1.0    7.0    12.0    332.0    249.0    116.0    314.1    228.1    61.0    17.9    4.0    2.0    -1.0    1.0    325.0    7.0    7.0    7.0    332.0    314.1    4.0    249.0    228.1    3.0    116.0    2.0    61.0    1.0    401.547    409.917    402.56    422.27    5.025    427.296    21.222  
 3.0    0.2    11.8    301.0    52.0    233.0    110.0    35.8    203.5    169.0    4.0    1.0    0.0    0.0    296.0    5.0    5.0    -5.0    52.0    35.8    1.0    233.0    203.5    3.0    301.0    4.0    110.0    2.0    427.933    428.947    429.502    441.655    5.021    446.676    14.22  
 3.0    0.2    11.8    45.0    323.0    200.0    111.0    335.0    225.9    66.0    1.0    1.0    0.0    1.0    49.0    -4.0    4.0    4.0    323.0    335.0    4.0    200.0    225.9    3.0    45.0    1.0    111.0    2.0    447.314    448.325    448.882    461.036    5.021    466.057    14.221  
 1.0    0.2    12.0    49.0    334.0    233.0    37.9    309.7    121.0    11.1    1.0    2.0    -1.0    1.0    51.0    -2.0    2.0    -2.0    49.0    37.9    1.0    334.0    309.7    4.0    233.0    3.0    121.0    2.0    466.694    468.261    467.706    480.615    5.023    485.638    14.419  
 3.0    7.0    5.0    132.0    39.0    328.0    212.0    20.9    306.9    80.0    2.0    1.0    0.0    0.0    135.0    -3.0    3.0    3.0    39.0    20.9    1.0    328.0    306.9    4.0    132.0    2.0    212.0    3.0    486.276    487.288    494.643    499.996    5.022    505.019    14.22  
 1.0    7.0    12.0    290.0    133.0    219.0    303.1    159.0    29.0    13.1    4.0    2.0    1.0    0.0    288.0    2.0    2.0    -2.0    290.0    303.1    4.0    133.0    159.0    2.0    219.0    3.0    29.0    1.0    505.656    514.022    506.667    526.376    5.028    531.404    21.218  
 3.0    7.0    5.0    118.0    334.0    243.0    55.0    320.3    216.0    63.0    2.0    1.0    0.0    1.0    123.0    -5.0    5.0    -5.0    334.0    320.3    4.0    243.0    216.0    3.0    118.0    2.0    55.0    1.0    532.042    533.053    540.408    545.763    5.022    550.785    14.22  
 1.0    0.2    11.8    123.0    204.0    41.0    137.2    227.1    300.0    14.2    2.0    1.0    1.0    1.0    123.0    0.0    0.0    0.0    123.0    137.2    2.0    204.0    227.1    3.0    41.0    1.0    300.0    4.0    551.422    552.433    552.988    565.142    5.023    570.166    14.218  
 1.0    0.2    11.8    320.0    120.0    51.0    334.1    146.0    248.0    14.1    4.0    1.0    1.0    1.0    334.0    -14.0    14.0    14.0    320.0    334.1    4.0    120.0    146.0    2.0    51.0    1.0    248.0    3.0    570.802    571.815    572.371    584.525    5.022    589.546    14.22  
 3.0    0.2    12.0    131.0    228.0    322.0    33.0    211.4    294.1    98.0    2.0    2.0    0.0    0.0    143.0    -12.0    12.0    -12.0    228.0    211.4    3.0    322.0    294.1    4.0    131.0    2.0    33.0    1.0    590.184    591.751    591.196    604.105    5.022    609.127    14.42  
 42.803    42.803    42.803    42.803    42.803    42.803    42.803    42.803    42.803    42.803    42.803    42.803    42.803    42.803    42.803    42.803    42.803    42.803    42.803    42.803    42.803    42.803    42.803    42.803    42.803    42.803    42.803    42.803    42.803    42.803    42.803    42.803    42.803    42.803    42.803  
